1	CHAD	Nov 17, 2017	31.2	Aug 21, 2017	34.77	-10.267471	31.26	-0.19194031
2	PHK	Nov 17, 2017	7.57	Aug 21, 2017	8.14	-7.0024643	7.66	-1.1749344
3	RYURX	Nov 17, 2017	63.92	Aug 21, 2017	68.02	-6.0276413	63.87	0.07828522
4	SEQUX	Nov 17, 2017	164.16	Aug 21, 2017	174.28	-5.8067474	186.9	-12.166931
5	FSTCX	Nov 17, 2017	64.42	Aug 21, 2017	67.96	-5.208946	63.51	1.4328461
6	JHMS	Nov 17, 2017	25.38	Aug 21, 2017	26.3	-3.4981003	25.38	0.0
7	FSAGX	Nov 17, 2017	20.22	Aug 21, 2017	20.83	-2.9284744	20.01	1.049469
8	PTM	Nov 17, 2017	9.97	Aug 21, 2017	10.25	-2.7317047	9.77	2.0470886
9	FBMPX	Nov 17, 2017	80.27	Aug 21, 2017	82.39	-2.5731354	80.28	-0.012458801
10	JQC	Nov 17, 2017	8.11	Aug 21, 2017	8.31	-2.406746	8.15	-0.49079895
11	FDFAX	Nov 17, 2017	94.8	Aug 21, 2017	97.13	-2.3988419	93.95	0.9047394
12	MERKX	Nov 17, 2017	9.88	Aug 21, 2017	10.11	-2.274971	9.85	0.30456543
13	USAGX	Nov 17, 2017	12.78	Aug 21, 2017	13.04	-1.993866	12.59	1.5091324
14	EMLC	Nov 17, 2017	18.61	Aug 21, 2017	18.87	-1.3778534	18.45	0.8672104
15	FSOFX	Sep 06, 2017	14.15	Jun 07, 2017	14.3	-1.0489502	14.15	0.0
16	PFBDX	Nov 17, 2017	9.97	Aug 21, 2017	10.07	-0.993042	9.92	0.5040283
17	FIBAX	Nov 17, 2017	10.72	Aug 21, 2017	10.82	-0.9242096	10.7	0.18692017
18	PRTIX	Nov 17, 2017	5.73	Aug 21, 2017	5.78	-0.86505127	5.73	0.0
19	VFITX	Nov 17, 2017	11.13	Aug 21, 2017	11.22	-0.8021393	11.12	0.0899353
20	IEI	Nov 17, 2017	122.88	Aug 21, 2017	123.85	-0.7832031	122.83	0.04069519
21	PRFSX	Nov 17, 2017	5.58	Aug 21, 2017	5.62	-0.7117462	5.59	-0.17889404
22	AMLP	Nov 17, 2017	10.27	Aug 21, 2017	10.34	-0.67697906	10.56	-2.7462158
23	BULIX	Nov 17, 2017	18.32	Aug 21, 2017	18.44	-0.65076447	18.15	0.9366379
24	NAD	Nov 17, 2017	14.01	Aug 21, 2017	14.1	-0.63829803	13.96	0.35816193
25	XMPT	Nov 17, 2017	26.86	Aug 21, 2017	27.03	-0.62892914	26.65	0.7879944
26	BCLTX	Oct 20, 2017	11.5	Jul 24, 2017	11.57	-0.605011	11.69	-1.6253204
27	BMBSX	Nov 17, 2017	11.87	Aug 21, 2017	11.94	-0.58625793	11.89	-0.16821289
28	FSBAX	Nov 17, 2017	10.35	Aug 21, 2017	10.41	-0.5763626	10.36	-0.09651947
29	FSTGX	Nov 17, 2017	10.45	Aug 21, 2017	10.51	-0.5708847	10.45	0.0
30	BTTTX	Nov 17, 2017	103.95	Aug 21, 2017	104.53	-0.554863	104.06	-0.10570526
31	FFXSX	Nov 17, 2017	9.9	Aug 21, 2017	9.95	-0.5025177	9.91	-0.100914
32	FCSTX	Nov 17, 2017	10.61	Aug 21, 2017	10.66	-0.46904755	10.63	-0.18815613
33	VMLTX	Nov 17, 2017	10.94	Aug 21, 2017	10.99	-0.45496368	10.95	-0.09132385
34	VBIIX	Nov 17, 2017	11.4	Aug 21, 2017	11.45	-0.43668365	11.38	0.17573547
35	FKVFX	Sep 13, 2017	13.85	Jun 14, 2017	13.91	-0.43134308	13.83	0.14461517
36	WIP	Nov 17, 2017	56.86	Aug 21, 2017	57.1	-0.42031097	56.48	0.6728058
37	SHY	Nov 17, 2017	84.08	Aug 21, 2017	84.41	-0.39095306	84.14	-0.07130432
38	FVIIX	Nov 17, 2017	10.25	Aug 21, 2017	10.29	-0.38872528	10.23	0.19550323	*BT*
39	FFKCX	Sep 13, 2017	13.15	Jun 14, 2017	13.2	-0.37878418	13.13	0.15231323
40	BSV	Nov 17, 2017	79.43	Aug 21, 2017	79.72	-0.36376953	79.45	-0.025169373	*P*
41	VBILX	Nov 17, 2017	11.4	Aug 21, 2017	11.44	-0.34965515	11.38	0.17573547
42	FGOVX	Nov 17, 2017	10.24	Aug 21, 2017	10.27	-0.2921219	10.21	0.29382324
43	VSGBX	Nov 17, 2017	10.65	Aug 21, 2017	10.68	-0.28090668	10.65	0.0
44	NCITX	Nov 17, 2017	10.67	Aug 21, 2017	10.7	-0.28037262	10.69	-0.18708801
45	FTHRX	Nov 17, 2017	10.84	Aug 21, 2017	10.87	-0.27598572	10.84	0.0
46	NKX	Nov 17, 2017	15.67	Aug 21, 2017	15.71	-0.25461578	15.54	0.83654785	*P*
47	HLPPX	Nov 17, 2017	14.5	Aug 21, 2017	14.53	-0.20646667	14.58	-0.5486984
48	PTTDX	Nov 17, 2017	10.27	Aug 21, 2017	10.29	-0.19435883	10.26	0.097465515
49	FSTFX	Nov 17, 2017	10.56	Aug 21, 2017	10.58	-0.18903351	10.57	-0.09459686
50	FSHBX	Nov 17, 2017	8.6	Aug 21, 2017	8.61	-0.11613464	8.6	0.0
51	TGMNX	Nov 17, 2017	10.3	Aug 21, 2017	10.31	-0.09699249	10.28	0.19456482
52	NOAZX	Nov 17, 2017	10.65	Aug 21, 2017	10.66	-0.093811035	10.67	-0.1874466
53	TGFNX	Nov 17, 2017	10.97	Aug 21, 2017	10.98	-0.09107208	10.94	0.27423096
54	FSITX	Nov 17, 2017	11.59	Aug 21, 2017	11.6	-0.08620453	11.56	0.25952148
55	FBIDX	Nov 17, 2017	11.6	Aug 21, 2017	11.61	-0.086128235	11.57	0.2592926
56	GVPIX	Nov 17, 2017	55.62	Aug 21, 2017	55.65	-0.0539093	54.16	2.6957169
57	BND	Nov 17, 2017	81.69	Aug 21, 2017	81.7	-0.012229919	81.42	0.33161926
58	FFIPX	Sep 06, 2017	9.93	Jun 07, 2017	9.93	0.0	9.93	0.0
59	VUSTX	Nov 17, 2017	12.35	Aug 21, 2017	12.34	0.08103943	12.15	1.6461029
60	GLD	Nov 17, 2017	122.86	Aug 21, 2017	122.76	0.081459045	121.13	1.4282227
61	VCAIX	Nov 17, 2017	11.8	Aug 21, 2017	11.79	0.08481598	11.82	-0.16919708
62	FGMNX	Nov 17, 2017	11.41	Aug 21, 2017	11.4	0.08772278	11.41	0.0
63	FPCIX	Nov 17, 2017	10.62	Aug 21, 2017	10.61	0.09426117	10.61	0.09426117
64	CDSIX	Nov 17, 2017	16.18	Aug 21, 2017	16.16	0.12376404	16.18	0.0	*BT*
65	FBNDX	Nov 17, 2017	7.93	Aug 21, 2017	7.92	0.12625122	7.91	0.25284576
66	FLBAX	Nov 17, 2017	13.23	Aug 21, 2017	13.21	0.1513977	13.01	1.6909943
67	PRULX	Nov 17, 2017	12.76	Aug 21, 2017	12.74	0.15699005	12.54	1.7543945
68	IAU	Nov 17, 2017	12.43	Aug 21, 2017	12.41	0.1611557	12.26	1.3866196
69	BCITX	Nov 17, 2017	11.92	Aug 21, 2017	11.9	0.16807556	11.93	-0.08382416
70	FSIGX	Nov 17, 2017	11.28	Aug 21, 2017	11.26	0.1776123	11.26	0.1776123
71	VFIIX	Nov 17, 2017	10.5	Aug 21, 2017	10.48	0.19084167	10.49	0.095329285
72	USSTX	Nov 17, 2017	10.49	Aug 21, 2017	10.47	0.19102478	10.5	-0.09524536
73	FSIPX	Nov 17, 2017	9.93	Aug 21, 2017	9.91	0.20182037	9.91	0.20182037
74	FSHFX	Sep 06, 2017	9.66	Jun 07, 2017	9.64	0.2074585	9.66	0.0
75	GABUX	Nov 17, 2017	9.5	Aug 21, 2017	9.48	0.21097565	9.41	0.9564285
76	FIUIX	Nov 17, 2017	26.89	Aug 21, 2017	26.83	0.22362518	26.64	0.9384384
77	FTFMX	Nov 17, 2017	13.3	Aug 21, 2017	13.27	0.22606659	13.33	-0.22505188
78	FFKVX	Sep 13, 2017	13.25	Jun 14, 2017	13.22	0.22692871	13.23	0.15116882
79	FSAZX	Nov 17, 2017	12.07	Aug 21, 2017	12.04	0.2491684	12.09	-0.16543579
80	PRNYX	Nov 17, 2017	11.66	Aug 21, 2017	11.63	0.25795746	11.67	-0.08569336
81	FIMIX	Nov 17, 2017	11.64	Aug 21, 2017	11.61	0.25839996	11.66	-0.17152405
82	KYTFX	Nov 17, 2017	7.75	Aug 21, 2017	7.73	0.25872803	7.76	-0.1288681
83	PRRDX	Nov 17, 2017	11.02	Aug 21, 2017	10.99	0.27297974	11.0	0.1818161
84	FTBFX	Nov 17, 2017	10.67	Aug 21, 2017	10.64	0.2819519	10.64	0.2819519
85	RWX	Nov 17, 2017	38.75	Aug 21, 2017	38.64	0.28468323	38.61	0.36260223
86	DODIX	Nov 17, 2017	13.82	Aug 21, 2017	13.78	0.29027557	13.8	0.14492035
87	FCNVX	Nov 17, 2017	10.04	Aug 21, 2017	10.01	0.29969025	10.04	0.0
88	FNMIX	Nov 17, 2017	16.22	Aug 21, 2017	16.17	0.3092041	16.12	0.62033844
89	PRVAX	Nov 17, 2017	12.01	Aug 21, 2017	11.97	0.33416748	12.03	-0.16625214
90	USNYX	Nov 17, 2017	11.95	Aug 21, 2017	11.91	0.33584595	11.95	0.0
91	FIPAX	Nov 17, 2017	11.92	Aug 21, 2017	11.88	0.3366928	11.88	0.3366928
92	NCATX	Nov 17, 2017	11.63	Aug 21, 2017	11.59	0.3451233	11.65	-0.171669
93	GTFBX	Nov 17, 2017	11.51	Aug 21, 2017	11.47	0.348732	11.52	-0.08680725
94	FICNX	Nov 17, 2017	11.45	Aug 21, 2017	11.41	0.35057068	11.46	-0.087265015
95	FLTMX	Nov 17, 2017	10.41	Aug 21, 2017	10.37	0.38572693	10.42	-0.095970154
96	FFKDX	Sep 13, 2017	14.94	Jun 14, 2017	14.88	0.40322876	14.92	0.13404846
97	PRXCX	Nov 17, 2017	11.54	Aug 21, 2017	11.49	0.4351654	11.56	-0.17301178
98	SMDMX	Nov 17, 2017	11.38	Aug 21, 2017	11.33	0.4413147	11.4	-0.17543793
99	SWRSX	Nov 17, 2017	11.13	Aug 21, 2017	11.08	0.45126343	11.1	0.2702713
100	VIPSX	Nov 17, 2017	13.17	Aug 21, 2017	13.11	0.45767212	13.12	0.38110352
101	MDXBX	Nov 17, 2017	10.78	Aug 21, 2017	10.73	0.46598816	10.79	-0.092681885
102	NOTEX	Nov 17, 2017	10.69	Aug 21, 2017	10.64	0.46992493	10.7	-0.09346008
103	FDMMX	Nov 17, 2017	12.23	Aug 21, 2017	12.17	0.49301147	12.25	-0.16326904
104	FINPX	Nov 17, 2017	12.08	Aug 21, 2017	12.02	0.4991684	12.03	0.41563416
105	LQD	Nov 17, 2017	120.46	Aug 21, 2017	119.86	0.50057983	119.89	0.47543335
106	FFKAX	Sep 13, 2017	12.04	Jun 14, 2017	11.98	0.5008316	12.02	0.16638184
107	DRTAX	Nov 17, 2017	11.79	Aug 21, 2017	11.73	0.51151276	11.8	-0.084747314
108	ACITX	Nov 17, 2017	11.67	Aug 21, 2017	11.61	0.5167999	11.63	0.34394073
109	TIP	Nov 17, 2017	114.12	Aug 21, 2017	113.52	0.5285492	113.71	0.36057281
110	FPXTX	Nov 17, 2017	11.19	Aug 21, 2017	11.13	0.53907776	11.21	-0.17841339
111	PLMDX	Nov 17, 2017	9.29	Aug 21, 2017	9.24	0.54113007	9.22	0.7592163
112	USCBX	Nov 17, 2017	11.06	Aug 21, 2017	11.0	0.54545593	11.07	-0.0903244
113	VMATX	Nov 17, 2017	10.82	Aug 21, 2017	10.76	0.5576172	10.84	-0.18450928
114	FMHTX	Nov 17, 2017	12.24	Aug 21, 2017	12.17	0.5751877	12.26	-0.16313934
115	PRIPX	Nov 17, 2017	12.0	Aug 21, 2017	11.93	0.5867462	11.95	0.41841125
116	PRTAX	Nov 17, 2017	10.17	Aug 21, 2017	10.11	0.59347534	10.18	-0.098236084
117	GASFX	Nov 17, 2017	30.28	Aug 21, 2017	30.1	0.59801483	30.41	-0.42749023
118	FCBFX	Nov 17, 2017	11.62	Aug 21, 2017	11.55	0.60606384	11.58	0.34542084
119	FCTFX	Nov 17, 2017	13.02	Aug 21, 2017	12.94	0.61824036	13.04	-0.15336609
120	FSFFX	Sep 06, 2017	12.97	Jun 07, 2017	12.89	0.620636	12.97	0.0
121	USVAX	Nov 17, 2017	11.33	Aug 21, 2017	11.26	0.62166595	11.34	-0.08818817
122	FOHFX	Nov 17, 2017	12.23	Aug 21, 2017	12.15	0.65843964	12.24	-0.081703186
123	PBDDX	Nov 17, 2017	10.61	Aug 21, 2017	10.54	0.6641388	10.57	0.37843323
124	FTABX	Nov 17, 2017	11.58	Aug 21, 2017	11.5	0.6956482	11.6	-0.17241669
125	NTFIX	Nov 17, 2017	11.57	Aug 21, 2017	11.49	0.6962509	11.59	-0.17256927
126	JDD	Nov 17, 2017	12.28	Aug 21, 2017	12.19	0.73831177	12.53	-1.9952087
127	FHIGX	Nov 17, 2017	13.25	Aug 21, 2017	13.15	0.7604599	13.27	-0.15071869
128	VWLTX	Nov 17, 2017	11.68	Aug 21, 2017	11.59	0.7765274	11.7	-0.17093658
129	NHINX	Nov 17, 2017	8.68	Aug 21, 2017	8.61	0.8130188	8.69	-0.11506653
130	FSICX	Nov 17, 2017	11.12	Aug 21, 2017	11.03	0.81596375	11.1	0.18017578
131	FRIFX	Nov 17, 2017	12.27	Aug 21, 2017	12.17	0.82170105	12.27	0.0
132	VCITX	Nov 17, 2017	12.2	Aug 21, 2017	12.1	0.8264389	12.22	-0.16366577
133	FKTWX	Sep 13, 2017	15.81	Jun 14, 2017	15.68	0.8290787	15.79	0.12666321
134	USATX	Nov 17, 2017	13.36	Aug 21, 2017	13.25	0.83018494	13.38	-0.14948273
135	FFRHX	Nov 17, 2017	9.62	Aug 21, 2017	9.54	0.8385773	9.64	-0.20747375
136	VPAIX	Nov 17, 2017	11.64	Aug 21, 2017	11.54	0.86655426	11.66	-0.17152405
137	VOHIX	Nov 17, 2017	12.65	Aug 21, 2017	12.54	0.87718964	12.67	-0.1578598
138	FSRIX	Nov 17, 2017	12.58	Aug 21, 2017	12.47	0.8821106	12.55	0.23903656	*BT*
139	FIBFX	Sep 06, 2017	11.35	Jun 07, 2017	11.25	0.8888931	11.35	0.0
140	FFIGX	Sep 06, 2017	15.58	Jun 07, 2017	15.44	0.9067383	15.58	0.0
141	FFKEX	Sep 13, 2017	16.31	Jun 14, 2017	16.16	0.9282074	16.28	0.18426514
142	PRINX	Nov 17, 2017	11.95	Aug 21, 2017	11.84	0.92904663	11.96	-0.083610535
143	PFODX	Nov 17, 2017	10.71	Aug 21, 2017	10.61	0.94252014	10.7	0.09346008
144	USTEX	Nov 17, 2017	13.42	Aug 21, 2017	13.29	0.97817993	13.44	-0.14880371
145	RYU	Nov 17, 2017	89.43	Aug 21, 2017	88.5	1.0508575	88.97	0.5170212	*P*
146	SJNK	Nov 17, 2017	27.66	Aug 21, 2017	27.37	1.059555	27.58	0.29006195
147	SMTFX	Nov 17, 2017	10.48	Aug 21, 2017	10.37	1.0607452	10.48	0.0
148	VBLTX	Nov 17, 2017	14.26	Aug 21, 2017	14.11	1.0630875	14.08	1.2784119
149	JPC	Nov 17, 2017	10.37	Aug 21, 2017	10.26	1.0721207	10.41	-0.38424683
150	PRFHX	Nov 17, 2017	12.06	Aug 21, 2017	11.93	1.0896912	12.07	-0.082847595
151	PAUDX	Nov 17, 2017	8.97	Aug 21, 2017	8.87	1.1273956	8.97	0.0
152	BCHYX	Nov 17, 2017	10.64	Aug 21, 2017	10.52	1.1406784	10.65	-0.09388733
153	JNK	Nov 17, 2017	36.79	Aug 21, 2017	36.37	1.1548004	36.68	0.29989624
154	FFVNX	Sep 06, 2017	10.45	Jun 07, 2017	10.33	1.1616592	10.45	0.0
155	FEDFX	Sep 06, 2017	10.42	Jun 07, 2017	10.3	1.1650467	10.42	0.0
156	FEDCX	Nov 17, 2017	10.35	Aug 21, 2017	10.23	1.1730347	10.31	0.38796997
157	FFKFX	Sep 13, 2017	17.17	Jun 14, 2017	16.97	1.1785507	17.14	0.17503357
158	FKTHX	Sep 13, 2017	17.15	Jun 14, 2017	16.94	1.2396698	17.12	0.1752243
159	VWAHX	Nov 17, 2017	11.42	Aug 21, 2017	11.28	1.2411346	11.43	-0.0874939
160	FPIOX	Nov 17, 2017	9.6	Aug 21, 2017	9.46	1.4799271	9.61	-0.10404968
161	FASIX	Nov 17, 2017	13.64	Aug 21, 2017	13.44	1.4880981	13.61	0.22042847
162	VWESX	Nov 17, 2017	10.63	Aug 21, 2017	10.47	1.528183	10.51	1.1417618
163	FIKFX	Nov 17, 2017	11.93	Aug 21, 2017	11.75	1.5319214	11.91	0.1679306
164	FFKHX	Sep 13, 2017	17.93	Jun 14, 2017	17.65	1.5864029	17.9	0.16759491
165	FFKGX	Sep 13, 2017	17.78	Jun 14, 2017	17.5	1.6000061	17.76	0.11261749
166	FIAFX	Nov 17, 2017	11.29	Aug 21, 2017	11.11	1.620163	11.27	0.17745209	*BT*
167	SWHFX	Nov 17, 2017	25.33	Aug 21, 2017	24.91	1.6860733	25.33	0.0
168	FFSTX	Sep 06, 2017	17.44	Jun 07, 2017	17.15	1.6909714	17.44	0.0
169	SPHIX	Nov 17, 2017	8.95	Aug 21, 2017	8.8	1.7045364	8.96	-0.11161041
170	FNJHX	Nov 17, 2017	11.93	Aug 21, 2017	11.73	1.70504	11.96	-0.2508316
171	FIRNX	Nov 17, 2017	58.06	Aug 21, 2017	57.08	1.7168884	57.96	0.17253113
172	FIRMX	Nov 17, 2017	58.13	Aug 21, 2017	57.14	1.7325897	58.02	0.18959045
173	FHIFX	Nov 17, 2017	8.72	Aug 21, 2017	8.57	1.7503052	8.72	0.0
174	FCSFX	Sep 06, 2017	5.23	Jun 07, 2017	5.14	1.7509689	5.23	0.0
175	ROOF	Nov 17, 2017	26.98	Aug 21, 2017	26.51	1.7729187	27.03	-0.1849823
176	FFFAX	Nov 17, 2017	11.92	Aug 21, 2017	11.71	1.793335	11.9	0.16807556
177	FSHNX	Nov 17, 2017	9.68	Aug 21, 2017	9.5	1.8947372	9.7	-0.20617676
178	FIROX	Nov 17, 2017	59.2	Aug 21, 2017	58.08	1.9283752	59.1	0.16920471
179	FIRPX	Nov 17, 2017	58.47	Aug 21, 2017	57.35	1.952919	58.36	0.18848419
180	PRPFX	Nov 17, 2017	41.25	Aug 21, 2017	40.44	2.0029678	41.1	0.36497498
181	MNBAX	Nov 17, 2017	18.13	Aug 21, 2017	17.77	2.025879	18.12	0.05518341
182	FTANX	Nov 17, 2017	11.19	Aug 21, 2017	10.96	2.0985336	11.17	0.17905426
183	PASDX	Nov 17, 2017	12.15	Aug 21, 2017	11.9	2.1008377	12.13	0.16487885
184	FJIFX	Nov 17, 2017	13.47	Aug 21, 2017	13.19	2.1228333	13.45	0.14870453
185	FLATX	Nov 17, 2017	24.84	Aug 21, 2017	24.32	2.1381607	24.23	2.5175476	*P*
186	FSRRX	Nov 17, 2017	8.93	Aug 21, 2017	8.74	2.1739273	8.93	0.0
187	IBB	Nov 17, 2017	311.21	Aug 21, 2017	304.57	2.1801224	312.18	-0.31072235
188	FFIVX	Nov 17, 2017	12.4	Aug 21, 2017	12.12	2.3102264	12.37	0.2425232	*BT*
189	FFFVX	Nov 17, 2017	12.74	Aug 21, 2017	12.45	2.3293152	12.72	0.15722656
190	FSUTX	Nov 17, 2017	86.84	Aug 21, 2017	84.85	2.345314	86.3	0.62571716
191	FSHCX	Nov 17, 2017	91.41	Aug 21, 2017	89.27	2.3972244	91.21	0.21927643
192	NBB	Nov 17, 2017	21.72	Aug 21, 2017	21.21	2.4045258	21.46	1.2115631
193	FSPHX	Nov 17, 2017	225.82	Aug 21, 2017	220.45	2.435936	227.07	-0.55049133
194	FIRQX	Nov 17, 2017	57.03	Aug 21, 2017	55.67	2.4429703	56.91	0.2108612
195	IHE	Nov 17, 2017	150.6	Aug 21, 2017	146.96	2.47686	150.76	-0.10611725
196	FIRRX	Nov 17, 2017	53.46	Aug 21, 2017	52.16	2.4923325	53.36	0.18740845
197	FRESX	Nov 17, 2017	42.73	Aug 21, 2017	41.66	2.5684128	42.81	-0.18688202
198	FIREX	Nov 17, 2017	11.21	Aug 21, 2017	10.92	2.6556702	11.29	-0.7085953
199	VWINX	Nov 17, 2017	26.93	Aug 21, 2017	26.23	2.6687012	26.87	0.22328949
200	VGHCX	Nov 17, 2017	210.04	Aug 21, 2017	204.55	2.683937	208.99	0.5024109
201	VGHAX	Nov 17, 2017	88.61	Aug 21, 2017	86.29	2.688614	88.17	0.49903107
202	FKIFX	Nov 17, 2017	14.35	Aug 21, 2017	13.97	2.7201157	14.33	0.13957214
203	EWZ	Nov 17, 2017	39.83	Aug 21, 2017	38.75	2.7871017	38.83	2.575325
204	FFANX	Nov 17, 2017	11.77	Aug 21, 2017	11.45	2.7947693	11.75	0.17021942
205	ICF	Nov 17, 2017	103.1	Aug 21, 2017	100.24	2.853157	103.3	-0.19361115
206	VNQI	Nov 17, 2017	59.78	Aug 21, 2017	58.12	2.8561554	60.0	-0.3666687	*P*
207	REACX	Nov 17, 2017	29.5	Aug 21, 2017	28.68	2.8591385	29.6	-0.33783722
208	FCIFX	Nov 17, 2017	12.94	Aug 21, 2017	12.58	2.861679	12.91	0.2323761	*BT*
209	ACWV	Nov 17, 2017	82.96	Aug 21, 2017	80.63	2.88974	82.71	0.30225372
210	FFFCX	Nov 17, 2017	16.35	Aug 21, 2017	15.89	2.894905	16.32	0.18383026
211	JPS	Nov 17, 2017	10.22	Aug 21, 2017	9.93	2.9204407	10.27	-0.48685455	*P*
212	FIRSX	Nov 17, 2017	54.15	Aug 21, 2017	52.61	2.9271927	54.04	0.20355225
213	VNQ	Nov 17, 2017	84.65	Aug 21, 2017	82.22	2.9554825	84.93	-0.3296814
214	FIRUX	Nov 17, 2017	58.82	Aug 21, 2017	57.07	3.0664062	58.7	0.20442963
215	VPU	Nov 17, 2017	122.86	Aug 21, 2017	119.07	3.1830063	121.99	0.7131729
216	FBIOX	Nov 17, 2017	214.7	Aug 21, 2017	207.98	3.2310867	216.71	-0.9275131	*P*
217	FFVIX	Nov 17, 2017	13.17	Aug 21, 2017	12.75	3.2941208	13.15	0.15209961	*BT*
218	FLIFX	Nov 17, 2017	14.99	Aug 21, 2017	14.51	3.3080597	14.97	0.13359833
219	FSMEX	Nov 17, 2017	47.1	Aug 21, 2017	45.58	3.3347855	46.72	0.8133545
220	FVDFX	Nov 17, 2017	27.79	Aug 21, 2017	26.89	3.3469772	27.62	0.6155014
221	FIRVX	Nov 17, 2017	52.45	Aug 21, 2017	50.74	3.3701172	52.34	0.21016693
222	FVDKX	Nov 17, 2017	27.81	Aug 21, 2017	26.89	3.421341	27.63	0.65146637
223	FFVFX	Nov 17, 2017	13.58	Aug 21, 2017	13.13	3.427269	13.55	0.2213974
224	DODFX	Nov 17, 2017	46.22	Aug 21, 2017	44.68	3.4467316	46.09	0.28205872
225	TWEBX	Nov 17, 2017	23.37	Aug 21, 2017	22.59	3.452858	23.46	-0.38362122
226	FASMX	Nov 17, 2017	18.57	Aug 21, 2017	17.95	3.454033	18.53	0.21586609
227	FNORX	Nov 17, 2017	53.02	Aug 21, 2017	51.21	3.5344696	54.19	-2.1590652	*P*
228	FIRWX	Nov 17, 2017	59.02	Aug 21, 2017	56.97	3.598381	58.89	0.2207489
229	FIXRX	Nov 17, 2017	54.07	Aug 21, 2017	52.19	3.602234	53.95	0.22241974
230	JPI	Nov 17, 2017	25.16	Aug 21, 2017	24.27	3.6670837	25.11	0.19911194
231	FIVLX	Nov 17, 2017	8.99	Aug 21, 2017	8.67	3.6908875	9.02	-0.33260345
232	JHMU	Nov 17, 2017	29.37	Aug 21, 2017	28.32	3.707634	28.94	1.4858398
233	FDIFX	Nov 17, 2017	14.22	Aug 21, 2017	13.71	3.7199173	14.19	0.21141815	*BT*
234	JHMH	Nov 17, 2017	30.32	Aug 21, 2017	29.23	3.729042	30.05	0.89850616
235	FWRLX	Nov 17, 2017	10.23	Aug 21, 2017	9.86	3.752533	10.2	0.29411316	*P*
236	FPIFX	Nov 17, 2017	15.74	Aug 21, 2017	15.17	3.7574158	15.72	0.12722015
237	HDOGX	Nov 17, 2017	14.58	Aug 21, 2017	14.05	3.772232	14.65	-0.47781372
238	FFFDX	Nov 17, 2017	16.73	Aug 21, 2017	16.11	3.848526	16.7	0.1796341
239	OAKIX	Nov 17, 2017	28.46	Aug 21, 2017	27.39	3.90654	28.65	-0.6631775
240	FCVSX	Nov 17, 2017	28.53	Aug 21, 2017	27.43	4.0102158	28.42	0.3870468
241	FITWX	Nov 17, 2017	14.17	Aug 21, 2017	13.62	4.0381775	14.14	0.2121582	*BT*
242	FQIFX	Nov 17, 2017	16.69	Aug 21, 2017	16.04	4.052368	16.67	0.11998749
243	FINVX	Nov 17, 2017	10.76	Aug 21, 2017	10.34	4.061905	10.79	-0.2780304
244	FSANX	Nov 17, 2017	12.69	Aug 21, 2017	12.19	4.101715	12.66	0.23696136
245	FOSFX	Nov 17, 2017	49.77	Aug 21, 2017	47.8	4.121338	49.87	-0.20051575
246	JPIN	Nov 17, 2017	59.1	Aug 21, 2017	56.76	4.1226273	59.36	-0.43801117
247	EFA	Nov 17, 2017	68.91	Aug 21, 2017	66.17	4.140854	69.28	-0.5340576
248	FOSKX	Nov 17, 2017	49.69	Aug 21, 2017	47.71	4.15007	49.8	-0.22088623
249	FFTWX	Nov 17, 2017	14.48	Aug 21, 2017	13.9	4.172661	14.45	0.20761108
250	OWSMX	Nov 17, 2017	17.39	Aug 21, 2017	16.69	4.1941147	17.23	0.9286194
251	JHMC	Nov 17, 2017	28.4	Aug 21, 2017	27.25	4.2201843	28.26	0.49539948
252	GAOSX	Nov 17, 2017	18.76	Aug 21, 2017	18.0	4.222229	18.7	0.3208542
253	FSIIX	Nov 17, 2017	42.89	Aug 21, 2017	41.14	4.253769	43.05	-0.37165833
254	FSIVX	Nov 17, 2017	42.92	Aug 21, 2017	41.16	4.2759857	43.08	-0.37140656	*P*
255	JHMD	Nov 17, 2017	29.72	Aug 21, 2017	28.5	4.2807007	29.88	-0.5354767
256	FSDIX	Nov 17, 2017	15.82	Aug 21, 2017	15.17	4.284775	15.79	0.18999481
257	VWELX	Nov 17, 2017	42.57	Aug 21, 2017	40.8	4.3382416	42.6	-0.07041931
258	GTSGX	Nov 17, 2017	9.73	Aug 21, 2017	9.32	4.399147	9.67	0.62047577
259	FSLVX	Nov 17, 2017	20.13	Aug 21, 2017	19.28	4.4087067	20.09	0.19910431
260	SPLV	Nov 17, 2017	47.03	Aug 21, 2017	45.04	4.418289	46.95	0.17038727	*P*
261	FDVLX	Nov 17, 2017	121.6	Aug 21, 2017	116.45	4.4225006	120.98	0.5124817
262	FBCVX	Nov 17, 2017	18.86	Aug 21, 2017	18.06	4.4296875	18.8	0.31916046
263	FEMEX	Nov 17, 2017	9.66	Aug 21, 2017	9.25	4.4324265	9.45	2.222229
264	FVLKX	Nov 17, 2017	121.8	Aug 21, 2017	116.61	4.450737	121.17	0.519928
265	FEQTX	Nov 17, 2017	28.73	Aug 21, 2017	27.5	4.4727173	28.71	0.069664
266	FIENX	Nov 17, 2017	10.03	Aug 21, 2017	9.6	4.4791565	10.11	-0.7912903
267	FSTSX	Nov 17, 2017	18.1	Aug 21, 2017	17.32	4.5034637	18.08	0.11062622
268	FHLC	Nov 17, 2017	39.26	Aug 21, 2017	37.55	4.5539246	39.19	0.17861176
269	FEQIX	Nov 17, 2017	60.84	Aug 21, 2017	58.18	4.5720215	60.81	0.049331665
270	FBALX	Nov 17, 2017	23.7	Aug 21, 2017	22.66	4.589592	23.65	0.21141815
271	FZAAX	Nov 17, 2017	21.19	Aug 21, 2017	20.26	4.590332	21.14	0.23652649	*BT*
272	FEIKX	Nov 17, 2017	60.8	Aug 21, 2017	58.13	4.5931473	60.77	0.049362183
273	FSPCX	Nov 17, 2017	87.37	Aug 21, 2017	83.53	4.5971527	88.2	-0.94104004
274	FDIVX	Nov 17, 2017	41.38	Aug 21, 2017	39.56	4.600609	41.3	0.1937027
275	VHT	Nov 17, 2017	151.36	Aug 21, 2017	144.7	4.602623	151.09	0.17870331
276	FBAKX	Nov 17, 2017	23.7	Aug 21, 2017	22.65	4.635765	23.65	0.21141815
277	PRMTX	Nov 17, 2017	97.98	Aug 21, 2017	93.63	4.645958	97.51	0.48200226
278	FGBLX	Nov 17, 2017	26.08	Aug 21, 2017	24.92	4.6548996	25.95	0.5009613
279	FDIKX	Nov 17, 2017	41.34	Aug 21, 2017	39.5	4.6582336	41.26	0.19389343
280	FDYSX	Nov 17, 2017	9.88	Aug 21, 2017	9.44	4.661026	9.85	0.30456543
281	VICEX	Nov 17, 2017	31.21	Aug 21, 2017	29.82	4.6613007	31.24	-0.09603882
282	FCSSX	Nov 17, 2017	5.38	Aug 21, 2017	5.14	4.669258	5.41	-0.5545273
283	FISMX	Nov 17, 2017	29.58	Aug 21, 2017	28.26	4.670906	29.65	-0.23609161
284	RSXJ	Nov 17, 2017	42.11	Aug 21, 2017	40.22	4.6991577	43.08	-2.251625
285	FSCOX	Nov 17, 2017	18.69	Aug 21, 2017	17.85	4.705879	18.64	0.26824188
286	GWX	Nov 17, 2017	35.54	Aug 21, 2017	33.93	4.745064	35.64	-0.2805786
287	EEMV	Nov 17, 2017	59.98	Aug 21, 2017	57.25	4.7685623	59.52	0.7728424
288	FASGX	Nov 17, 2017	22.77	Aug 21, 2017	21.72	4.834259	22.72	0.22006989
289	FEFIX	Nov 17, 2017	15.34	Aug 21, 2017	14.63	4.8530426	15.3	0.26143646	*P*
290	VSS	Nov 17, 2017	115.78	Aug 21, 2017	110.39	4.8826904	116.1	-0.27562714
291	FXIFX	Nov 17, 2017	17.53	Aug 21, 2017	16.71	4.9072495	17.51	0.114227295
292	SCHF	Nov 17, 2017	33.87	Aug 21, 2017	32.27	4.958168	33.96	-0.26502228
293	YACKX	Nov 17, 2017	24.45	Aug 21, 2017	23.29	4.9806824	24.25	0.8247528
294	VTMGX	Nov 17, 2017	14.1	Aug 21, 2017	13.43	4.988838	14.15	-0.3533554
295	FFFEX	Nov 17, 2017	18.14	Aug 21, 2017	17.27	5.037628	18.1	0.22099304
296	FUSIX	Nov 17, 2017	10.63	Aug 21, 2017	10.12	5.039528	10.63	0.0
297	VEU	Nov 17, 2017	53.57	Aug 21, 2017	50.99	5.0598145	53.66	-0.16772461
298	VGTSX	Nov 17, 2017	17.85	Aug 21, 2017	16.99	5.0618057	17.88	-0.16777802
299	VTIAX	Nov 17, 2017	29.86	Aug 21, 2017	28.42	5.0668564	29.92	-0.200531	*P*
300	FGRTX	Nov 17, 2017	17.15	Aug 21, 2017	16.31	5.1502075	17.26	-0.63731384
301	FSGDX	Nov 17, 2017	13.47	Aug 21, 2017	12.81	5.1522217	13.48	-0.0741806	*BT*
302	FSGEX	Nov 17, 2017	13.21	Aug 21, 2017	12.56	5.1751633	13.22	-0.07564545
303	FPURX	Nov 17, 2017	23.13	Aug 21, 2017	21.99	5.1841736	23.15	-0.08639526
304	VXUS	Nov 17, 2017	55.69	Aug 21, 2017	52.94	5.194557	55.73	-0.071777344
305	FSAIX	Nov 17, 2017	83.6	Aug 21, 2017	79.45	5.223419	83.09	0.61380005	*P*
306	VWO	Nov 17, 2017	44.87	Aug 21, 2017	42.64	5.229828	44.59	0.6279373
307	FPUKX	Nov 17, 2017	23.12	Aug 21, 2017	21.96	5.282341	23.13	-0.04322815
308	FILFX	Nov 17, 2017	11.52	Aug 21, 2017	10.94	5.301651	11.53	-0.08672333
309	FIGRX	Nov 17, 2017	46.85	Aug 21, 2017	44.49	5.30455	46.89	-0.08530426
310	FFNOX	Nov 17, 2017	43.98	Aug 21, 2017	41.76	5.3160934	43.96	0.04550171
311	FIGFX	Nov 17, 2017	13.46	Aug 21, 2017	12.78	5.3208084	13.42	0.29805756
312	FIDKX	Nov 17, 2017	46.77	Aug 21, 2017	44.4	5.337837	46.81	-0.08545685
313	FZAIX	Nov 17, 2017	46.74	Aug 21, 2017	44.37	5.341461	46.78	-0.085502625	*BT*
314	YAFFX	Nov 17, 2017	22.87	Aug 21, 2017	21.7	5.3917084	22.6	1.1946945
315	VWNFX	Nov 17, 2017	38.69	Aug 21, 2017	36.69	5.4510727	38.78	-0.23207855
316	FTIEX	Nov 17, 2017	9.43	Aug 21, 2017	8.94	5.480995	9.4	0.31916046
317	FGRIX	Nov 17, 2017	35.96	Aug 21, 2017	34.06	5.5783844	36.14	-0.49806213
318	FITHX	Nov 17, 2017	14.94	Aug 21, 2017	14.15	5.5830383	14.91	0.2012024	*BT*
319	FGIKX	Nov 17, 2017	35.93	Aug 21, 2017	34.03	5.583313	36.1	-0.47090912
320	MFVSX	Nov 17, 2017	22.88	Aug 21, 2017	21.67	5.583748	22.83	0.2190094
321	PCRIX	Nov 17, 2017	6.8	Aug 21, 2017	6.44	5.5900726	6.84	-0.5847931	*BT*
322	FIFFX	Nov 17, 2017	15.99	Aug 21, 2017	15.14	5.6142654	15.95	0.2507782	*BT*
323	FFFIX	Nov 17, 2017	12.38	Aug 21, 2017	11.72	5.631401	12.35	0.24291229	*BT*
324	FFFPX	Nov 17, 2017	12.32	Aug 21, 2017	11.66	5.6603775	12.29	0.24409485	*BT*
325	FHFIX	Nov 17, 2017	13.43	Aug 21, 2017	12.71	5.6648407	13.4	0.22388458	*BT*
326	FDKQX	Nov 17, 2017	11.87	Aug 21, 2017	11.23	5.699028	11.84	0.25337982	*BT*
327	FIHFX	Nov 17, 2017	18.52	Aug 21, 2017	17.52	5.7077637	18.5	0.10810852
328	FIEUX	Nov 17, 2017	42.03	Aug 21, 2017	39.76	5.7092514	42.11	-0.18998718
329	FIGSX	Nov 17, 2017	16.25	Aug 21, 2017	15.37	5.725441	16.2	0.3086319
330	FEXPX	Nov 17, 2017	21.39	Aug 21, 2017	20.23	5.734062	21.33	0.28128815
331	FEXKX	Nov 17, 2017	21.35	Aug 21, 2017	20.19	5.7454224	21.29	0.2818222
332	CGMFX	Nov 17, 2017	51.98	Aug 21, 2017	49.15	5.757881	51.87	0.21207428
333	EIERX	Nov 17, 2017	17.8	Aug 21, 2017	16.83	5.7635193	17.8	0.0	*BT*
334	FFTHX	Nov 17, 2017	15.22	Aug 21, 2017	14.39	5.767891	15.19	0.19750977
335	FBIFX	Nov 17, 2017	18.65	Aug 21, 2017	17.63	5.7855988	18.64	0.053642273
336	FIOFX	Nov 17, 2017	18.79	Aug 21, 2017	17.76	5.799553	18.78	0.053253174
337	FAMRX	Nov 17, 2017	19.66	Aug 21, 2017	18.58	5.812706	19.62	0.20387268
338	FIPFX	Nov 17, 2017	18.88	Aug 21, 2017	17.84	5.8295975	18.86	0.106033325
339	FFFHX	Nov 17, 2017	12.15	Aug 21, 2017	11.48	5.836235	12.13	0.16487885
340	FFFFX	Nov 17, 2017	10.69	Aug 21, 2017	10.1	5.8415756	10.67	0.18743134
341	FFFGX	Nov 17, 2017	12.09	Aug 21, 2017	11.42	5.8668976	12.06	0.24875641
342	FSLSX	Nov 17, 2017	43.94	Aug 21, 2017	41.5	5.879509	43.72	0.5031967
343	FDGKX	Nov 17, 2017	34.54	Aug 21, 2017	32.62	5.885971	34.44	0.29036713
344	FVSKX	Nov 17, 2017	43.94	Aug 21, 2017	41.49	5.9050293	43.72	0.5031967
345	FLCSX	Nov 17, 2017	32.45	Aug 21, 2017	30.64	5.907318	32.63	-0.5516434
346	PRHSX	Nov 17, 2017	73.78	Aug 21, 2017	69.66	5.9144363	73.78	0.0
347	OAKBX	Nov 17, 2017	33.97	Aug 21, 2017	32.07	5.9245453	33.85	0.35451508
348	PEQKX	Nov 17, 2017	35.98	Aug 21, 2017	33.96	5.9481735	35.66	0.89736176	*BT*
349	VTRIX	Nov 17, 2017	39.36	Aug 21, 2017	37.14	5.977394	39.36	0.0
350	JIGFX	Nov 17, 2017	32.91	Aug 21, 2017	31.04	6.0244827	32.73	0.5499573
351	VIS	Nov 17, 2017	133.01	Aug 21, 2017	125.45	6.026306	134.06	-0.78323364
352	VT	Nov 17, 2017	72.2	Aug 21, 2017	68.08	6.051697	72.25	-0.06920624
353	VTV	Nov 17, 2017	101.52	Aug 21, 2017	95.71	6.0704193	101.56	-0.039382935
354	DODGX	Nov 17, 2017	201.09	Aug 21, 2017	189.51	6.110504	200.54	0.27426147
355	FIVFX	Nov 17, 2017	21.16	Aug 21, 2017	19.94	6.118355	20.99	0.809906
356	FOHIX	Nov 17, 2017	16.98	Aug 21, 2017	15.99	6.1913757	17.04	-0.35211945
357	FLPSX	Nov 17, 2017	52.92	Aug 21, 2017	49.83	6.2010803	52.73	0.36032104
358	FSAEX	Nov 17, 2017	13.69	Aug 21, 2017	12.89	6.20636	13.7	-0.07299042
359	VIG	Nov 17, 2017	97.45	Aug 21, 2017	91.74	6.224106	97.1	0.36045074
360	FLPKX	Nov 17, 2017	52.89	Aug 21, 2017	49.79	6.226143	52.7	0.36052704
361	VHDYX	Nov 17, 2017	32.66	Aug 21, 2017	30.74	6.2459335	32.68	-0.061203003
362	PRF	Nov 17, 2017	108.63	Aug 21, 2017	102.16	6.3331985	108.71	-0.07359314
363	POGSX	Nov 17, 2017	63.42	Aug 21, 2017	59.62	6.373703	62.87	0.8748169
364	FIDU	Nov 17, 2017	36.23	Aug 21, 2017	34.05	6.4023514	36.54	-0.8483887
365	PRFDX	Nov 17, 2017	34.75	Aug 21, 2017	32.65	6.4318542	34.68	0.20184326
366	FSCRX	Nov 17, 2017	31.55	Aug 21, 2017	29.64	6.4439926	31.26	0.9276962
367	VEIPX	Nov 17, 2017	36.32	Aug 21, 2017	34.11	6.4790344	36.33	-0.027534485
368	FLVEX	Nov 17, 2017	13.1	Aug 21, 2017	12.3	6.504074	13.08	0.15290833	*P*
369	MOO	Nov 17, 2017	59.44	Aug 21, 2017	55.79	6.5423813	59.34	0.16851807
370	FMIMX	Nov 17, 2017	28.74	Aug 21, 2017	26.96	6.602371	28.45	1.0193253
371	FICDX	Nov 17, 2017	54.82	Aug 21, 2017	51.42	6.612221	55.4	-1.0469284
372	FSRFX	Nov 17, 2017	98.36	Aug 21, 2017	92.25	6.6233063	98.46	-0.1015625
373	HLIEX	Nov 17, 2017	16.79	Aug 21, 2017	15.74	6.670906	16.81	-0.11897278
374	VFINX	Nov 17, 2017	238.68	Aug 21, 2017	223.73	6.6821594	238.83	-0.062812805
375	SPY	Nov 17, 2017	257.86	Aug 21, 2017	241.7	6.685974	258.09	-0.08911896	*P*
376	FMCSX	Nov 17, 2017	38.77	Aug 21, 2017	36.34	6.686844	38.6	0.44042206
377	FUSEX	Nov 17, 2017	90.39	Aug 21, 2017	84.72	6.6926346	90.44	-0.055290222
378	IVV	Nov 17, 2017	259.63	Aug 21, 2017	243.34	6.6943436	259.81	-0.0692749
379	FDEQX	Nov 17, 2017	39.02	Aug 21, 2017	36.57	6.699478	38.92	0.25694275
380	FUSVX	Nov 17, 2017	90.41	Aug 21, 2017	84.73	6.7036514	90.46	-0.055267334	*P*
381	VFIAX	Nov 17, 2017	238.72	Aug 21, 2017	223.71	6.7095795	238.86	-0.05860901	*P*
382	FSAMX	Nov 17, 2017	11.29	Aug 21, 2017	10.58	6.7107773	11.24	0.44483948
383	VOO	Nov 17, 2017	236.9	Aug 21, 2017	222.0	6.711708	237.04	-0.059059143	*P*
384	FDEKX	Nov 17, 2017	38.99	Aug 21, 2017	36.53	6.734207	38.89	0.25714874
385	FKMCX	Nov 17, 2017	38.8	Aug 21, 2017	36.35	6.740036	38.63	0.4400711
386	FSDCX	Nov 17, 2017	35.29	Aug 21, 2017	33.06	6.7453156	34.31	2.8563156
387	VIMSX	Nov 17, 2017	41.03	Aug 21, 2017	38.42	6.7933426	40.65	0.9348068
388	LEXCX	Nov 17, 2017	35.5	Aug 21, 2017	33.24	6.7990265	35.59	-0.25287628
389	RSP	Nov 17, 2017	97.47	Aug 21, 2017	91.26	6.8047256	96.9	0.5882416
390	EEM	Nov 17, 2017	46.82	Aug 21, 2017	43.83	6.821808	46.29	1.1449585
391	VEVRX	Nov 17, 2017	39.98	Aug 21, 2017	37.42	6.841263	39.98	0.0	*BT**P*
392	VO	Nov 17, 2017	150.31	Aug 21, 2017	140.66	6.860504	148.95	0.91306305
393	RERGX	Nov 17, 2017	57.39	Aug 21, 2017	53.7	6.8715057	57.01	0.6665497
394	ANDVX	Nov 17, 2017	18.41	Aug 21, 2017	17.22	6.910576	18.42	-0.05429077	*BT*
395	PYVLX	Nov 17, 2017	16.73	Aug 21, 2017	15.64	6.969307	16.72	0.059806824
396	XLF	Nov 17, 2017	26.16	Aug 21, 2017	24.45	6.993866	26.08	0.30674744
397	VTI	Nov 17, 2017	132.64	Aug 21, 2017	123.86	7.088646	132.54	0.07546234
398	DGRO	Nov 17, 2017	33.42	Aug 21, 2017	31.2	7.1153793	33.32	0.30012512
399	FSTMX	Nov 17, 2017	74.96	Aug 21, 2017	69.98	7.1163177	74.87	0.12020111
400	VTSMX	Nov 17, 2017	64.56	Aug 21, 2017	60.27	7.1179657	64.47	0.13959503
401	JHML	Nov 17, 2017	33.7	Aug 21, 2017	31.46	7.1201553	33.6	0.2976303
402	FFSMX	Nov 17, 2017	75.0	Aug 21, 2017	70.0	7.142853	74.91	0.120140076
403	ANWPX	Nov 17, 2017	45.15	Aug 21, 2017	42.14	7.142868	44.86	0.6464615
404	FSTVX	Nov 17, 2017	74.99	Aug 21, 2017	69.99	7.143875	74.89	0.13352966
405	VTSAX	Nov 17, 2017	64.59	Aug 21, 2017	60.28	7.1499557	64.5	0.139534
406	JHMF	Nov 17, 2017	34.96	Aug 21, 2017	32.62	7.1735153	34.77	0.5464401
407	VWNDX	Nov 17, 2017	23.42	Aug 21, 2017	21.85	7.1853485	23.39	0.12825775
408	IBM	Nov 17, 2017	148.97	Aug 21, 2017	138.94	7.2189484	149.16	-0.12738037
409	FCSAX	Nov 17, 2017	18.08	Aug 21, 2017	16.86	7.2360535	18.04	0.22172546
410	VFH	Nov 17, 2017	66.08	Aug 21, 2017	61.56	7.3424377	65.72	0.54777527
411	FNCL	Nov 17, 2017	38.4	Aug 21, 2017	35.77	7.3525314	38.19	0.5498886
412	FSCGX	Nov 17, 2017	42.52	Aug 21, 2017	39.6	7.373741	42.89	-0.8626709
413	FLSAX	Nov 17, 2017	44.39	Aug 21, 2017	41.33	7.403816	44.4	-0.022521973
414	RPMGX	Nov 17, 2017	92.33	Aug 21, 2017	85.95	7.422928	91.43	0.98435974
415	CHTTX	Nov 17, 2017	43.11	Aug 21, 2017	40.13	7.425865	41.82	3.0846481
416	FVSAX	Nov 17, 2017	20.08	Aug 21, 2017	18.69	7.437134	20.02	0.29969025
417	FJSCX	Nov 17, 2017	18.86	Aug 21, 2017	17.55	7.4643936	18.95	-0.47493744
418	FFGCX	Nov 17, 2017	12.46	Aug 21, 2017	11.59	7.5064697	12.76	-2.351097
419	FDCAX	Nov 17, 2017	38.04	Aug 21, 2017	35.38	7.5183716	38.01	0.07892609
420	VUG	Nov 17, 2017	137.66	Aug 21, 2017	128.03	7.521675	137.67	-0.0072631836
421	PRGFX	Nov 17, 2017	70.16	Aug 21, 2017	65.25	7.52491	70.11	0.07131958
422	PCBIX	Nov 17, 2017	27.65	Aug 21, 2017	25.71	7.5457077	27.49	0.58203125	*BT**P*
423	FDSVX	Nov 17, 2017	33.13	Aug 21, 2017	30.8	7.5649414	32.99	0.4243698
424	FSMVX	Nov 17, 2017	27.72	Aug 21, 2017	25.77	7.566925	27.41	1.1309738
425	XTN	Nov 17, 2017	58.17	Aug 21, 2017	54.07	7.5827637	58.05	0.20671844	*P*
426	FGDKX	Nov 17, 2017	33.16	Aug 21, 2017	30.82	7.592476	33.02	0.4239807
427	VOOG	Nov 17, 2017	133.74	Aug 21, 2017	124.23	7.655159	134.03	-0.216362
428	MLAIX	Nov 17, 2017	11.17	Aug 21, 2017	10.37	7.714554	11.11	0.5400543	*BT**P*
429	FSCDX	Nov 17, 2017	28.62	Aug 21, 2017	26.57	7.715477	28.31	1.0950241
430	JHMM	Nov 17, 2017	33.08	Aug 21, 2017	30.7	7.7524414	32.83	0.7614975
431	FDSSX	Nov 17, 2017	44.34	Aug 21, 2017	41.14	7.7783203	44.23	0.248703
432	FMILX	Nov 17, 2017	41.56	Aug 21, 2017	38.56	7.7800903	41.44	0.2895813
433	FSSKX	Nov 17, 2017	44.38	Aug 21, 2017	41.17	7.7969437	44.27	0.24848175
434	FLVCX	Nov 17, 2017	33.47	Aug 21, 2017	31.04	7.8286057	33.37	0.29968262
435	JHMA	Nov 17, 2017	33.42	Aug 21, 2017	30.99	7.8412323	33.73	-0.9190674
436	FLCKX	Nov 17, 2017	33.55	Aug 21, 2017	31.11	7.8431396	33.44	0.32894897
437	FEMSX	Nov 17, 2017	21.74	Aug 21, 2017	20.15	7.8908234	21.49	1.1633301
438	FIDSX	Nov 17, 2017	110.19	Aug 21, 2017	102.1	7.9235992	109.6	0.53832245
439	CGMRX	Nov 17, 2017	36.22	Aug 21, 2017	33.56	7.9261093	36.28	-0.16537476
440	FLCEX	Nov 17, 2017	14.55	Aug 21, 2017	13.48	7.9376907	14.54	0.06877136
441	FSNGX	Nov 17, 2017	23.43	Aug 21, 2017	21.7	7.972351	24.6	-4.756096
442	AGTHX	Nov 17, 2017	51.5	Aug 21, 2017	47.68	8.011749	51.51	-0.01941681
443	FWWFX	Nov 17, 2017	27.76	Aug 21, 2017	25.7	8.015564	27.66	0.36154175
444	EWJ	Nov 17, 2017	58.69	Aug 21, 2017	54.33	8.025024	59.08	-0.66012573
445	XBI	Nov 17, 2017	81.43	Aug 21, 2017	75.34	8.083359	82.77	-1.6189423
446	FSRBX	Nov 17, 2017	34.03	Aug 21, 2017	31.48	8.10038	33.39	1.9167404
447	FDFFX	Nov 17, 2017	41.08	Aug 21, 2017	38.0	8.105263	41.14	-0.14583588
448	FSVLX	Nov 17, 2017	15.46	Aug 21, 2017	14.3	8.111885	15.18	1.8445282
449	SSSFX	Nov 17, 2017	25.26	Aug 21, 2017	23.36	8.133553	25.13	0.5173111
450	FDEGX	Nov 17, 2017	39.98	Aug 21, 2017	36.97	8.141731	39.52	1.1639557	*P*
451	FSCPX	Nov 17, 2017	40.88	Aug 21, 2017	37.8	8.148155	40.27	1.5147781
452	FZANX	Nov 17, 2017	33.5	Aug 21, 2017	30.97	8.169197	33.39	0.3294449	*BT*
453	FAGKX	Nov 17, 2017	40.3	Aug 21, 2017	37.25	8.187912	39.83	1.1800079
454	FCYIX	Nov 17, 2017	35.52	Aug 21, 2017	32.83	8.193718	35.77	-0.6989136
455	FSLCX	Nov 17, 2017	19.9	Aug 21, 2017	18.39	8.210983	19.76	0.7084961
456	XT	Nov 17, 2017	35.02	Aug 21, 2017	32.36	8.220032	34.78	0.69005585
457	DIA	Nov 17, 2017	233.39	Aug 21, 2017	215.61	8.246376	233.87	-0.20524597	*P*
458	FSLBX	Nov 17, 2017	79.81	Aug 21, 2017	73.69	8.305046	79.13	0.8593445	*P*
459	FFIDX	Nov 17, 2017	44.98	Aug 21, 2017	41.52	8.333328	45.0	-0.044448853
460	SCHD	Nov 17, 2017	48.87	Aug 21, 2017	45.11	8.335175	48.68	0.39030457
461	FFDKX	Nov 17, 2017	44.97	Aug 21, 2017	41.5	8.36145	44.99	-0.044456482
462	FCNTX	Nov 17, 2017	126.96	Aug 21, 2017	117.14	8.383133	126.65	0.24477386	*P*
463	FCNKX	Nov 17, 2017	126.97	Aug 21, 2017	117.12	8.410179	126.65	0.25266266	*P*
464	DIAX	Nov 17, 2017	17.66	Aug 21, 2017	16.27	8.543327	17.59	0.39795685
465	FDLSX	Nov 17, 2017	169.34	Aug 21, 2017	156.01	8.544327	167.62	1.0261307
466	FTRNX	Nov 17, 2017	105.15	Aug 21, 2017	96.85	8.569954	105.11	0.03805542
467	FEMFX	Sep 06, 2017	20.73	Jun 07, 2017	19.09	8.590874	20.73	0.0
468	JHMI	Nov 17, 2017	33.29	Aug 21, 2017	30.65	8.61338	33.23	0.18056488
469	JDSNX	Nov 17, 2017	24.07	Aug 21, 2017	22.15	8.668175	23.8	1.1344528	*BT*
470	RSX	Nov 17, 2017	21.93	Aug 21, 2017	20.18	8.671951	22.28	-1.5709152
471	FSGFX	Nov 17, 2017	18.89	Aug 21, 2017	17.38	8.6881485	18.78	0.5857239
472	PRNHX	Nov 17, 2017	55.42	Aug 21, 2017	50.95	8.7733	54.92	0.91041565
473	FSDAX	Nov 17, 2017	163.08	Aug 21, 2017	149.91	8.785271	164.65	-0.95352936
474	JMIEX	Nov 17, 2017	29.7	Aug 21, 2017	27.3	8.791222	29.22	1.6427155	*BT*
475	FMAGX	Nov 17, 2017	105.79	Aug 21, 2017	97.24	8.792686	105.96	-0.16043854
476	FEMKX	Nov 17, 2017	32.14	Aug 21, 2017	29.54	8.801613	31.63	1.6123886	*P*
477	FMGKX	Nov 17, 2017	105.69	Aug 21, 2017	97.13	8.8129425	105.86	-0.1605835
478	SHOP	Nov 17, 2017	104.89	Aug 21, 2017	96.27	8.953987	100.01	4.879509	*P*
479	FMEIX	Nov 17, 2017	15.94	Aug 21, 2017	14.63	8.954201	15.77	1.0779877
480	KRE	Nov 17, 2017	56.01	Aug 21, 2017	51.39	8.990074	54.35	3.0542755
481	XLB	Nov 17, 2017	58.31	Aug 21, 2017	53.47	9.051804	58.11	0.34417725	*P*
482	FBT	Nov 17, 2017	122.39	Aug 21, 2017	112.2	9.081993	120.57	1.5094986
483	VEXMX	Nov 17, 2017	82.47	Aug 21, 2017	75.59	9.101738	81.67	0.9795532
484	RTM	Nov 17, 2017	106.51	Aug 21, 2017	97.6	9.129105	106.54	-0.028160095
485	VEXAX	Nov 17, 2017	82.44	Aug 21, 2017	75.54	9.134232	81.64	0.9799118	*P*
486	FSEVX	Nov 17, 2017	62.76	Aug 21, 2017	57.49	9.166801	62.15	0.98148346
487	FSEMX	Nov 17, 2017	62.75	Aug 21, 2017	57.48	9.168411	62.14	0.9816513
488	HAO	Nov 17, 2017	29.7	Aug 21, 2017	27.2	9.191177	30.2	-1.6556244
489	ANFVX	Nov 17, 2017	27.94	Aug 21, 2017	25.58	9.225967	27.75	0.6846924	*BT*
490	NAESX	Nov 17, 2017	68.78	Aug 21, 2017	62.92	9.313416	68.18	0.8800278
491	VB	Nov 17, 2017	143.58	Aug 21, 2017	131.3	9.352623	142.36	0.856987
492	NOSGX	Nov 17, 2017	25.25	Aug 21, 2017	23.09	9.354698	25.03	0.8789444
493	ONEQ	Nov 17, 2017	267.04	Aug 21, 2017	244.19	9.357468	265.6	0.54216003
494	FXZ	Nov 17, 2017	41.13	Aug 21, 2017	37.61	9.359215	40.98	0.36603546
495	FNCMX	Nov 17, 2017	89.71	Aug 21, 2017	82.02	9.375763	89.27	0.49289703	*P*
496	FSCFX	Nov 17, 2017	15.27	Aug 21, 2017	13.96	9.383949	15.13	0.92531586
497	QQQ	Nov 17, 2017	153.95	Aug 21, 2017	140.74	9.386101	153.68	0.1756897
498	JATTX	Nov 17, 2017	28.96	Aug 21, 2017	26.47	9.406876	28.74	0.76548004
499	FSLEX	Nov 17, 2017	26.28	Aug 21, 2017	24.02	9.408829	26.05	0.88292694
500	FJPNX	Nov 17, 2017	15.33	Aug 21, 2017	14.01	9.421837	15.31	0.1306305
501	FCPVX	Nov 17, 2017	19.97	Aug 21, 2017	18.25	9.424652	19.79	0.9095459
502	FXI	Nov 17, 2017	46.49	Aug 21, 2017	42.48	9.439743	47.12	-1.3370056
503	RFV	Nov 17, 2017	65.81	Aug 21, 2017	60.11	9.482613	65.7	0.16742706
504	EEH	Nov 17, 2017	19.71	Aug 21, 2017	18.0	9.499992	19.19	2.709732
505	VAW	Nov 17, 2017	131.58	Aug 21, 2017	120.15	9.513107	130.95	0.481102
506	FOCPX	Nov 17, 2017	109.35	Aug 21, 2017	99.8	9.56913	108.85	0.4593506
507	FCPGX	Nov 17, 2017	24.33	Aug 21, 2017	22.19	9.643982	24.19	0.5787506	*P*
508	FBGRX	Nov 17, 2017	88.28	Aug 21, 2017	80.5	9.664597	87.96	0.36380005
509	FSDPX	Nov 17, 2017	91.21	Aug 21, 2017	83.14	9.70652	90.85	0.39626312
510	GSSUX	Nov 17, 2017	64.92	Aug 21, 2017	59.14	9.773422	64.24	1.0585327
511	FLGEX	Nov 17, 2017	18.89	Aug 21, 2017	17.18	9.95343	18.88	0.052963257
512	FCPEX	Nov 17, 2017	14.42	Aug 21, 2017	13.11	9.992371	14.23	1.3352127
513	PYZ	Nov 17, 2017	66.82	Aug 21, 2017	60.66	10.154961	66.52	0.45098877
514	XLE	Nov 17, 2017	67.43	Aug 21, 2017	61.19	10.197746	69.66	-3.201271
515	FSESX	Nov 17, 2017	44.36	Aug 21, 2017	40.25	10.211182	46.48	-4.561096
516	VHCOX	Nov 17, 2017	67.53	Aug 21, 2017	61.27	10.217072	66.84	1.0323181
517	FDSCX	Nov 17, 2017	28.54	Aug 21, 2017	25.88	10.2782135	28.31	0.81243896
518	FSOPX	Nov 17, 2017	14.18	Aug 21, 2017	12.85	10.350189	14.06	0.8534775
519	IWM	Nov 17, 2017	148.45	Aug 21, 2017	134.5	10.371742	146.57	1.2826538
520	FPBFX	Nov 17, 2017	36.22	Aug 21, 2017	32.81	10.393166	36.01	0.5831833	*P*
521	PARWX	Nov 17, 2017	39.26	Aug 21, 2017	35.53	10.498169	38.46	2.0800858
522	RWJ	Nov 17, 2017	66.81	Aug 21, 2017	60.41	10.594269	65.58	1.8755646
523	ASHR	Nov 17, 2017	31.38	Aug 21, 2017	28.37	10.609795	31.39	-0.03186035
524	RYTRX	Nov 17, 2017	14.98	Aug 21, 2017	13.54	10.635147	14.82	1.0796204	*BT*
525	FGCKX	Nov 17, 2017	183.88	Aug 21, 2017	166.1	10.704399	183.39	0.26719666
526	FSHOX	Nov 17, 2017	67.37	Aug 21, 2017	60.81	10.787704	66.91	0.6874924
527	FENY	Nov 17, 2017	18.67	Aug 21, 2017	16.85	10.801186	19.33	-3.414383
528	BRSVX	Nov 17, 2017	26.15	Aug 21, 2017	23.6	10.805084	25.94	0.8095627
529	JASCX	Nov 17, 2017	36.21	Aug 21, 2017	32.67	10.835632	35.89	0.8916168
530	EPU	Nov 17, 2017	40.81	Aug 21, 2017	36.79	10.92688	41.37	-1.3536301
531	XHB	Nov 17, 2017	41.56	Aug 21, 2017	37.45	10.974632	40.85	1.7380676
532	FSEAX	Nov 17, 2017	44.93	Aug 21, 2017	40.45	11.075401	44.78	0.3349762	*P*
533	VDE	Nov 17, 2017	92.26	Aug 21, 2017	83.05	11.089706	95.37	-3.2609787
534	STCEX	Nov 17, 2017	10.83	Aug 21, 2017	9.74	11.190964	10.59	2.2662888
535	FBSOX	Nov 17, 2017	54.81	Aug 21, 2017	49.27	11.2441635	54.56	0.4582138
536	DBC	Nov 17, 2017	16.32	Aug 21, 2017	14.66	11.323334	16.4	-0.48780823
537	FSRPX	Nov 17, 2017	128.75	Aug 21, 2017	115.61	11.365799	126.02	2.1663284
538	FTQGX	Nov 17, 2017	23.88	Aug 21, 2017	21.43	11.432564	23.66	0.92983246
539	CXXRX	Nov 17, 2017	26.06	Aug 21, 2017	23.37	11.510483	25.62	1.7173996	*BT*
540	IJR	Nov 17, 2017	74.63	Aug 21, 2017	66.87	11.604599	73.35	1.7450562
541	FSCSX	Nov 17, 2017	171.43	Aug 21, 2017	153.45	11.717163	171.33	0.05836487	*P*
542	FSAVX	Nov 17, 2017	39.35	Aug 21, 2017	35.1	12.108269	39.11	0.6136551	*P*
543	THD	Nov 17, 2017	89.43	Aug 21, 2017	79.67	12.250534	86.54	3.3394928
544	PRGTX	Nov 17, 2017	19.77	Aug 21, 2017	17.61	12.265755	19.44	1.697525
545	IJS	Nov 17, 2017	148.72	Aug 21, 2017	132.41	12.317802	146.61	1.4391937
546	SLYV	Nov 17, 2017	126.8	Aug 21, 2017	112.89	12.321732	125.06	1.3913422
547	EES	Nov 17, 2017	35.16	Aug 21, 2017	31.29	12.368164	34.57	1.7066803
548	PENNX	Nov 17, 2017	12.56	Aug 21, 2017	11.17	12.444054	12.42	1.1272202
549	FSCHX	Nov 17, 2017	183.09	Aug 21, 2017	162.4	12.74015	182.18	0.49951172
550	FTEC	Nov 17, 2017	49.98	Aug 21, 2017	44.22	13.025772	50.04	-0.119903564
551	VGT	Nov 17, 2017	164.64	Aug 21, 2017	145.58	13.092461	164.8	-0.097091675
552	FHKCX	Nov 17, 2017	36.28	Aug 21, 2017	32.05	13.198128	35.89	1.0866547	*P*
553	JHME	Nov 17, 2017	27.52	Aug 21, 2017	24.31	13.204445	28.55	-3.6077042
554	ERUS	Nov 17, 2017	34.26	Aug 21, 2017	30.25	13.256195	34.59	-0.9540405
555	ICENX	Nov 17, 2017	12.41	Aug 21, 2017	10.91	13.748863	12.85	-3.4241257
556	QQQX	Nov 17, 2017	23.95	Aug 21, 2017	21.04	13.830795	23.87	0.33514404
557	FNARX	Nov 17, 2017	27.94	Aug 21, 2017	24.51	13.994286	28.82	-3.0534363
558	FDCPX	Nov 17, 2017	98.78	Aug 21, 2017	86.54	14.143738	98.65	0.1317749
559	FSPTX	Nov 17, 2017	193.84	Aug 21, 2017	169.77	14.178001	192.0	0.9583359
560	MVALX	Nov 17, 2017	44.41	Aug 21, 2017	38.89	14.193878	44.02	0.88596344
561	FATIX	Nov 17, 2017	63.77	Aug 21, 2017	55.82	14.24221	63.08	1.0938492	*BT**P*
562	FSENX	Nov 17, 2017	41.47	Aug 21, 2017	36.17	14.653038	43.06	-3.6925201
563	JHMT	Nov 17, 2017	41.49	Aug 21, 2017	36.09	14.962601	41.12	0.8998184
564	PSCM	Nov 17, 2017	50.34	Aug 21, 2017	43.76	15.036568	50.05	0.57941437
565	ROBO	Nov 17, 2017	41.0	Aug 21, 2017	35.58	15.233269	40.64	0.88583374
566	POAGX	Nov 17, 2017	43.21	Aug 21, 2017	37.37	15.627518	41.94	3.0281448
567	PKB	Nov 17, 2017	33.01	Aug 21, 2017	28.43	16.109741	32.84	0.5176544
568	USO	Nov 17, 2017	11.35	Aug 21, 2017	9.71	16.889809	11.42	-0.6129532
569	RZV	Nov 17, 2017	70.83	Aug 21, 2017	60.08	17.892815	69.24	2.2963638
570	CSCO	Nov 17, 2017	35.9	Aug 21, 2017	30.42	18.014465	33.99	5.619301
571	BOTZ	Nov 17, 2017	24.07	Aug 21, 2017	20.02	20.229767	24.06	0.04156494	*P*
572	UGA	Nov 17, 2017	31.42	Aug 21, 2017	25.94	21.125671	32.94	-4.6144485
573	ITB	Nov 17, 2017	40.86	Aug 21, 2017	33.59	21.643356	40.02	2.0989532
574	OIL	Nov 17, 2017	6.05	Aug 21, 2017	4.93	22.718063	6.11	-0.9819946	*P*
575	FSELX	Nov 17, 2017	126.82	Aug 21, 2017	102.77	23.401772	126.14	0.5390854
576	PSCE	Nov 17, 2017	14.44	Aug 21, 2017	11.43	26.334206	15.27	-5.435501	*P*
577	AIEQ	Nov 17, 2017	24.72	null	1.0	2372.0	24.41	1.2699738
578	JHSC	Nov 17, 2017	25.14	null	1.0	2414.0	25.0	0.55999756
