1	PSCE	Jun 16, 2017	13.36	Mar 17, 2017	17.48	-23.569794	13.9	-3.8848953	*P*
2	FSESX	today	45.02	Mar 20, 2017	52.57	-14.361801	46.11	-2.3639145
3	ERUS	Jun 16, 2017	28.43	Mar 17, 2017	32.44	-12.361275	29.38	-3.23349
4	FSNGX	today	23.41	Mar 20, 2017	26.62	-12.058601	23.75	-1.4315796
5	OIL	Jun 16, 2017	4.76	Mar 17, 2017	5.37	-11.359398	4.86	-2.0576096	*P*
6	IBM	Jun 16, 2017	155.38	Mar 17, 2017	173.95	-10.675476	154.1	0.83062744
7	USO	Jun 16, 2017	9.24	Mar 17, 2017	10.33	-10.551796	9.49	-2.6343536	*P*
8	FSENX	today	38.69	Mar 20, 2017	43.12	-10.273651	39.65	-2.421196
9	RSX	Jun 16, 2017	18.75	Mar 17, 2017	20.89	-10.244133	19.39	-3.3006668
10	UGA	Jun 16, 2017	23.2	Mar 17, 2017	25.83	-10.181961	24.04	-3.4941788
11	FNARX	today	25.9	Mar 20, 2017	28.66	-9.63015	26.59	-2.594963
12	ICENX	today	11.57	Mar 20, 2017	12.69	-8.825844	11.81	-2.0321808
13	EWZ	Jun 16, 2017	34.14	Mar 17, 2017	37.23	-8.299759	34.24	-0.29206085
14	PCRIX	today	6.42	Mar 20, 2017	6.95	-7.6258926	6.66	-3.6035995	*BT*
15	CSCO	Jun 16, 2017	31.63	Mar 17, 2017	33.93	-6.7786636	31.37	0.82881165
16	AMLP	Jun 16, 2017	11.58	Mar 17, 2017	12.38	-6.462036	11.84	-2.1959457
17	DBC	Jun 16, 2017	14.12	Mar 17, 2017	14.99	-5.803871	14.32	-1.3966446
18	USAGX	today	12.71	Mar 20, 2017	13.45	-5.501854	13.15	-3.3460007
19	FFGCX	today	11.08	Mar 20, 2017	11.71	-5.38002	11.3	-1.9468994
20	RZV	Jun 16, 2017	65.43	Mar 17, 2017	69.01	-5.1876526	66.31	-1.327095
21	PTM	Jun 16, 2017	9.64	Mar 17, 2017	10.15	-5.0246277	9.81	-1.7329254
22	FSAGX	today	20.02	Mar 20, 2017	21.04	-4.847908	20.64	-3.003868	*P*
23	FCSSX	today	5.03	Mar 20, 2017	5.27	-4.554077	5.05	-0.39603424
24	CHAD	Jun 16, 2017	38.0	Mar 17, 2017	39.78	-4.4746094	37.41	1.5771179
25	PYZ	Jun 16, 2017	59.86	Mar 17, 2017	62.59	-4.361717	61.39	-2.4922638
26	XLE	Jun 16, 2017	66.3	Mar 17, 2017	69.32	-4.3566055	65.97	0.5002289
27	FCSFX	today	5.1	Mar 20, 2017	5.33	-4.315201	5.12	-0.390625
28	FSCRX	today	30.77	Mar 20, 2017	32.0	-3.84375	31.19	-1.3465881
29	FBIOX	today	199.05	Mar 20, 2017	205.93	-3.3409348	197.55	0.75930023	*P*
30	PSCM	Jun 16, 2017	46.04	Mar 17, 2017	47.55	-3.1755981	47.3	-2.6638412
31	RSXJ	Jun 16, 2017	38.64	Mar 17, 2017	39.82	-2.9633331	40.36	-4.26165
32	RYURX	today	68.04	Mar 20, 2017	70.04	-2.855507	68.17	-0.19069672
33	FEMEX	today	8.7	Mar 20, 2017	8.94	-2.6845627	8.79	-1.0238953
34	CHTTX	today	42.34	Mar 20, 2017	43.45	-2.5546646	42.81	-1.0978775
35	RWJ	Jun 16, 2017	65.34	Mar 17, 2017	67.05	-2.5503464	66.58	-1.8624268
36	KRE	Jun 16, 2017	55.07	Mar 17, 2017	56.34	-2.2541733	55.53	-0.82837677
37	FSLCX	today	18.91	Mar 20, 2017	19.3	-2.0207214	18.87	0.21196747
38	FBCVX	today	18.05	Mar 20, 2017	18.4	-1.9021759	18.14	-0.49613953	*P*
39	FSRBX	today	32.4	Mar 20, 2017	32.94	-1.6393356	32.52	-0.3690033
40	HAO	Jun 16, 2017	25.11	Mar 17, 2017	25.52	-1.6065826	25.31	-0.7901993
41	BRSVX	today	24.57	Mar 20, 2017	24.84	-1.0869598	24.85	-1.12677
42	FSTCX	today	68.64	Mar 20, 2017	69.36	-1.038063	69.08	-0.63694763
43	IBB	Jun 16, 2017	292.73	Mar 17, 2017	294.97	-0.7593918	294.11	-0.46920013
44	RFV	Jun 16, 2017	62.06	Mar 17, 2017	62.52	-0.73576355	62.39	-0.52892303
45	STCEX	today	11.27	Mar 20, 2017	11.35	-0.7048416	11.39	-1.0535507
46	FSCHX	today	157.81	Mar 20, 2017	158.92	-0.69846344	158.84	-0.64845276	*P*
47	FDSCX	today	26.74	Mar 20, 2017	26.87	-0.48381805	26.89	-0.5578308
48	FSOPX	today	14.31	Mar 20, 2017	14.37	-0.41753387	14.39	-0.5559387
49	FSOFX	today	14.4	Mar 20, 2017	14.46	-0.41493988	14.48	-0.55249023
50	XLF	Jun 16, 2017	24.29	Mar 17, 2017	24.36	-0.28735352	24.2	0.37189484
51	RYTRX	today	13.93	Mar 20, 2017	13.96	-0.21489716	14.0	-0.5	*BT*
52	FBMPX	today	80.67	Mar 20, 2017	80.81	-0.17324829	80.89	-0.27197266
53	FIRLX	today	50.5	Mar 20, 2017	50.56	-0.11867523	50.5	0.0
54	FSRRX	today	8.74	Mar 20, 2017	8.75	-0.11428833	8.75	-0.11428833
55	FCPEX	today	13.85	Mar 20, 2017	13.86	-0.072143555	14.03	-1.282959
56	JASCX	today	34.0	Mar 20, 2017	34.02	-0.058784485	34.45	-1.3062439
57	FIRKX	today	53.94	Mar 20, 2017	53.97	-0.055595398	53.94	0.0
58	FIRJX	today	49.75	Mar 20, 2017	49.75	0.0	49.75	0.0
59	FSAVX	today	35.01	Mar 20, 2017	35.0	0.028564453	35.36	-0.9898224
60	IHE	Jun 16, 2017	151.37	Mar 17, 2017	151.31	0.039649963	151.84	-0.3095398
61	FLVEX	today	12.37	Mar 20, 2017	12.36	0.08090973	12.42	-0.40257263	*P*
62	FSIPX	today	9.85	Mar 20, 2017	9.84	0.101623535	9.88	-0.30364227
63	VEVRX	today	38.06	Mar 20, 2017	38.02	0.10521698	38.13	-0.18357849	*BT**P*
64	FFIPX	today	9.87	Mar 20, 2017	9.85	0.20303345	9.9	-0.30303192
65	FLATX	today	21.89	Mar 20, 2017	21.84	0.22892761	21.43	2.146515
66	FINPX	today	11.96	Mar 20, 2017	11.93	0.2514572	11.99	-0.250206
67	FIPAX	today	11.81	Mar 20, 2017	11.78	0.25467682	11.84	-0.2533722
68	ACITX	today	11.67	Mar 20, 2017	11.64	0.25772858	11.7	-0.2564087
69	FLCSX	today	30.84	Mar 20, 2017	30.76	0.26007843	30.87	-0.09718323
70	FCNVX	today	10.04	Mar 20, 2017	10.01	0.29969025	10.04	0.0
71	VIPSX	today	13.12	Mar 20, 2017	13.08	0.30580902	13.15	-0.22813416
72	IJS	Jun 16, 2017	139.72	Mar 17, 2017	139.29	0.30871582	141.53	-1.2788773
73	FSLVX	today	19.42	Mar 20, 2017	19.36	0.30992126	19.42	0.0
74	PRIPX	today	11.86	Mar 20, 2017	11.82	0.33840942	11.88	-0.16835022
75	FSHBX	today	8.62	Mar 20, 2017	8.59	0.34923553	8.62	0.0
76	SLYV	Jun 16, 2017	118.72	Mar 17, 2017	118.3	0.35502625	120.24	-1.2641373
77	FKMCX	today	36.47	Mar 20, 2017	36.34	0.35773468	36.46	0.027427673
78	FVSAX	today	19.59	Mar 20, 2017	19.52	0.35860443	19.62	-0.15290833
79	VSGBX	today	10.7	Mar 20, 2017	10.66	0.3752365	10.69	0.09354401
80	SHY	Jun 16, 2017	84.52	Mar 17, 2017	84.2	0.38005066	84.48	0.047340393
81	FMCSX	today	36.46	Mar 20, 2017	36.32	0.3854599	36.45	0.027427673
82	OAKBX	today	31.95	Mar 20, 2017	31.81	0.4401245	31.99	-0.12503815
83	EPU	Jun 16, 2017	33.78	Mar 17, 2017	33.63	0.44602203	34.96	-3.3752823
84	SWRSX	today	11.07	Mar 20, 2017	11.02	0.45371246	11.09	-0.18034363
85	PRRDX	today	10.98	Mar 20, 2017	10.93	0.45745087	11.02	-0.3629837
86	TIP	Jun 16, 2017	113.68	Mar 17, 2017	113.12	0.49505615	114.17	-0.42918396
87	DODGX	today	192.08	Mar 20, 2017	191.05	0.53912354	192.49	-0.21299744
88	FVDFX	today	27.3	Mar 20, 2017	27.15	0.55249023	27.29	0.036636353
89	USSTX	today	10.48	Mar 20, 2017	10.42	0.57580566	10.49	-0.095329285
90	FXZ	Jun 16, 2017	38.22	Mar 17, 2017	37.99	0.60541534	38.55	-0.8560257
91	XTN	Jun 16, 2017	54.07	Mar 17, 2017	53.72	0.6515274	54.06	0.018486023
92	NOSGX	today	24.19	Mar 20, 2017	24.03	0.6658325	24.45	-1.0633926
93	FSDCX	today	34.65	Mar 20, 2017	34.42	0.66822815	34.47	0.5221939
94	ANFVX	today	26.62	Mar 20, 2017	26.44	0.68079376	26.83	-0.7827072	*BT*
95	PAUDX	today	8.77	Mar 20, 2017	8.71	0.68886566	8.86	-1.0157928
96	ANDVX	today	17.36	Mar 20, 2017	17.24	0.6960602	17.29	0.40486145	*BT*
97	FFXSX	today	9.97	Mar 20, 2017	9.9	0.707077	9.96	0.1003952
98	FEXPX	today	22.54	Mar 20, 2017	22.37	0.75994873	22.6	-0.26548767
99	FEXKX	today	22.5	Mar 20, 2017	22.33	0.76130676	22.57	-0.31015015
100	FSBAX	today	10.42	Mar 20, 2017	10.34	0.77368927	10.42	0.0
101	HDOGX	today	14.09	Mar 20, 2017	13.98	0.78684235	14.0	0.6428604
102	PKB	Jun 16, 2017	29.59	Mar 17, 2017	29.35	0.8177185	29.55	0.13536072
103	FICDX	today	49.66	Mar 20, 2017	49.25	0.832489	49.75	-0.1809082
104	FFRHX	today	9.65	Mar 20, 2017	9.57	0.8359451	9.67	-0.20682526
105	FSDPX	today	82.13	Mar 20, 2017	81.44	0.84724426	82.61	-0.58104706	*P*
106	EEH	Jun 16, 2017	17.63	Mar 17, 2017	17.48	0.85811615	17.65	-0.11331177
107	PRF	Jun 16, 2017	103.72	Mar 17, 2017	102.83	0.86550903	103.57	0.1448288
108	FIDSX	today	101.26	Mar 20, 2017	100.33	0.9269333	100.81	0.44638824
109	FLVCX	today	36.01	Mar 20, 2017	35.67	0.95318604	36.24	-0.63466644
110	XBI	Jun 16, 2017	71.6	Mar 17, 2017	70.91	0.9730606	71.24	0.5053406
111	GTSGX	today	9.33	Mar 20, 2017	9.24	0.9740219	9.3	0.32257843
112	FLCKX	today	36.09	Mar 20, 2017	35.74	0.9792938	36.32	-0.633255
113	BSV	Jun 16, 2017	79.96	Mar 17, 2017	79.18	0.9850998	79.86	0.12521362	*P*
114	YAFFX	today	21.51	Mar 20, 2017	21.3	0.98592377	21.52	-0.046470642
115	PASDX	today	11.8	Mar 20, 2017	11.68	1.0273895	11.89	-0.7569351
116	BTTTX	today	104.01	Mar 20, 2017	102.93	1.0492554	103.99	0.019241333
117	VTV	Jun 16, 2017	97.48	Mar 17, 2017	96.44	1.078392	97.08	0.41203308
118	FDCPX	today	84.06	Mar 20, 2017	83.15	1.0943985	84.79	-0.8609543	*P*
119	CDSIX	today	16.21	Mar 20, 2017	16.03	1.122879	16.2	0.061714172	*BT*
120	FXI	Jun 16, 2017	39.58	Mar 17, 2017	39.14	1.124176	40.24	-1.6401596
121	PYVLX	today	16.07	Mar 20, 2017	15.89	1.1327896	16.01	0.37475586
122	FLSAX	today	52.27	Mar 20, 2017	51.68	1.1416473	52.5	-0.4380951
123	EES	Jun 16, 2017	32.61	Mar 17, 2017	32.24	1.1476364	33.06	-1.3611603
124	FSTGX	today	10.54	Mar 20, 2017	10.42	1.1516342	10.53	0.0949707
125	PRPFX	today	39.49	Mar 20, 2017	39.04	1.1526718	39.61	-0.30295563
126	FEQIX	today	59.48	Mar 20, 2017	58.79	1.1736603	59.49	-0.016815186
127	VMLTX	today	10.99	Mar 20, 2017	10.86	1.197052	10.99	0.0
128	PEQKX	today	34.38	Mar 20, 2017	33.97	1.2069473	34.45	-0.20319366	*BT*
129	FEIKX	today	59.46	Mar 20, 2017	58.75	1.2085114	59.47	-0.016822815
130	FGMNX	today	11.47	Mar 20, 2017	11.33	1.2356644	11.47	0.0
131	PRFSX	today	5.62	Mar 20, 2017	5.55	1.261261	5.62	0.0
132	YACKX	today	23.13	Mar 20, 2017	22.84	1.2696991	23.14	-0.04321289
133	CXXRX	today	24.71	Mar 20, 2017	24.4	1.2704849	24.98	-1.080864	*BT*
134	FSTFX	today	10.59	Mar 20, 2017	10.45	1.3397217	10.59	0.0
135	VFIIX	today	10.57	Mar 20, 2017	10.43	1.3422699	10.58	-0.09452057
136	FCSTX	today	10.66	Mar 20, 2017	10.51	1.427208	10.67	-0.09371948
137	FMSFX	today	11.29	Mar 20, 2017	11.13	1.4375534	11.28	0.088653564
138	VB	Jun 16, 2017	135.49	Mar 17, 2017	133.55	1.4526367	135.99	-0.36766815
139	PGNDX	today	11.15	Mar 20, 2017	10.99	1.455864	11.16	-0.08960724
140	FEQTX	today	27.99	Mar 20, 2017	27.58	1.4865875	27.95	0.14311218
141	FTHRX	today	10.92	Mar 20, 2017	10.76	1.4869919	10.91	0.091659546
142	FGRIX	today	34.76	Mar 20, 2017	34.24	1.5186768	34.81	-0.14364624
143	FGIKX	today	34.73	Mar 20, 2017	34.21	1.5200272	34.78	-0.14376068
144	FETKX	today	27.99	Mar 20, 2017	27.57	1.5233994	27.95	0.14311218
145	IWM	Jun 16, 2017	140.19	Mar 17, 2017	138.06	1.5428085	141.61	-1.0027542
146	FMIMX	today	27.43	Mar 20, 2017	27.01	1.5549774	27.47	-0.145607
147	FIRMX	today	60.48	Mar 20, 2017	59.55	1.5617142	60.41	0.115875244
148	FCPVX	today	19.23	Mar 20, 2017	18.93	1.5847778	19.35	-0.62015533
149	FLCEX	today	13.44	Mar 20, 2017	13.23	1.5873108	13.46	-0.14859772
150	PFODX	today	10.59	Mar 20, 2017	10.42	1.6314774	10.59	0.0
151	POGSX	today	61.78	Mar 20, 2017	60.77	1.6620026	61.68	0.16212463
152	VWNFX	today	37.63	Mar 20, 2017	37.01	1.6752396	37.56	0.18637085
153	VHDYX	today	31.5	Mar 20, 2017	30.98	1.678505	31.35	0.47846985
154	FMEIX	today	14.9	Mar 20, 2017	14.65	1.7064819	14.93	-0.200943
155	FIKFX	today	11.75	Mar 20, 2017	11.55	1.7315979	11.73	0.17050171
156	NAESX	today	64.86	Mar 20, 2017	63.73	1.7731094	65.11	-0.38396454
157	FIRNX	today	60.68	Mar 20, 2017	59.62	1.7779388	60.61	0.115493774
158	IEI	Jun 16, 2017	124.15	Mar 17, 2017	121.97	1.7873306	123.94	0.1694336
159	VFITX	today	11.26	Mar 20, 2017	11.06	1.8083191	11.24	0.17794037
160	FASIX	today	13.43	Mar 20, 2017	13.19	1.8195648	13.41	0.1491394
161	FSCFX	today	14.25	Mar 20, 2017	13.99	1.8584747	14.28	-0.21008301
162	FSMVX	today	26.19	Mar 20, 2017	25.71	1.8669815	26.16	0.11467743
163	FGRTX	today	18.55	Mar 20, 2017	18.21	1.8671036	18.57	-0.10770416
164	FGOVX	today	10.31	Mar 20, 2017	10.12	1.8774719	10.28	0.2918396
165	VWO	Jun 16, 2017	40.75	Mar 17, 2017	39.99	1.9004669	40.97	-0.5369873
166	FMILX	today	38.56	Mar 20, 2017	37.84	1.9027481	38.71	-0.38748932
167	TGFNX	today	11.02	Mar 20, 2017	10.81	1.9426498	10.99	0.27297974
168	FSVLX	today	14.02	Mar 20, 2017	13.75	1.9636383	13.9	0.86331177
169	FVIIX	today	10.33	Mar 20, 2017	10.13	1.9743347	10.3	0.2912674	*BT*
170	FIROX	today	62.8	Mar 20, 2017	61.58	1.981163	62.73	0.111595154
171	VAW	Jun 16, 2017	121.69	Mar 17, 2017	119.32	1.9862518	123.01	-1.073082
172	GLD	Jun 16, 2017	119.34	Mar 17, 2017	116.99	2.0087128	120.54	-0.99552155
173	FFFAX	today	11.67	Mar 20, 2017	11.44	2.0104904	11.66	0.08576965
174	FIAFX	today	11.07	Mar 20, 2017	10.85	2.0276413	11.06	0.090408325	*BT*
175	FFKAX	today	11.98	Mar 20, 2017	11.74	2.0442963	11.97	0.08354187
176	FBNDX	today	7.93	Mar 20, 2017	7.77	2.0591965	7.91	0.25284576
177	DODIX	today	13.87	Mar 20, 2017	13.59	2.060341	13.83	0.28922272
178	VBMFX	today	10.82	Mar 20, 2017	10.6	2.07547	10.79	0.2780304
179	JDSNX	today	23.03	Mar 20, 2017	22.56	2.0833359	23.13	-0.43232727	*BT*
180	PRFDX	today	33.23	Mar 20, 2017	32.55	2.089096	33.14	0.2715683
181	FBIDX	today	11.67	Mar 20, 2017	11.43	2.099739	11.63	0.34394073
182	PRTIX	today	5.81	Mar 20, 2017	5.69	2.1089554	5.79	0.34542084
183	FIRPX	today	63.87	Mar 20, 2017	62.55	2.1103134	63.8	0.10971832
184	IAU	Jun 16, 2017	12.07	Mar 17, 2017	11.82	2.115059	12.2	-1.0655746
185	FWRLX	today	9.57	Mar 20, 2017	9.37	2.134468	9.64	-0.7261429	*P*
186	FJIFX	today	13.12	Mar 20, 2017	12.84	2.180687	13.1	0.15267181
187	VWNDX	today	22.28	Mar 20, 2017	21.8	2.2018433	22.25	0.13483429
188	PLMDX	today	9.19	Mar 20, 2017	8.99	2.2246933	9.19	0.0
189	VEIPX	today	34.81	Mar 20, 2017	34.05	2.2320175	34.65	0.46175385
190	MERKX	today	9.57	Mar 20, 2017	9.36	2.2435913	9.56	0.10459137
191	FIBFX	today	11.3	Mar 20, 2017	11.05	2.2624512	11.27	0.2661972
192	VEXMX	today	77.49	Mar 20, 2017	75.77	2.2700348	77.71	-0.28310394
193	TGMNX	today	10.35	Mar 20, 2017	10.12	2.2727356	10.33	0.19361877
194	FCVSX	today	27.87	Mar 20, 2017	27.25	2.2752304	27.93	-0.21482086
195	FIRQX	today	63.15	Mar 20, 2017	61.74	2.2837753	63.07	0.12685394
196	FSEMX	today	58.63	Mar 20, 2017	57.32	2.2854233	58.79	-0.27215576
197	PRVAX	today	12.06	Mar 20, 2017	11.79	2.2900848	12.06	0.0
198	FTBFX	today	10.71	Mar 20, 2017	10.47	2.2922668	10.69	0.18709564
199	USNYX	today	12.03	Mar 20, 2017	11.76	2.2959137	12.03	0.0
200	SSSFX	today	23.99	Mar 20, 2017	23.45	2.302765	24.04	-0.20799255
201	FSEVX	today	58.63	Mar 20, 2017	57.31	2.3032684	58.8	-0.2891159
202	FOHIX	today	15.88	Mar 20, 2017	15.52	2.3195877	15.86	0.12611389
203	GABUX	today	9.65	Mar 20, 2017	9.43	2.3329773	9.55	1.0471115
204	HLPPX	today	14.9	Mar 20, 2017	14.56	2.3351517	14.94	-0.26773834
205	USVAX	today	11.36	Mar 20, 2017	11.1	2.342331	11.35	0.08809662
206	RSP	Jun 16, 2017	92.88	Mar 17, 2017	90.75	2.3470993	92.56	0.34571838
207	FKIFX	today	13.89	Mar 20, 2017	13.57	2.3581543	13.87	0.14419556
208	FLTMX	today	10.4	Mar 20, 2017	10.16	2.3622055	10.4	0.0
209	FUBFX	today	11.67	Mar 20, 2017	11.4	2.3684235	11.63	0.34394073
210	FIRRX	today	60.1	Mar 20, 2017	58.7	2.3850098	60.03	0.116607666
211	FDGKX	today	34.75	Mar 20, 2017	33.94	2.3865662	34.73	0.05758667
212	BMBSX	today	11.96	Mar 20, 2017	11.68	2.3972626	11.96	0.0
213	USCBX	today	11.08	Mar 20, 2017	10.82	2.4029617	11.08	0.0
214	FDVLX	today	117.5	Mar 20, 2017	114.74	2.4054413	117.63	-0.11051178
215	FFFVX	today	12.34	Mar 20, 2017	12.05	2.4066315	12.33	0.08110809
216	MVALX	today	39.54	Mar 20, 2017	38.61	2.4087067	39.72	-0.45317078
217	PRTAX	today	10.2	Mar 20, 2017	9.96	2.4096375	10.19	0.09812927
218	PENNX	today	11.44	Mar 20, 2017	11.17	2.417183	11.54	-0.86655426
219	FVLKX	today	117.64	Mar 20, 2017	114.85	2.4292603	117.77	-0.11038208
220	FTANX	today	10.94	Mar 20, 2017	10.68	2.4344482	10.92	0.18314362
221	FDEGX	today	37.71	Mar 20, 2017	36.81	2.4449844	37.64	0.18596649	*P*
222	MDXBX	today	10.83	Mar 20, 2017	10.57	2.4597855	10.82	0.092422485
223	FFIVX	today	12.02	Mar 20, 2017	11.73	2.4723053	12.01	0.08326721	*BT*
224	FFKVX	today	13.2	Mar 20, 2017	12.88	2.4844666	13.18	0.15174103
225	FDEQX	today	36.19	Mar 20, 2017	35.31	2.4922028	36.19	0.0
226	PTTDX	today	10.26	Mar 20, 2017	10.01	2.4975052	10.22	0.39138794
227	FAGKX	today	37.99	Mar 20, 2017	37.06	2.5094376	37.91	0.21103668
228	FIRSX	today	63.55	Mar 20, 2017	61.99	2.516533	63.47	0.1260376
229	USTEX	today	13.43	Mar 20, 2017	13.1	2.519081	13.42	0.0745163
230	SPHIX	today	8.95	Mar 20, 2017	8.73	2.52005	8.97	-0.22296906
231	FDEKX	today	36.15	Mar 20, 2017	35.26	2.5241165	36.14	0.027679443
232	FLGEX	today	17.02	Mar 20, 2017	16.6	2.5301208	17.05	-0.1759491
233	PRNYX	today	11.71	Mar 20, 2017	11.42	2.5394058	11.7	0.08547211
234	CGMRX	today	32.11	Mar 20, 2017	31.31	2.5550995	32.26	-0.46496582
235	FPIOX	today	9.6	Mar 20, 2017	9.36	2.5641098	9.61	-0.10404968
236	GTFBX	today	11.56	Mar 20, 2017	11.27	2.573204	11.55	0.08657837
237	FSDIX	today	15.4	Mar 20, 2017	15.01	2.598259	15.38	0.1300354
238	FPCIX	today	10.63	Mar 20, 2017	10.36	2.6061783	10.6	0.2830124
239	VWELX	today	41.33	Mar 20, 2017	40.28	2.606758	41.25	0.19393921
240	FSICX	today	11.01	Mar 20, 2017	10.73	2.6095123	11.01	0.0
241	BND	Jun 16, 2017	82.16	Mar 17, 2017	80.07	2.6102219	81.86	0.3664856
242	FIRUX	today	64.07	Mar 20, 2017	62.44	2.6105042	64.0	0.109375
243	SWNTX	today	11.76	Mar 20, 2017	11.46	2.6177979	11.76	0.0
244	FSLSX	today	41.49	Mar 20, 2017	40.43	2.6218185	41.36	0.3143158
245	FIBAX	today	10.87	Mar 20, 2017	10.59	2.6440048	10.83	0.36934662
246	VTI	Jun 16, 2017	125.25	Mar 17, 2017	122.02	2.64711	125.19	0.047920227
247	FVSKX	today	41.47	Mar 20, 2017	40.4	2.6485062	41.33	0.33872986
248	SMTFX	today	10.45	Mar 20, 2017	10.18	2.6522522	10.45	0.0
249	NTFIX	today	11.57	Mar 20, 2017	11.27	2.661934	11.57	0.0
250	SEQUX	today	175.73	Mar 20, 2017	171.17	2.6640167	175.55	0.10253143
251	BCITX	today	11.94	Mar 20, 2017	11.63	2.6655197	11.94	0.0
252	VBIIX	today	11.51	Mar 20, 2017	11.21	2.6761856	11.48	0.26132965
253	FICNX	today	11.48	Mar 20, 2017	11.18	2.6833496	11.47	0.08718109
254	NHINX	today	8.8	Mar 20, 2017	8.57	2.6837845	8.82	-0.22675323
255	FFANX	today	11.43	Mar 20, 2017	11.13	2.6954193	11.41	0.17528534
256	MNBAX	today	17.5	Mar 20, 2017	17.04	2.6995316	17.54	-0.22805023
257	FLIFX	today	14.43	Mar 20, 2017	14.05	2.7046356	14.4	0.2083435
258	FIRVX	today	61.72	Mar 20, 2017	60.09	2.712593	61.65	0.11354828
259	JNK	Jun 16, 2017	37.07	Mar 17, 2017	36.09	2.7154312	37.13	-0.1615982
260	FCIFX	today	12.48	Mar 20, 2017	12.15	2.7160492	12.46	0.16051483	*BT*
261	NOITX	today	10.57	Mar 20, 2017	10.29	2.7210846	10.57	0.0
262	FFKCX	today	13.17	Mar 20, 2017	12.82	2.7301102	13.16	0.07598114
263	FFFCX	today	15.74	Mar 20, 2017	15.32	2.741516	15.73	0.063575745
264	FFIDX	today	44.96	Mar 20, 2017	43.75	2.7657166	44.93	0.06677246
265	FSCPX	today	38.6	Mar 20, 2017	37.56	2.768898	38.72	-0.3099289
266	VCAIX	today	11.83	Mar 20, 2017	11.51	2.7801895	11.83	0.0
267	IVV	Jun 16, 2017	245.18	Mar 17, 2017	238.54	2.7835999	244.94	0.097976685
268	FFDKX	today	44.96	Mar 20, 2017	43.74	2.7891998	44.93	0.06677246
269	FPIFX	today	15.08	Mar 20, 2017	14.67	2.794815	15.05	0.19933319
270	WIP	Jun 16, 2017	55.64	Mar 17, 2017	54.12	2.8085709	55.71	-0.12565613
271	LEXCX	today	34.74	Mar 20, 2017	33.79	2.8114777	34.56	0.5208359
272	FIMIX	today	11.68	Mar 20, 2017	11.36	2.8169022	11.67	0.08568573
273	FIRWX	today	63.03	Mar 20, 2017	61.3	2.8221817	62.97	0.09528351
274	FCSAX	today	17.44	Mar 20, 2017	16.96	2.8301926	17.42	0.11480713
275	DIA	Jun 16, 2017	213.56	Mar 17, 2017	207.68	2.8312836	212.28	0.60297394	*P*
276	FNMIX	today	16.33	Mar 20, 2017	15.88	2.8337479	16.35	-0.12232971
277	FPXTX	today	11.21	Mar 20, 2017	10.9	2.8440323	11.21	0.0
278	PRINX	today	11.92	Mar 20, 2017	11.59	2.8472748	11.91	0.08396149
279	USATX	today	13.31	Mar 20, 2017	12.94	2.859352	13.3	0.07518768
280	VBILX	today	11.51	Mar 20, 2017	11.19	2.859703	11.48	0.26132965
281	VO	Jun 16, 2017	143.72	Mar 17, 2017	139.72	2.8628693	143.41	0.21616364
282	SPY	Jun 16, 2017	242.64	Mar 17, 2017	235.88	2.86586	242.23	0.16926575	*P*
283	FSTMX	today	70.15	Mar 20, 2017	68.18	2.8894043	70.07	0.11418152
284	FSRIX	today	12.45	Mar 20, 2017	12.1	2.8925552	12.44	0.0803833	*BT*
285	FDCAX	today	34.81	Mar 20, 2017	33.83	2.8968353	34.88	-0.20069122
286	VWINX	today	26.59	Mar 20, 2017	25.84	2.9024734	26.44	0.56731415
287	FFSMX	today	70.16	Mar 20, 2017	68.18	2.9040833	70.08	0.114151
288	VOO	Jun 16, 2017	223.87	Mar 17, 2017	217.55	2.9050674	223.5	0.1655426	*P*
289	FQIFX	today	15.93	Mar 20, 2017	15.48	2.9069748	15.9	0.18868256
290	FDFAX	today	99.76	Mar 20, 2017	96.93	2.9196396	100.87	-1.1004257	*P*
291	VTSMX	today	60.96	Mar 20, 2017	59.23	2.9208221	60.88	0.13140106
292	FIXRX	today	63.31	Mar 20, 2017	61.51	2.926361	63.23	0.12652588
293	PRXCX	today	11.56	Mar 20, 2017	11.23	2.938568	11.56	0.0
294	FCPGX	today	23.02	Mar 20, 2017	22.36	2.9516907	22.93	0.3924942	*P*
295	TIXRX	today	10.45	Mar 20, 2017	10.15	2.9556656	10.45	0.0
296	FHIFX	today	8.68	Mar 20, 2017	8.43	2.9655914	8.67	0.115348816
297	FSHNX	today	9.69	Mar 20, 2017	9.41	2.9755554	9.71	-0.2059784
298	NOTEX	today	10.72	Mar 20, 2017	10.41	2.9779053	10.71	0.09337616
299	VFINX	today	225.53	Mar 20, 2017	218.99	2.986435	225.06	0.20883179
300	BCLTX	today	11.67	Mar 20, 2017	11.33	3.0008774	11.67	0.0
301	FUSEX	today	85.43	Mar 20, 2017	82.94	3.0021667	85.26	0.1993866
302	FFVFX	today	13.01	Mar 20, 2017	12.63	3.0087128	12.99	0.15396881
303	FTFMX	today	13.34	Mar 20, 2017	12.95	3.0115814	13.33	0.07501984
304	FUSVX	today	85.45	Mar 20, 2017	82.95	3.0138626	85.27	0.21109772
305	FFVIX	today	12.64	Mar 20, 2017	12.27	3.01548	12.62	0.15847778	*BT*
306	XHB	Jun 16, 2017	38.5	Mar 17, 2017	37.37	3.023819	37.97	1.3958359
307	FIUIX	today	26.57	Mar 20, 2017	25.79	3.0244217	26.42	0.567749
308	RTM	Jun 16, 2017	97.56	Mar 17, 2017	94.68	3.0418243	98.72	-1.1750488
309	FKVFX	today	13.88	Mar 20, 2017	13.47	3.0437927	13.86	0.14430237
310	FASMX	today	17.9	Mar 20, 2017	17.37	3.0512314	17.88	0.11185455
311	FNJHX	today	11.76	Mar 20, 2017	11.41	3.0674896	11.77	-0.08496857
312	NCITX	today	10.75	Mar 20, 2017	10.43	3.0680695	10.75	0.0
313	FSHFX	today	9.69	Mar 20, 2017	9.4	3.0850983	9.71	-0.2059784
314	FMHTX	today	12.24	Mar 20, 2017	11.87	3.117096	12.24	0.0
315	FCYIX	today	33.93	Mar 20, 2017	32.9	3.1306992	33.62	0.92207336
316	FHIGX	today	13.17	Mar 20, 2017	12.77	3.1323395	13.17	0.0
317	FPURX	today	22.31	Mar 20, 2017	21.63	3.1437836	22.23	0.3598709
318	DRTAX	today	11.81	Mar 20, 2017	11.45	3.1441116	11.8	0.084747314
319	FPUKX	today	22.3	Mar 20, 2017	21.62	3.1452332	22.22	0.36003876
320	VIMSX	today	39.23	Mar 20, 2017	38.03	3.1554108	39.15	0.20433807
321	FSRPX	today	120.51	Mar 20, 2017	116.81	3.1675491	120.21	0.24956512	*P*
322	FPHAX	today	18.83	Mar 20, 2017	18.25	3.1780853	18.7	0.6951828
323	NOAZX	today	10.71	Mar 20, 2017	10.38	3.1791916	10.7	0.09346008
324	FDIFX	today	13.6	Mar 20, 2017	13.18	3.1866455	13.58	0.14728546	*BT*
325	FDMMX	today	12.24	Mar 20, 2017	11.86	3.2040482	12.23	0.08176422
326	FFFDX	today	15.96	Mar 20, 2017	15.46	3.234146	15.94	0.1254654
327	PRFHX	today	12.03	Mar 20, 2017	11.65	3.2618027	12.02	0.08318329
328	FFKDX	today	14.85	Mar 20, 2017	14.38	3.2684326	14.83	0.1348648
329	NCATX	today	11.69	Mar 20, 2017	11.32	3.2685547	11.68	0.085617065
330	VOHIX	today	12.63	Mar 20, 2017	12.23	3.2706528	12.62	0.07923889
331	VWLTX	today	11.66	Mar 20, 2017	11.29	3.2772293	11.65	0.08584595
332	FZAAX	today	21.1	Mar 20, 2017	20.43	3.2794952	21.12	-0.094696045	*BT*
333	FBALX	today	23.84	Mar 20, 2017	23.08	3.2928925	23.85	-0.041931152
334	FXIFX	today	16.59	Mar 20, 2017	16.06	3.3001328	16.56	0.18115997
335	FLPSX	today	53.17	Mar 20, 2017	51.46	3.3229675	53.23	-0.112716675
336	FBAKX	today	23.84	Mar 20, 2017	23.07	3.3376694	23.86	-0.08382416
337	FLPKX	today	53.15	Mar 20, 2017	51.42	3.3644562	53.21	-0.11275482
338	FITWX	today	13.51	Mar 20, 2017	13.07	3.3664932	13.48	0.22254944	*BT*
339	VWAHX	today	11.32	Mar 20, 2017	10.95	3.3789978	11.31	0.088409424
340	VPAIX	today	11.62	Mar 20, 2017	11.24	3.3807907	11.61	0.086128235
341	FFTWX	today	13.76	Mar 20, 2017	13.31	3.3809204	13.75	0.07273102
342	FSAEX	today	12.83	Mar 20, 2017	12.41	3.3843613	12.86	-0.233284
343	FSFFX	today	12.81	Mar 20, 2017	12.39	3.3898315	12.84	-0.23364258
344	FBT	Jun 16, 2017	108.99	Mar 17, 2017	105.41	3.3962631	108.03	0.888649
345	FSAZX	today	12.17	Mar 20, 2017	11.77	3.398468	12.16	0.08224487
346	FCTFX	today	13.01	Mar 20, 2017	12.58	3.4181213	13.01	0.0
347	FBIFX	today	17.51	Mar 20, 2017	16.93	3.4258728	17.48	0.17162323
348	SMDMX	today	11.45	Mar 20, 2017	11.07	3.432701	11.44	0.0874176
349	FSANX	today	12.05	Mar 20, 2017	11.65	3.4334793	12.03	0.16625214
350	TWEBX	today	22.59	Mar 20, 2017	21.84	3.4340591	22.51	0.3554001
351	FKTWX	today	15.64	Mar 20, 2017	15.12	3.4391556	15.62	0.12804413
352	FSCDX	today	27.33	Mar 20, 2017	26.42	3.4443588	27.4	-0.25547028
353	FDFFX	today	37.16	Mar 20, 2017	35.92	3.4521255	37.23	-0.1880188
354	FIOFX	today	17.63	Mar 20, 2017	17.04	3.4624329	17.61	0.11355591
355	FMAGX	today	95.3	Mar 20, 2017	92.1	3.4744873	95.37	-0.073394775
356	VCITX	today	12.16	Mar 20, 2017	11.75	3.4893646	12.16	0.0
357	FEDCX	today	10.38	Mar 20, 2017	10.03	3.4895325	10.39	-0.09625244
358	FTABX	today	11.53	Mar 20, 2017	11.14	3.5008926	11.52	0.08679962
359	FMGKX	today	95.18	Mar 20, 2017	91.96	3.5015259	95.25	-0.07349396
360	EEMV	Jun 16, 2017	55.53	Mar 17, 2017	53.65	3.5041962	55.74	-0.37675476
361	FIPFX	today	17.72	Mar 20, 2017	17.12	3.5046692	17.69	0.16957855
362	VMATX	today	10.82	Mar 20, 2017	10.45	3.5406723	10.81	0.09249115
363	FRIFX	today	12.27	Mar 20, 2017	11.85	3.544304	12.22	0.40916443
364	FOHFX	today	12.24	Mar 20, 2017	11.82	3.553299	12.23	0.08176422
365	EIERX	today	17.18	Mar 20, 2017	16.59	3.5563583	17.08	0.58548737	*BT*
366	PHK	Jun 16, 2017	8.7	Mar 17, 2017	8.4	3.5714264	8.79	-1.0238953
367	REACX	today	28.91	Mar 20, 2017	27.91	3.5829391	28.67	0.8371124
368	FEDFX	today	10.38	Mar 20, 2017	10.02	3.5928116	10.39	-0.09625244
369	PRHSX	today	68.53	Mar 20, 2017	66.15	3.5978775	67.85	1.0022125
370	BULIX	today	19.12	Mar 20, 2017	18.45	3.6314392	18.91	1.110527
371	FCBFX	today	11.62	Mar 20, 2017	11.21	3.6574478	11.55	0.60606384
372	DODFX	today	43.3	Mar 20, 2017	41.77	3.6629105	43.61	-0.7108536
373	FASGX	today	21.47	Mar 20, 2017	20.71	3.6697235	21.44	0.13991547
374	XLB	Jun 16, 2017	54.02	Mar 17, 2017	52.1	3.6852264	54.38	-0.6620102	*P*
375	BCHYX	today	10.59	Mar 20, 2017	10.21	3.7218475	10.58	0.09452057
376	FSELX	today	104.43	Mar 20, 2017	100.68	3.7246704	105.97	-1.4532471	*P*
377	FFNOX	today	41.64	Mar 20, 2017	40.13	3.7627716	41.55	0.21660614
378	FSCGX	today	40.44	Mar 20, 2017	38.97	3.7721252	39.98	1.1505737
379	VNQ	Jun 16, 2017	84.94	Mar 17, 2017	81.84	3.7878876	83.67	1.517868
380	FEFIX	today	14.51	Mar 20, 2017	13.98	3.79113	14.48	0.20718384	*P*
381	ITB	Jun 16, 2017	33.56	Mar 17, 2017	32.33	3.8045197	33.03	1.6046066
382	PBDDX	today	10.59	Mar 20, 2017	10.2	3.823532	10.54	0.4743805
383	FFFEX	today	17.1	Mar 20, 2017	16.47	3.825142	17.08	0.11709595
384	FEMSX	today	18.72	Mar 20, 2017	18.03	3.82695	18.82	-0.5313492
385	PFBDX	today	9.76	Mar 20, 2017	9.4	3.8297882	9.74	0.20533752
386	FFKEX	today	16.11	Mar 20, 2017	15.51	3.8684692	16.09	0.124298096
387	FEMFX	today	18.78	Mar 20, 2017	18.08	3.8716888	18.87	-0.4769516
388	FSDAX	today	142.96	Mar 20, 2017	137.59	3.9029083	141.56	0.98898315
389	FDKQX	today	11.14	Mar 20, 2017	10.72	3.9179077	11.13	0.08985138	*BT*
390	MOO	Jun 16, 2017	55.95	Mar 17, 2017	53.84	3.919014	55.74	0.37674713
391	FHFIX	today	12.61	Mar 20, 2017	12.13	3.9571304	12.59	0.158844	*BT*
392	FTQGX	today	20.62	Mar 20, 2017	19.83	3.9838638	20.6	0.097084045
393	FITHX	today	14.05	Mar 20, 2017	13.51	3.9970398	14.02	0.21398163	*BT*
394	FFTHX	today	14.25	Mar 20, 2017	13.7	4.0146027	14.24	0.07022858
395	FIFFX	today	15.02	Mar 20, 2017	14.44	4.0166245	14.99	0.2001419	*BT*
396	FFFIX	today	11.63	Mar 20, 2017	11.18	4.0250397	11.61	0.17227173	*BT*
397	FSHOX	today	63.45	Mar 20, 2017	60.99	4.0334473	62.68	1.2284622	*P*
398	ASHR	Jun 16, 2017	25.97	Mar 17, 2017	24.96	4.0464783	26.46	-1.8518524
399	FFFPX	today	11.57	Mar 20, 2017	11.12	4.0467606	11.55	0.17314911	*BT*
400	FFFGX	today	11.31	Mar 20, 2017	10.87	4.047844	11.3	0.08850098
401	VT	Jun 16, 2017	68.09	Mar 17, 2017	65.44	4.049507	68.04	0.0734787
402	FFFFX	today	10.0	Mar 20, 2017	9.61	4.058281	10.0	0.0
403	FKTHX	today	16.88	Mar 20, 2017	16.22	4.0690536	16.87	0.059272766
404	FFKHX	today	17.59	Mar 20, 2017	16.9	4.0828476	17.57	0.11383057
405	FAMRX	today	18.34	Mar 20, 2017	17.62	4.086258	18.32	0.10916901
406	PARWX	today	35.76	Mar 20, 2017	34.35	4.104805	35.67	0.25231934
407	FFKGX	today	17.44	Mar 20, 2017	16.75	4.1194077	17.43	0.057373047
408	FFFHX	today	11.37	Mar 20, 2017	10.92	4.1208725	11.36	0.08803558
409	FFKFX	today	16.91	Mar 20, 2017	16.24	4.125618	16.89	0.1184082
410	FSSKX	today	40.96	Mar 20, 2017	39.33	4.144409	40.93	0.073287964
411	FDSSX	today	40.94	Mar 20, 2017	39.31	4.146515	40.91	0.07332611
412	VGHCX	today	207.69	Mar 20, 2017	199.3	4.209732	206.91	0.376976
413	SWHFX	today	24.5	Mar 20, 2017	23.51	4.2109756	24.3	0.8230438
414	EMLC	Jun 16, 2017	19.02	Mar 17, 2017	18.25	4.219185	18.95	0.3693924
415	ICF	Jun 16, 2017	102.96	Mar 17, 2017	98.77	4.24218	101.1	1.8397675
416	LQD	Jun 16, 2017	120.84	Mar 17, 2017	115.88	4.2802963	120.05	0.65805817
417	SPLV	Jun 16, 2017	45.52	Mar 17, 2017	43.61	4.3797226	45.05	1.0432816	*P*
418	EEM	Jun 16, 2017	41.22	Mar 17, 2017	39.49	4.3808594	41.61	-0.9372711
419	FDYSX	today	9.49	Mar 20, 2017	9.09	4.400429	9.46	0.3171234
420	ACWV	Jun 16, 2017	80.89	Mar 17, 2017	77.48	4.4011383	80.3	0.7347336
421	ONEQ	Jun 16, 2017	242.08	Mar 17, 2017	231.79	4.439369	244.3	-0.9087219
422	FNCMX	today	81.06	Mar 20, 2017	77.59	4.472229	81.37	-0.38098145	*P*
423	THD	Jun 16, 2017	79.49	Mar 17, 2017	76.02	4.564598	78.33	1.4809113
424	EWJ	Jun 16, 2017	54.22	Mar 17, 2017	51.83	4.611229	54.09	0.24034119
425	ROOF	Jun 16, 2017	27.66	Mar 17, 2017	26.44	4.6142197	27.41	0.9120712
426	FSPCX	today	83.64	Mar 20, 2017	79.94	4.6284637	82.66	1.1855698	*P*
427	FRESX	today	43.01	Mar 20, 2017	41.1	4.647209	42.64	0.86772156	*P*
428	VOOG	Jun 16, 2017	123.81	Mar 17, 2017	118.28	4.6753387	123.73	0.06464386
429	FTRNX	today	94.4	Mar 20, 2017	90.14	4.7259827	94.43	-0.0317688
430	IGOV	Jun 16, 2017	95.27	Mar 17, 2017	90.95	4.749855	95.16	0.11558533
431	FSGFX	today	17.94	Mar 20, 2017	17.1	4.912277	17.92	0.11160278
432	OWSMX	today	16.85	Mar 20, 2017	16.06	4.9190674	16.84	0.059379578
433	FSAMX	today	9.93	Mar 20, 2017	9.46	4.9682846	9.97	-0.40120697
434	FSPHX	today	218.67	Mar 20, 2017	208.24	5.0086365	216.0	1.2361069	*P*
435	PCBIX	today	25.43	Mar 20, 2017	24.21	5.039253	25.3	0.5138397	*BT**P*
436	VUG	Jun 16, 2017	127.77	Mar 17, 2017	121.58	5.091301	127.9	-0.10164642
437	GASFX	today	30.74	Mar 20, 2017	29.24	5.129959	30.36	1.251648
438	FZANX	today	30.52	Mar 20, 2017	29.02	5.168846	30.47	0.16410065	*BT*
439	QQQ	Jun 16, 2017	138.15	Mar 17, 2017	131.33	5.193016	139.6	-1.0386887
440	OAKIX	today	26.12	Mar 20, 2017	24.82	5.237709	26.11	0.03829956
441	FGBLX	today	24.37	Mar 20, 2017	23.14	5.315483	24.3	0.28807068
442	RYU	Jun 16, 2017	88.24	Mar 17, 2017	83.76	5.34861	87.1	1.3088379	*P*
443	JATTX	today	26.72	Mar 20, 2017	25.35	5.4043274	26.6	0.4511261
444	FSGDX	today	12.45	Mar 20, 2017	11.8	5.5084686	12.43	0.1608963	*BT*
445	FSLBX	today	73.54	Mar 20, 2017	69.7	5.5093307	73.11	0.58815765
446	VGTSX	today	16.82	Mar 20, 2017	15.93	5.586937	16.78	0.2383728
447	FSGEX	today	12.2	Mar 20, 2017	11.55	5.627701	12.18	0.16419983
448	FSLEX	today	24.89	Mar 20, 2017	23.56	5.645157	24.69	0.8100357
449	RPMGX	today	86.0	Mar 20, 2017	81.39	5.6640854	85.57	0.5025177
450	GWX	Jun 16, 2017	33.2	Mar 17, 2017	31.42	5.665184	33.14	0.18105316
451	VEU	Jun 16, 2017	50.55	Mar 17, 2017	47.83	5.6868057	50.51	0.079193115
452	VWESX	today	10.52	Mar 20, 2017	9.95	5.728653	10.39	1.2512054
453	FBSOX	today	47.29	Mar 20, 2017	44.72	5.7468643	47.11	0.3820877
454	VXUS	Jun 16, 2017	52.48	Mar 17, 2017	49.6	5.8064575	52.45	0.05719757
455	VBLTX	today	14.19	Mar 20, 2017	13.41	5.816559	14.02	1.2125473
456	FSRFX	today	94.51	Mar 20, 2017	89.31	5.822418	94.24	0.28650665
457	VTRIX	today	36.37	Mar 20, 2017	34.33	5.942322	36.41	-0.10986328
458	FIVLX	today	8.62	Mar 20, 2017	8.13	6.027054	8.59	0.34923553
459	PRULX	today	12.78	Mar 20, 2017	12.05	6.0580826	12.59	1.5091324
460	FFVNX	today	10.29	Mar 20, 2017	9.7	6.0824738	10.25	0.39024353
461	FINVX	today	10.26	Mar 20, 2017	9.67	6.101349	10.22	0.39138794
462	FWWFX	today	24.97	Mar 20, 2017	23.52	6.164955	24.9	0.2811203
463	VUSTX	today	12.37	Mar 20, 2017	11.65	6.1802597	12.2	1.3934402
464	FCNTX	today	114.57	Mar 20, 2017	107.86	6.221031	114.21	0.31521606	*P*
465	FCNKX	today	114.53	Mar 20, 2017	107.8	6.243042	114.17	0.31532288
466	MLAIX	today	10.09	Mar 20, 2017	9.49	6.322441	10.07	0.19861603	*BT*
467	PRNHX	today	50.58	Mar 20, 2017	47.57	6.3275223	50.36	0.4368515
468	XMPT	Jun 16, 2017	27.07	Mar 17, 2017	25.45	6.3654175	26.97	0.37078857
469	VSS	Jun 16, 2017	108.52	Mar 17, 2017	102.0	6.3921585	108.53	-0.009216309
470	FLBAX	today	13.26	Mar 20, 2017	12.46	6.420555	13.06	1.5313873
471	VPU	Jun 16, 2017	119.78	Mar 17, 2017	112.44	6.5279236	117.88	1.6118011
472	FHKCX	today	29.43	Mar 20, 2017	27.62	6.5532227	29.74	-1.042366
473	SCHF	Jun 16, 2017	31.78	Mar 17, 2017	29.82	6.572769	31.73	0.15758514
474	JMIEX	today	25.59	Mar 20, 2017	24.01	6.5805893	25.67	-0.3116455	*BT*
475	FIENX	today	9.33	Mar 20, 2017	8.75	6.6285706	9.32	0.107299805
476	FSHCX	today	90.47	Mar 20, 2017	84.82	6.6611633	89.3	1.3101959
477	RWX	Jun 16, 2017	39.38	Mar 17, 2017	36.92	6.663063	38.95	1.1039886
478	EFA	Jun 16, 2017	66.39	Mar 17, 2017	62.23	6.6848755	66.31	0.120651245
479	FSUTX	today	81.7	Mar 20, 2017	76.57	6.699753	80.16	1.9211502
480	FJPNX	today	13.82	Mar 20, 2017	12.95	6.7181473	13.89	-0.50395966
481	VICEX	today	30.41	Mar 20, 2017	28.49	6.739212	30.08	1.0970688
482	POAGX	today	38.53	Mar 20, 2017	36.09	6.760872	38.61	-0.20720673
483	FSIIX	today	40.55	Mar 20, 2017	37.95	6.8511124	40.39	0.39613342
484	FSIVX	today	40.55	Mar 20, 2017	37.94	6.87928	40.39	0.39613342
485	FSAIX	today	78.95	Mar 20, 2017	73.82	6.9493256	78.72	0.29216766
486	FILFX	today	10.79	Mar 20, 2017	10.08	7.043648	10.74	0.46554565
487	FSCSX	today	149.75	Mar 20, 2017	139.79	7.1249847	149.23	0.34845734	*P*
488	FJSCX	today	16.91	Mar 20, 2017	15.77	7.2289124	16.98	-0.4122467
489	ROBO	Jun 16, 2017	34.56	Mar 17, 2017	32.23	7.229294	35.0	-1.2571411
490	FGCKX	today	162.48	Mar 20, 2017	151.31	7.382187	162.08	0.24678802
491	FDSVX	today	30.55	Mar 20, 2017	28.44	7.419121	30.41	0.46037292
492	FGDKX	today	30.58	Mar 20, 2017	28.46	7.449051	30.44	0.4599228
493	FBGRX	today	80.43	Mar 20, 2017	74.81	7.5123672	80.47	-0.049713135
494	PRMTX	today	88.95	Mar 20, 2017	82.6	7.6876526	89.02	-0.07863617
495	PRGFX	today	63.46	Mar 20, 2017	58.92	7.705368	63.32	0.22109985
496	JIGFX	today	30.2	Mar 20, 2017	28.02	7.780159	30.22	-0.06617737
497	BOTZ	Jun 16, 2017	18.63	Mar 17, 2017	17.27	7.874916	18.94	-1.6367569
498	VNQI	Jun 16, 2017	57.57	Mar 17, 2017	53.31	7.9909897	57.16	0.71728516
499	FTIEX	today	8.75	Mar 20, 2017	8.1	8.024681	8.71	0.45924377
500	RYGBX	today	53.58	Mar 20, 2017	49.58	8.067772	52.46	2.134964
501	GVPIX	today	55.23	Mar 20, 2017	51.04	8.209244	54.03	2.2209854
502	FUSIX	today	9.96	Mar 20, 2017	9.2	8.260872	9.9	0.60606384
503	FSEAX	today	38.37	Mar 20, 2017	35.37	8.481766	38.47	-0.25994873	*P*
504	FISMX	today	27.41	Mar 20, 2017	25.24	8.597473	27.2	0.7720566
505	FDIVX	today	38.99	Mar 20, 2017	35.9	8.607246	38.75	0.6193619
506	FDIKX	today	38.93	Mar 20, 2017	35.83	8.651962	38.68	0.6463318
507	FEMKX	today	27.69	Mar 20, 2017	25.43	8.887146	27.69	0.0	*P*
508	FPBFX	today	31.56	Mar 20, 2017	28.97	8.940277	31.56	0.0	*P*
509	FIREX	today	10.98	Mar 20, 2017	10.06	9.145119	10.85	1.1981506
510	FSMEX	today	45.51	Mar 20, 2017	41.66	9.24147	44.92	1.313446
511	PRGTX	today	17.01	Mar 20, 2017	15.56	9.318771	16.99	0.11772156
512	FIGSX	today	15.34	Mar 20, 2017	14.02	9.415115	15.17	1.120636
513	FFIGX	today	15.38	Mar 20, 2017	14.05	9.466194	15.21	1.1176834
514	FIGRX	today	43.16	Mar 20, 2017	39.42	9.487572	42.92	0.55918884
515	FZAIX	today	43.03	Mar 20, 2017	39.3	9.4910965	42.8	0.53738403	*BT*
516	FIGFX	today	12.79	Mar 20, 2017	11.68	9.503426	12.65	1.1067276
517	FIDKX	today	43.06	Mar 20, 2017	39.32	9.511696	42.83	0.53700256
518	FOCPX	today	102.74	Mar 20, 2017	93.29	10.1297	101.92	0.8045578
519	FSPTX	today	162.18	Mar 20, 2017	147.24	10.14669	162.56	-0.23376465	*P*
520	FATIX	today	53.34	Mar 20, 2017	48.37	10.274971	53.46	-0.22446442	*BT**P*
521	FOSFX	today	47.12	Mar 20, 2017	42.72	10.299622	46.7	0.899353
522	FOSKX	today	47.03	Mar 20, 2017	42.62	10.3472595	46.6	0.9227524
523	NKX	Jun 16, 2017	15.58	Mar 17, 2017	14.11	10.418144	15.58	0.0
524	FFSTX	today	17.06	Mar 20, 2017	15.42	10.635529	16.91	0.8870468
525	FSTSX	today	17.02	Mar 20, 2017	15.38	10.6632	16.87	0.8891449
526	FIVFX	today	19.49	Mar 20, 2017	17.59	10.80159	19.23	1.3520584
527	FSCOX	today	17.6	Mar 20, 2017	15.79	11.462952	17.44	0.9174347
528	FIEUX	today	39.79	Mar 20, 2017	35.47	12.179306	39.32	1.1953201
529	FNORX	today	52.55	Mar 20, 2017	46.66	12.62323	51.88	1.2914429
530	FDLSX	today	160.8	Mar 20, 2017	142.47	12.865868	159.6	0.75187683
531	SHOP	Jun 16, 2017	86.93	Mar 17, 2017	66.99	29.76564	91.45	-4.942589
