1	PSCE	Jun 08, 2017	13.37	Mar 09, 2017	17.21	-22.312607	-6.7642975	*P*
2	OIL	Jun 09, 2017	4.83	Mar 07, 2017	6.02	-19.767448	-4.545456	*P*
3	FSESX	Jun 07, 2017	44.79	Mar 08, 2017	51.95	-13.782486	-2.226593
4	IBM	Jun 08, 2017	152.1	Mar 09, 2017	175.47	-13.318512	-0.37335205
5	FSNGX	Jun 07, 2017	23.16	Mar 08, 2017	26.51	-12.636742	-3.1772614
6	UGA	Jun 08, 2017	23.77	Mar 09, 2017	26.36	-9.825493	-6.784317
7	FSENX	Jun 07, 2017	38.63	Mar 08, 2017	42.46	-9.020248	-2.2767487
8	ICENX	Jun 07, 2017	11.45	Mar 08, 2017	12.58	-8.982513	-2.3870392
9	FSRBX	Jun 07, 2017	31.13	Mar 08, 2017	33.65	-7.488861	1.3016586
10	CHAD	Jun 08, 2017	37.45	Mar 09, 2017	40.46	-7.439438	-2.5754395
11	FNARX	Jun 07, 2017	26.06	Mar 08, 2017	28.1	-7.2597885	-1.9563599	*P*
12	XLE	Jun 08, 2017	64.86	Mar 09, 2017	69.69	-6.9306946	-1.5034103
13	CSCO	Jun 08, 2017	31.61	Mar 09, 2017	33.78	-6.423912	-0.6599579
14	AMLP	Jun 08, 2017	11.73	Mar 09, 2017	12.46	-5.8587494	-2.3313904
15	DBC	Jun 08, 2017	14.24	Mar 09, 2017	15.05	-5.382065	-1.7253265
16	KRE	Jun 08, 2017	54.08	Mar 09, 2017	57.08	-5.255783	2.5213394
17	FBIOX	Jun 07, 2017	196.91	Mar 08, 2017	205.12	-4.002533	3.4680252	*P*
18	FCSSX	Jun 07, 2017	5.07	Mar 08, 2017	5.28	-3.977272	-1.1695938
19	EWZ	Jun 08, 2017	34.89	Mar 09, 2017	36.32	-3.9372253	0.0
20	FIDSX	Jun 07, 2017	97.9	Mar 08, 2017	101.79	-3.8215942	1.4087448
21	FCSFX	Jun 07, 2017	5.14	Mar 08, 2017	5.34	-3.7453232	-0.96339417
22	XLF	Jun 08, 2017	23.84	Mar 09, 2017	24.72	-3.5598679	1.2744217
23	PCRIX	Jun 07, 2017	6.7	Mar 08, 2017	6.93	-3.3189087	-1.0339737	*BT*
24	RYURX	Jun 07, 2017	68.07	Mar 08, 2017	70.37	-3.2684479	-0.91703033
25	RZV	Jun 08, 2017	65.53	Mar 09, 2017	67.59	-3.047783	0.07635498
26	ERUS	Jun 08, 2017	29.36	Mar 09, 2017	30.18	-2.7170334	-1.1447754
27	FBCVX	Jun 07, 2017	18.08	Mar 08, 2017	18.44	-1.9522781	1.0620499	*P*
28	FFGCX	Jun 07, 2017	11.15	Mar 08, 2017	11.37	-1.9349213	-0.26834106
29	BRSVX	Jun 07, 2017	24.22	Mar 08, 2017	24.57	-1.4244995	1.5513535
30	IBB	Jun 08, 2017	294.83	Mar 09, 2017	298.42	-1.2030106	1.354454
31	CHTTX	Jun 07, 2017	42.41	Mar 08, 2017	42.81	-0.9343643	0.59297943
32	IHE	Jun 08, 2017	151.61	Mar 09, 2017	152.89	-0.837204	-0.40727234
33	FLVEX	Jun 07, 2017	12.27	Mar 08, 2017	12.36	-0.7281494	0.7389221	*P*
34	ANDVX	Jun 07, 2017	17.09	Mar 08, 2017	17.19	-0.5817337	0.47031403	*BT*
35	FSVLX	Jun 07, 2017	13.72	Mar 08, 2017	13.79	-0.50761414	1.7049637
36	FVSAX	Jun 07, 2017	19.35	Mar 08, 2017	19.44	-0.4629593	0.46728516
37	HDOGX	Jun 07, 2017	13.88	Mar 08, 2017	13.94	-0.4304123	-0.14388275
38	NOSGX	Jun 07, 2017	23.71	Mar 08, 2017	23.8	-0.37815094	1.1518707
39	FSLVX	Jun 07, 2017	19.27	Mar 08, 2017	19.32	-0.2587967	0.4692459
40	STCEX	Jun 07, 2017	11.22	Mar 08, 2017	11.24	-0.17793274	0.718132
41	FDSCX	Jun 07, 2017	26.56	Mar 08, 2017	26.59	-0.11282349	1.1809464
42	FSOPX	Jun 07, 2017	14.21	Mar 08, 2017	14.22	-0.07032776	1.2108307
43	FSOFX	Jun 07, 2017	14.3	Mar 08, 2017	14.31	-0.069877625	1.2031174
44	FIRJX	Jun 07, 2017	49.75	Mar 08, 2017	49.75	0.0	0.0
45	FIRKX	Jun 07, 2017	53.94	Mar 08, 2017	53.92	0.037094116	0.0
46	FIRLX	Jun 07, 2017	50.5	Mar 08, 2017	50.45	0.099113464	0.0
47	FVDFX	Jun 07, 2017	27.13	Mar 08, 2017	27.09	0.14765167	0.8550186
48	FSCRX	Jun 07, 2017	31.73	Mar 08, 2017	31.68	0.15782166	0.79415894
49	VTV	Jun 08, 2017	96.31	Mar 09, 2017	96.15	0.16640472	0.041557312
50	DODGX	Jun 07, 2017	191.08	Mar 08, 2017	190.75	0.17299652	0.26761627
51	VEVRX	Jun 07, 2017	37.76	Mar 08, 2017	37.69	0.18572998	0.106033325	*BT**P*
52	FCNVX	Jun 07, 2017	10.04	Mar 08, 2017	10.02	0.19959259	0.0
53	FICDX	Jun 07, 2017	49.13	Mar 08, 2017	49.0	0.2653122	-0.2233963
54	OAKBX	Jun 07, 2017	31.85	Mar 08, 2017	31.75	0.3149643	0.50489044
55	FSRRX	Jun 07, 2017	8.76	Mar 08, 2017	8.73	0.3436432	0.0
56	FSLCX	Jun 07, 2017	19.21	Mar 08, 2017	19.13	0.41818237	0.5232849
57	FSCHX	Jun 07, 2017	157.1	Mar 08, 2017	156.43	0.42832184	1.2438049	*P*
58	FFRHX	Jun 07, 2017	9.67	Mar 08, 2017	9.62	0.5197525	0.0
59	SHY	Jun 08, 2017	84.51	Mar 09, 2017	84.06	0.5353317	-0.035484314
60	XTN	Jun 08, 2017	54.09	Mar 09, 2017	53.8	0.5390396	1.7494354
61	VSGBX	Jun 07, 2017	10.7	Mar 08, 2017	10.64	0.5639038	-0.09336853
62	FCPEX	Jun 07, 2017	13.81	Mar 08, 2017	13.73	0.5826721	2.0694885
63	FSHBX	Jun 07, 2017	8.63	Mar 08, 2017	8.58	0.58275604	0.0
64	FLCSX	Jun 07, 2017	30.97	Mar 08, 2017	30.78	0.61727905	0.87947845
65	FGRIX	Jun 07, 2017	34.46	Mar 08, 2017	34.24	0.6425171	0.7307739
66	FEQIX	Jun 07, 2017	59.0	Mar 08, 2017	58.62	0.64824677	0.631073
67	FEIKX	Jun 07, 2017	58.97	Mar 08, 2017	58.58	0.6657562	0.63140106
68	USSTX	Jun 07, 2017	10.49	Mar 08, 2017	10.42	0.67178345	0.0
69	RFV	Jun 08, 2017	62.32	Mar 09, 2017	61.9	0.6785126	-0.16020203
70	PYZ	Jun 08, 2017	60.72	Mar 09, 2017	60.31	0.6798172	0.33047485
71	FEQTX	Jun 07, 2017	27.72	Mar 08, 2017	27.53	0.6901474	0.65358734
72	FGIKX	Jun 07, 2017	34.44	Mar 08, 2017	34.2	0.7017517	0.7606735
73	RWJ	Jun 08, 2017	65.85	Mar 09, 2017	65.39	0.7034683	0.21305084
74	PRF	Jun 08, 2017	103.49	Mar 09, 2017	102.76	0.7103882	-0.20250702
75	FETKX	Jun 07, 2017	27.72	Mar 08, 2017	27.52	0.726738	0.65358734
76	LEXCX	Jun 07, 2017	34.12	Mar 08, 2017	33.87	0.73812103	0.2644806
77	RSX	Jun 08, 2017	19.49	Mar 09, 2017	19.34	0.775589	-0.66259766
78	FEXPX	Jun 07, 2017	22.46	Mar 08, 2017	22.28	0.80789185	0.6723404
79	PYVLX	Jun 07, 2017	15.96	Mar 08, 2017	15.83	0.8212204	0.69400024
80	FEXKX	Jun 07, 2017	22.43	Mar 08, 2017	22.24	0.8543167	0.6732483
81	VHDYX	Jun 07, 2017	31.08	Mar 08, 2017	30.8	0.90908813	0.71289825
82	FFXSX	Jun 07, 2017	9.97	Mar 08, 2017	9.88	0.91093445	0.0
83	EEH	Jun 08, 2017	17.65	Mar 09, 2017	17.49	0.9148102	-1.3966522
84	XBI	Jun 08, 2017	71.62	Mar 09, 2017	70.94	0.95856476	2.9318848
85	FSBAX	Jun 07, 2017	10.43	Mar 08, 2017	10.33	0.96806335	0.0
86	GTSGX	Jun 07, 2017	9.28	Mar 08, 2017	9.19	0.97932434	0.32431793
87	HLPPX	Jun 07, 2017	14.76	Mar 08, 2017	14.61	1.0267029	1.0267029
88	CDSIX	Jun 07, 2017	16.2	Mar 08, 2017	16.03	1.0605087	0.06175995	*BT*
89	FCYIX	Jun 07, 2017	33.27	Mar 08, 2017	32.92	1.0631943	-0.6865692
90	FCPVX	Jun 07, 2017	18.9	Mar 08, 2017	18.7	1.0695114	0.7462616
91	FGRTX	Jun 07, 2017	18.43	Mar 08, 2017	18.22	1.1525879	0.8757477
92	JASCX	Jun 07, 2017	33.92	Mar 08, 2017	33.53	1.1631393	1.5872955
93	BSV	Jun 08, 2017	79.89	Mar 09, 2017	78.97	1.1649933	-0.025032043	*P*
94	PRFDX	Jun 07, 2017	32.77	Mar 08, 2017	32.37	1.2357101	0.73778534
95	POGSX	Jun 07, 2017	61.33	Mar 08, 2017	60.58	1.2380371	0.40930176
96	PFODX	Jun 07, 2017	10.57	Mar 08, 2017	10.44	1.2452087	0.094688416
97	VMLTX	Jun 07, 2017	11.01	Mar 08, 2017	10.87	1.2879486	0.090911865
98	PEQKX	Jun 07, 2017	34.22	Mar 08, 2017	33.78	1.3025513	1.0333633	*BT*
99	FSIPX	Jun 07, 2017	9.91	Mar 08, 2017	9.78	1.3292465	0.0
100	FSCGX	Jun 07, 2017	39.44	Mar 08, 2017	38.92	1.3360748	-1.4738998
101	FSPCX	Jun 07, 2017	80.96	Mar 08, 2017	79.89	1.3393402	-0.2218399	*P*
102	FFIPX	Jun 07, 2017	9.93	Mar 08, 2017	9.79	1.4300385	0.10079956
103	PRFSX	Jun 07, 2017	5.64	Mar 08, 2017	5.56	1.4388428	0.1776123
104	FCSTX	Jun 07, 2017	10.68	Mar 08, 2017	10.52	1.5209045	0.09371948
105	FSTFX	Jun 07, 2017	10.61	Mar 08, 2017	10.45	1.5310974	0.094329834
106	FSTGX	Jun 07, 2017	10.55	Mar 08, 2017	10.39	1.5399475	0.09487915
107	BTTTX	Jun 07, 2017	104.13	Mar 08, 2017	102.53	1.560524	0.048042297
108	JDSNX	Jun 07, 2017	22.65	Mar 08, 2017	22.3	1.5695114	1.0709534	*BT*
109	FLSAX	Jun 07, 2017	52.42	Mar 08, 2017	51.59	1.6088333	0.7108536
110	FSMVX	Jun 07, 2017	25.97	Mar 08, 2017	25.55	1.643837	0.5030899
111	VWNDX	Jun 07, 2017	22.1	Mar 08, 2017	21.74	1.6559372	0.68336487
112	VWNFX	Jun 07, 2017	37.33	Mar 08, 2017	36.71	1.6889191	0.64707947
113	FINPX	Jun 07, 2017	12.03	Mar 08, 2017	11.83	1.6906128	0.0
114	FIPAX	Jun 07, 2017	11.89	Mar 08, 2017	11.69	1.7108688	0.0
115	FSLBX	Jun 07, 2017	71.43	Mar 08, 2017	70.22	1.7231598	2.3498993
116	FGMNX	Jun 07, 2017	11.5	Mar 08, 2017	11.3	1.7699127	0.17422485
117	FTHRX	Jun 07, 2017	10.92	Mar 08, 2017	10.73	1.7707443	0.091659546
118	VIPSX	Jun 07, 2017	13.21	Mar 08, 2017	12.98	1.771965	0.0
119	PRIPX	Jun 07, 2017	11.93	Mar 08, 2017	11.72	1.7918091	0.0
120	ACITX	Jun 07, 2017	11.75	Mar 08, 2017	11.54	1.8197556	0.0
121	SWRSX	Jun 07, 2017	11.14	Mar 08, 2017	10.94	1.8281555	-0.08968353
122	VEIPX	Jun 07, 2017	34.43	Mar 08, 2017	33.79	1.894043	0.4962082
123	PKB	Jun 08, 2017	29.25	Mar 09, 2017	28.7	1.9163742	0.3430481
124	PRRDX	Jun 07, 2017	11.07	Mar 08, 2017	10.86	1.9337082	0.0
125	FIRMX	Jun 07, 2017	60.55	Mar 08, 2017	59.39	1.953186	0.24833679
126	TIP	Jun 08, 2017	114.27	Mar 09, 2017	112.07	1.9630585	-0.08744049
127	NHINX	Jun 07, 2017	8.82	Mar 08, 2017	8.65	1.9653168	-0.11325836
128	FMSFX	Jun 07, 2017	11.31	Mar 08, 2017	11.09	1.9837723	0.17715454
129	FMEIX	Jun 07, 2017	14.85	Mar 08, 2017	14.56	1.9917603	0.74627686
130	PGNDX	Jun 07, 2017	11.19	Mar 08, 2017	10.97	2.005455	0.08943939
131	VFIIX	Jun 07, 2017	10.61	Mar 08, 2017	10.4	2.019226	0.1888504
132	CXXRX	Jun 07, 2017	24.51	Mar 08, 2017	24.02	2.0399704	1.7012482	*BT*
133	NAESX	Jun 07, 2017	64.41	Mar 08, 2017	63.12	2.0437393	1.1940384
134	DIA	Jun 08, 2017	211.86	Mar 09, 2017	207.47	2.1159668	0.21760559	*P*
135	FLCEX	Jun 07, 2017	13.48	Mar 08, 2017	13.2	2.1212082	1.049469
136	TGFNX	Jun 07, 2017	11.01	Mar 08, 2017	10.78	2.133583	0.090911865
137	FVIIX	Jun 07, 2017	10.32	Mar 08, 2017	10.1	2.178215	0.09698486	*BT*
138	FRIFX	Jun 07, 2017	12.18	Mar 08, 2017	11.92	2.1812057	-0.65252686
139	FSDPX	Jun 07, 2017	81.82	Mar 08, 2017	80.07	2.185585	1.012352	*P*
140	FSTCX	Jun 07, 2017	68.47	Mar 08, 2017	66.99	2.2092972	0.76527405
141	DODIX	Jun 07, 2017	13.85	Mar 08, 2017	13.55	2.2140274	0.14461517
142	FHIFX	Jun 07, 2017	8.69	Mar 08, 2017	8.5	2.2352905	0.0
143	FIRNX	Jun 07, 2017	60.75	Mar 08, 2017	59.41	2.2555084	0.24752808
144	FIKFX	Jun 07, 2017	11.75	Mar 08, 2017	11.49	2.2628403	0.2559662
145	IEI	Jun 08, 2017	124.01	Mar 09, 2017	121.26	2.2678528	0.056480408
146	FGOVX	Jun 07, 2017	10.31	Mar 08, 2017	10.08	2.281746	0.19437408
147	FMIMX	Jun 07, 2017	27.31	Mar 08, 2017	26.7	2.2846375	0.3306427
148	FBT	Jun 08, 2017	108.26	Mar 09, 2017	105.84	2.2864685	1.2816925
149	FTBFX	Jun 07, 2017	10.71	Mar 08, 2017	10.47	2.2922668	0.09346008
150	FBMPX	Jun 07, 2017	81.83	Mar 08, 2017	79.99	2.3003006	-0.012214661
151	PSCM	Jun 08, 2017	46.63	Mar 09, 2017	45.58	2.3036346	2.079689
152	YACKX	Jun 07, 2017	23.07	Mar 08, 2017	22.55	2.3059845	0.78637695
153	FSLSX	Jun 07, 2017	41.22	Mar 08, 2017	40.29	2.308258	1.2279053
154	FVSKX	Jun 07, 2017	41.19	Mar 08, 2017	40.26	2.30999	1.2039337
155	FPIOX	Jun 07, 2017	9.63	Mar 08, 2017	9.41	2.337944	0.20811462
156	VFITX	Jun 07, 2017	11.26	Mar 08, 2017	11.0	2.3636322	0.088897705
157	YAFFX	Jun 07, 2017	21.42	Mar 08, 2017	20.92	2.3900604	0.8949661
158	FBNDX	Jun 07, 2017	7.93	Mar 08, 2017	7.74	2.4547806	0.12625122
159	FBIDX	Jun 07, 2017	11.66	Mar 08, 2017	11.38	2.4604568	0.17181396
160	VBMFX	Jun 07, 2017	10.81	Mar 08, 2017	10.55	2.4644623	0.18535614
161	FSCFX	Jun 07, 2017	14.13	Mar 08, 2017	13.79	2.465561	1.2903214
162	PRTIX	Jun 07, 2017	5.8	Mar 08, 2017	5.66	2.4735107	0.17271423
163	TGMNX	Jun 07, 2017	10.34	Mar 08, 2017	10.09	2.477707	0.09680939
164	FIROX	Jun 07, 2017	62.88	Mar 08, 2017	61.33	2.5273056	0.28707886
165	FIBFX	Jun 07, 2017	11.3	Mar 08, 2017	11.02	2.540825	0.17731476
166	FUBFX	Jun 07, 2017	11.66	Mar 08, 2017	11.37	2.5505676	0.17181396
167	BMBSX	Jun 07, 2017	11.99	Mar 08, 2017	11.69	2.5662994	0.2508316
168	FDVLX	Jun 07, 2017	117.06	Mar 08, 2017	114.13	2.5672455	0.71409607
169	RSP	Jun 09, 2017	92.6	Mar 08, 2017	90.28	2.569786	-0.30146027
170	FVLKX	Jun 07, 2017	117.19	Mar 08, 2017	114.23	2.5912628	0.7133026
171	FASIX	Jun 07, 2017	13.45	Mar 08, 2017	13.11	2.5934448	0.22354126
172	FDGKX	Jun 07, 2017	34.71	Mar 08, 2017	33.83	2.6012268	0.9304962
173	SPHIX	Jun 07, 2017	8.99	Mar 08, 2017	8.76	2.6255646	0.0
174	REACX	Jun 07, 2017	28.46	Mar 08, 2017	27.73	2.6325226	1.3171921
175	FSHFX	Jun 07, 2017	9.73	Mar 08, 2017	9.48	2.6371384	0.0
176	VWELX	Jun 07, 2017	41.15	Mar 08, 2017	40.09	2.6440506	0.5129547
177	FLTMX	Jun 07, 2017	10.42	Mar 08, 2017	10.15	2.6601105	0.09606171
178	GABUX	Jun 07, 2017	9.56	Mar 08, 2017	9.31	2.6852875	0.52575684
179	PTTDX	Jun 07, 2017	10.25	Mar 08, 2017	9.98	2.7054214	0.09765625
180	USVAX	Jun 07, 2017	11.38	Mar 08, 2017	11.08	2.7075882	0.26431274
181	FIRPX	Jun 07, 2017	63.95	Mar 08, 2017	62.26	2.7144318	0.29799652
182	USNYX	Jun 07, 2017	12.06	Mar 08, 2017	11.74	2.725731	0.24938965
183	PRHSX	Jun 07, 2017	68.19	Mar 08, 2017	66.37	2.7422104	2.0961304
184	FXZ	Jun 08, 2017	38.18	Mar 09, 2017	37.16	2.7448883	-0.15690613
185	FIAFX	Jun 07, 2017	11.08	Mar 08, 2017	10.78	2.7829285	0.18083191	*BT*
186	FLVCX	Jun 07, 2017	36.49	Mar 08, 2017	35.5	2.7887344	1.108345
187	FPCIX	Jun 07, 2017	10.64	Mar 08, 2017	10.35	2.8019333	0.37735748
188	PRVAX	Jun 07, 2017	12.09	Mar 08, 2017	11.76	2.8061295	0.33194733
189	FFFAX	Jun 07, 2017	11.68	Mar 08, 2017	11.36	2.8169022	0.25751495
190	FRESX	Jun 07, 2017	42.18	Mar 08, 2017	41.02	2.8278809	1.0057602	*P*
191	FFKAX	Jun 07, 2017	11.99	Mar 08, 2017	11.66	2.830185	0.2508316
192	FLCKX	Jun 07, 2017	36.57	Mar 08, 2017	35.56	2.840271	1.105896
193	MDXBX	Jun 07, 2017	10.85	Mar 08, 2017	10.55	2.843605	0.27726746
194	FOHIX	Jun 07, 2017	15.9	Mar 08, 2017	15.46	2.846054	1.0165253
195	USCBX	Jun 07, 2017	11.1	Mar 08, 2017	10.79	2.8730392	0.18050385
196	VEXMX	Jun 07, 2017	77.09	Mar 08, 2017	74.93	2.8826828	1.3142319
197	FSEMX	Jun 07, 2017	58.33	Mar 08, 2017	56.69	2.8929367	1.320137
198	PRNYX	Jun 07, 2017	11.73	Mar 08, 2017	11.4	2.8947372	0.2564087
199	FJIFX	Jun 07, 2017	13.12	Mar 08, 2017	12.75	2.9019623	0.3825531
200	FSEVX	Jun 07, 2017	58.34	Mar 08, 2017	56.68	2.9287186	1.3375015
201	IJS	Jun 08, 2017	139.76	Mar 09, 2017	135.77	2.9387817	0.6988983
202	FCVSX	Jun 07, 2017	27.97	Mar 08, 2017	27.17	2.9444199	0.7201996
203	FIRQX	Jun 07, 2017	63.24	Mar 08, 2017	61.43	2.9464493	0.36502838
204	SWNTX	Jun 07, 2017	11.79	Mar 08, 2017	11.45	2.969429	0.25509644
205	FSRIX	Jun 07, 2017	12.47	Mar 08, 2017	12.11	2.9727554	0.24115753	*BT*
206	USTEX	Jun 07, 2017	13.46	Mar 08, 2017	13.07	2.9839401	0.29805756
207	FSICX	Jun 07, 2017	11.03	Mar 08, 2017	10.71	2.9878616	0.27272797
208	BND	Jun 08, 2017	81.93	Mar 09, 2017	79.55	2.991829	0.14669037
209	VWINX	Jun 07, 2017	26.43	Mar 08, 2017	25.66	3.0007858	0.34169006
210	CGMRX	Jun 07, 2017	31.78	Mar 08, 2017	30.85	3.0145874	0.85687256
211	KYTFX	Jun 07, 2017	7.83	Mar 08, 2017	7.6	3.0263214	0.25608826
212	FMILX	Jun 07, 2017	38.68	Mar 08, 2017	37.54	3.0367584	0.9921646
213	FDEQX	Jun 07, 2017	36.23	Mar 08, 2017	35.16	3.0432358	0.9473419
214	FSDIX	Jun 07, 2017	15.39	Mar 08, 2017	14.93	3.081047	0.65402985
215	FIRRX	Jun 07, 2017	60.19	Mar 08, 2017	58.39	3.082718	0.3835907
216	PRPFX	Jun 07, 2017	39.72	Mar 08, 2017	38.53	3.0885086	0.78660583
217	BCITX	Jun 07, 2017	11.97	Mar 08, 2017	11.61	3.1007767	0.25125885
218	FDEKX	Jun 07, 2017	36.19	Mar 08, 2017	35.1	3.1054153	0.9765625
219	NTFIX	Jun 07, 2017	11.61	Mar 08, 2017	11.26	3.108345	0.34571838
220	GTFBX	Jun 07, 2017	11.59	Mar 08, 2017	11.24	3.1138763	0.34631348
221	SLYV	Jun 08, 2017	119.05	Mar 09, 2017	115.44	3.1271667	0.5744705
222	FIBAX	Jun 07, 2017	10.86	Mar 08, 2017	10.53	3.1339035	0.18450165
223	TIXRX	Jun 07, 2017	10.48	Mar 08, 2017	10.16	3.1496048	0.28707886
224	PENNX	Jun 07, 2017	11.39	Mar 08, 2017	11.04	3.170288	1.515152
225	FSAVX	Jun 07, 2017	35.46	Mar 08, 2017	34.37	3.1713715	1.1986237
226	FSHOX	Jun 07, 2017	62.42	Mar 08, 2017	60.49	3.1905975	0.9052658	*P*
227	FKIFX	Jun 07, 2017	13.89	Mar 08, 2017	13.46	3.1946564	0.4338379
228	FTANX	Jun 07, 2017	10.95	Mar 08, 2017	10.61	3.2045212	0.27471924
229	SEQUX	Jun 07, 2017	176.56	Mar 08, 2017	171.07	3.2092133	0.73026276
230	FICNX	Jun 07, 2017	11.52	Mar 08, 2017	11.16	3.2258148	0.26110077
231	FSRFX	Jun 07, 2017	93.53	Mar 08, 2017	90.6	3.2339935	1.607811
232	SMTFX	Jun 07, 2017	10.48	Mar 08, 2017	10.15	3.2512283	0.38314056
233	USATX	Jun 07, 2017	13.33	Mar 08, 2017	12.91	3.253296	0.22557068
234	FIRSX	Jun 07, 2017	63.65	Mar 08, 2017	61.64	3.260872	0.44184875
235	FIMIX	Jun 07, 2017	11.71	Mar 08, 2017	11.34	3.2627792	0.3427658
236	VCAIX	Jun 07, 2017	11.87	Mar 08, 2017	11.49	3.3072205	0.33812714
237	FPXTX	Jun 07, 2017	11.24	Mar 08, 2017	10.88	3.3088226	0.44683075
238	NOITX	Jun 07, 2017	10.6	Mar 08, 2017	10.26	3.3138428	0.28382874
239	VBIIX	Jun 07, 2017	11.51	Mar 08, 2017	11.14	3.3213654	0.26132965
240	FTFMX	Jun 07, 2017	13.36	Mar 08, 2017	12.93	3.325592	0.3003006
241	FSDCX	Jun 07, 2017	34.97	Mar 08, 2017	33.84	3.339241	1.9830856
242	FFIVX	Jun 07, 2017	12.04	Mar 08, 2017	11.65	3.3476486	0.41701508	*BT*
243	NCITX	Jun 07, 2017	10.78	Mar 08, 2017	10.43	3.3556976	0.279068
244	VTSMX	Jun 07, 2017	60.86	Mar 08, 2017	58.88	3.3627777	0.99568176
245	FSTMX	Jun 07, 2017	70.05	Mar 08, 2017	67.77	3.3643265	0.994812
246	NOTEX	Jun 07, 2017	10.74	Mar 08, 2017	10.39	3.3686142	0.2801056
247	SPY	Jun 08, 2017	243.78	Mar 09, 2017	235.83	3.3710709	0.1725769	*P*
248	PRINX	Jun 07, 2017	11.95	Mar 08, 2017	11.56	3.3736954	0.33584595
249	FEDCX	Jun 07, 2017	10.41	Mar 08, 2017	10.07	3.3763657	0.2890091
250	FFSMX	Jun 07, 2017	70.06	Mar 08, 2017	67.77	3.3790817	0.9946594
251	VB	Jun 08, 2017	135.64	Mar 09, 2017	131.2	3.3841476	0.45918274
252	IVV	Jun 08, 2017	245.32	Mar 09, 2017	237.28	3.3884048	0.17559814
253	PRXCX	Jun 07, 2017	11.59	Mar 08, 2017	11.21	3.3898315	0.34631348
254	FCBFX	Jun 07, 2017	11.58	Mar 08, 2017	11.2	3.3928604	0.2597351
255	FIRUX	Jun 07, 2017	64.18	Mar 08, 2017	62.07	3.3993835	0.4853592
256	VOO	Jun 08, 2017	223.76	Mar 09, 2017	216.4	3.4011154	0.16114807	*P*
257	FDEGX	Jun 07, 2017	37.8	Mar 08, 2017	36.55	3.4199677	0.7462616	*P*
258	FAGKX	Jun 07, 2017	38.07	Mar 08, 2017	36.81	3.4229736	0.7142868
259	VFINX	Jun 07, 2017	225.39	Mar 08, 2017	217.92	3.427864	0.9178848
260	FSDAX	Jun 07, 2017	141.44	Mar 08, 2017	136.72	3.4523163	-0.9870529
261	FUSEX	Jun 07, 2017	85.38	Mar 08, 2017	82.53	3.4532928	0.92198944
262	FUSVX	Jun 07, 2017	85.4	Mar 08, 2017	82.54	3.464981	0.92176056
263	NOAZX	Jun 07, 2017	10.73	Mar 08, 2017	10.37	3.47155	0.280365
264	FEDFX	Jun 07, 2017	10.41	Mar 08, 2017	10.06	3.479126	0.2890091
265	FSCDX	Jun 07, 2017	27.09	Mar 08, 2017	26.17	3.51548	1.1953735
266	FFFVX	Jun 07, 2017	12.36	Mar 08, 2017	11.94	3.5175934	0.48780823
267	FEMEX	Jun 07, 2017	8.82	Mar 08, 2017	8.52	3.5211182	-0.67567444
268	FFKVX	Jun 07, 2017	13.22	Mar 08, 2017	12.77	3.5238876	0.455925
269	FNMIX	Jun 07, 2017	16.39	Mar 08, 2017	15.83	3.5375824	0.24464417
270	BCLTX	Jun 07, 2017	11.7	Mar 08, 2017	11.3	3.5398254	0.3430481
271	FDMMX	Jun 07, 2017	12.26	Mar 08, 2017	11.84	3.5473022	0.32733917
272	VTI	Jun 09, 2017	125.29	Mar 08, 2017	120.99	3.5540085	0.23200226
273	XHB	Jun 08, 2017	37.87	Mar 09, 2017	36.57	3.5548248	-0.0791626
274	FCSAX	Jun 07, 2017	17.45	Mar 08, 2017	16.85	3.5608292	0.75058746
275	FIRVX	Jun 07, 2017	61.83	Mar 08, 2017	59.7	3.5678406	0.5202408
276	FCTFX	Jun 07, 2017	13.04	Mar 08, 2017	12.59	3.5742645	0.30769348
277	DRTAX	Jun 07, 2017	11.84	Mar 08, 2017	11.43	3.5870514	0.33898163
278	FTABX	Jun 07, 2017	11.55	Mar 08, 2017	11.15	3.5874481	0.17346191
279	FLIFX	Jun 07, 2017	14.43	Mar 08, 2017	13.93	3.5893784	0.5574951
280	FNJHX	Jun 07, 2017	11.8	Mar 08, 2017	11.39	3.59964	0.42552948
281	FMHTX	Jun 07, 2017	12.27	Mar 08, 2017	11.84	3.6317596	0.32707214
282	PARWX	Jun 07, 2017	35.51	Mar 08, 2017	34.26	3.6485672	0.7947693
283	SWHFX	Jun 07, 2017	24.26	Mar 08, 2017	23.4	3.675209	0.99916077
284	FHIGX	Jun 07, 2017	13.21	Mar 08, 2017	12.74	3.6891708	0.22761536
285	PRFHX	Jun 07, 2017	12.05	Mar 08, 2017	11.62	3.7005157	0.24957275
286	FFIDX	Jun 07, 2017	45.27	Mar 08, 2017	43.65	3.7113419	1.0942459
287	FPUKX	Jun 07, 2017	22.34	Mar 08, 2017	21.54	3.7140121	0.7213745
288	NCATX	Jun 07, 2017	11.72	Mar 08, 2017	11.3	3.7168121	0.25663757
289	FIRWX	Jun 07, 2017	63.16	Mar 08, 2017	60.89	3.728035	0.57325745
290	FMCSX	Jun 07, 2017	37.25	Mar 08, 2017	35.91	3.7315521	1.0306473
291	PBDDX	Jun 07, 2017	10.56	Mar 08, 2017	10.18	3.732811	0.2849121
292	FSAZX	Jun 07, 2017	12.2	Mar 08, 2017	11.76	3.7414932	0.49423218
293	PASDX	Jun 07, 2017	11.91	Mar 08, 2017	11.48	3.7456512	0.16820526
294	FKMCX	Jun 07, 2017	37.27	Mar 08, 2017	35.92	3.7583618	1.0027084
295	FPURX	Jun 07, 2017	22.36	Mar 08, 2017	21.55	3.7587051	0.7661133
296	FFDKX	Jun 07, 2017	45.27	Mar 08, 2017	43.63	3.7588806	1.0942459
297	VIMSX	Jun 07, 2017	39.11	Mar 08, 2017	37.69	3.7675858	0.77298737
298	VNQ	Jun 08, 2017	83.09	Mar 09, 2017	80.07	3.771698	0.5688629
299	FPIFX	Jun 07, 2017	15.08	Mar 08, 2017	14.53	3.7852783	0.6003952
300	FSPHX	Jun 07, 2017	216.55	Mar 08, 2017	208.64	3.7912216	2.8252563	*P*
301	JNK	Jun 08, 2017	37.15	Mar 09, 2017	35.79	3.7999496	-0.29521942
302	ICF	Jun 08, 2017	100.71	Mar 09, 2017	97.01	3.8140411	0.6093826
303	VWAHX	Jun 07, 2017	11.34	Mar 08, 2017	10.92	3.8461533	0.26525116
304	BULIX	Jun 07, 2017	18.86	Mar 08, 2017	18.16	3.8546295	0.106155396
305	VOHIX	Jun 07, 2017	12.66	Mar 08, 2017	12.19	3.8556213	0.3965149
306	FIXRX	Jun 07, 2017	63.43	Mar 08, 2017	61.07	3.864418	0.5708008
307	SMDMX	Jun 07, 2017	11.47	Mar 08, 2017	11.04	3.894928	0.3499527
308	FFANX	Jun 07, 2017	11.46	Mar 08, 2017	11.03	3.898468	0.5263214
309	FCIFX	Jun 07, 2017	12.5	Mar 08, 2017	12.03	3.9069061	0.5631561	*BT*
310	VWLTX	Jun 07, 2017	11.69	Mar 08, 2017	11.25	3.9111023	0.25728607
311	VMATX	Jun 07, 2017	10.85	Mar 08, 2017	10.44	3.927208	0.37002563
312	FFFCX	Jun 07, 2017	15.77	Mar 08, 2017	15.17	3.9551697	0.50988007
313	VAW	Jun 08, 2017	121.6	Mar 09, 2017	116.95	3.976059	0.4626541
314	PAUDX	Jun 07, 2017	8.88	Mar 08, 2017	8.54	3.9812698	0.0
315	FQIFX	Jun 07, 2017	15.93	Mar 08, 2017	15.32	3.98172	0.63171387
316	PHK	Jun 08, 2017	8.86	Mar 09, 2017	8.52	3.9906006	-0.11273956
317	FPHAX	Jun 07, 2017	18.75	Mar 08, 2017	18.03	3.9933472	0.2137909
318	MOO	Jun 08, 2017	55.45	Mar 09, 2017	53.31	4.0142517	0.4893036
319	VPAIX	Jun 07, 2017	11.65	Mar 08, 2017	11.2	4.017853	0.3445282
320	FFKCX	Jun 07, 2017	13.2	Mar 08, 2017	12.69	4.0189133	0.60975647
321	VO	Jun 08, 2017	143.51	Mar 09, 2017	137.88	4.083252	-0.2224884
322	EES	Jun 08, 2017	32.78	Mar 09, 2017	31.49	4.0965347	1.0792389
323	FLGEX	Jun 07, 2017	17.21	Mar 08, 2017	16.53	4.1137238	1.1163254
324	FOHFX	Jun 07, 2017	12.27	Mar 08, 2017	11.78	4.1595917	0.40916443
325	VCITX	Jun 07, 2017	12.2	Mar 08, 2017	11.71	4.1844635	0.4115219
326	FFVIX	Jun 07, 2017	12.66	Mar 08, 2017	12.15	4.1975403	0.5559921	*BT*
327	TWEBX	Jun 07, 2017	22.51	Mar 08, 2017	21.6	4.212967	0.0
328	MERKX	Jun 07, 2017	9.59	Mar 08, 2017	9.2	4.239128	0.20898438
329	EIERX	Jun 07, 2017	17.16	Mar 08, 2017	16.46	4.2527466	1.0600662	*BT*
330	FBALX	Jun 07, 2017	23.94	Mar 08, 2017	22.96	4.268303	0.6728287
331	FZAAX	Jun 07, 2017	21.2	Mar 08, 2017	20.33	4.279396	0.7126007	*BT*
332	FLATX	Jun 07, 2017	21.88	Mar 08, 2017	20.98	4.289795	0.87597656
333	PLMDX	Jun 07, 2017	9.19	Mar 08, 2017	8.81	4.313263	0.21809387
334	FBAKX	Jun 07, 2017	23.94	Mar 08, 2017	22.95	4.3137207	0.6728287
335	BCHYX	Jun 07, 2017	10.61	Mar 08, 2017	10.17	4.326454	0.37843323
336	FLPSX	Jun 07, 2017	53.22	Mar 08, 2017	51.01	4.3324966	0.45301056
337	MVALX	Jun 07, 2017	39.56	Mar 08, 2017	37.91	4.352417	1.3839111
338	FASMX	Jun 07, 2017	17.95	Mar 08, 2017	17.2	4.3604584	0.61660004
339	FSAEX	Jun 07, 2017	12.9	Mar 08, 2017	12.36	4.3689346	0.7025757
340	FLPKX	Jun 07, 2017	53.2	Mar 08, 2017	50.97	4.375122	0.47213745
341	FMAGX	Jun 07, 2017	95.87	Mar 08, 2017	91.85	4.376709	0.86270905
342	IWM	Jun 08, 2017	140.88	Mar 09, 2017	134.97	4.378746	1.3889923
343	SPLV	Jun 08, 2017	45.0	Mar 09, 2017	43.11	4.38414	-0.5964203	*P*
344	FMGKX	Jun 07, 2017	95.74	Mar 08, 2017	91.71	4.3942795	0.863884
345	FFVFX	Jun 07, 2017	13.03	Mar 08, 2017	12.48	4.407051	0.6177521
346	FDFFX	Jun 07, 2017	37.49	Mar 08, 2017	35.9	4.4289703	1.1330032
347	FKVFX	Jun 07, 2017	13.91	Mar 08, 2017	13.32	4.4294357	0.65122986
348	MNBAX	Jun 07, 2017	17.66	Mar 08, 2017	16.91	4.4352417	0.62677765
349	FSFFX	Jun 07, 2017	12.89	Mar 08, 2017	12.34	4.457054	0.7031174
350	VGHCX	Jun 07, 2017	207.31	Mar 08, 2017	198.38	4.501465	1.1071091
351	FDIFX	Jun 07, 2017	13.62	Mar 08, 2017	13.03	4.5280075	0.66519165	*BT*
352	FIUIX	Jun 07, 2017	26.54	Mar 08, 2017	25.39	4.5293427	0.45420074
353	FXIFX	Jun 07, 2017	16.59	Mar 08, 2017	15.87	4.536865	0.7286072
354	HAO	Jun 08, 2017	25.63	Mar 09, 2017	24.5	4.6122437	1.7871246
355	RTM	Jun 08, 2017	97.66	Mar 09, 2017	93.35	4.617035	0.102508545
356	LQD	Jun 08, 2017	120.17	Mar 09, 2017	114.79	4.686821	0.17505646
357	FIHFX	Jun 07, 2017	17.4	Mar 08, 2017	16.61	4.7561646	0.8111267
358	FFFDX	Jun 07, 2017	16.0	Mar 08, 2017	15.27	4.7806168	0.69226074
359	FBIFX	Jun 07, 2017	17.51	Mar 08, 2017	16.71	4.787567	0.8059845
360	FFKDX	Jun 07, 2017	14.88	Mar 08, 2017	14.2	4.7887344	0.744751
361	FIPFX	Jun 07, 2017	17.72	Mar 08, 2017	16.91	4.7900696	0.7963562
362	FITWX	Jun 07, 2017	13.53	Mar 08, 2017	12.91	4.802475	0.6696472	*BT*
363	FDCAX	Jun 07, 2017	35.1	Mar 08, 2017	33.49	4.8074036	1.0944595
364	FIOFX	Jun 07, 2017	17.64	Mar 08, 2017	16.83	4.8128357	0.85762787
365	WIP	Jun 08, 2017	55.89	Mar 09, 2017	53.28	4.8986588	-0.3743286
366	FSANX	Jun 07, 2017	12.09	Mar 08, 2017	11.52	4.947914	0.7500076
367	ITB	Jun 08, 2017	32.97	Mar 09, 2017	31.41	4.9665833	0.33475494
368	FFTWX	Jun 07, 2017	13.8	Mar 08, 2017	13.14	5.022827	0.80350494
369	FKTWX	Jun 07, 2017	15.67	Mar 08, 2017	14.92	5.026802	0.70693207
370	FFNOX	Jun 07, 2017	41.65	Mar 08, 2017	39.64	5.0706406	0.8718872
371	FSHCX	Jun 07, 2017	89.75	Mar 08, 2017	85.37	5.1306	2.6418076
372	GASFX	Jun 07, 2017	30.45	Mar 08, 2017	28.94	5.217697	0.16447449
373	FASGX	Jun 07, 2017	21.55	Mar 08, 2017	20.46	5.3274765	0.8423004
374	FEFIX	Jun 07, 2017	14.54	Mar 08, 2017	13.8	5.36232	0.8321762	*P*
375	FCPGX	Jun 07, 2017	23.12	Mar 08, 2017	21.94	5.3783035	1.8053741	*P*
376	VWESX	Jun 07, 2017	10.43	Mar 08, 2017	9.89	5.46006	0.4817047
377	PFBDX	Jun 07, 2017	9.77	Mar 08, 2017	9.26	5.5075684	0.6179199
378	FFKEX	Jun 07, 2017	16.15	Mar 08, 2017	15.3	5.5555496	0.8744507
379	FFFEX	Jun 07, 2017	17.15	Mar 08, 2017	16.24	5.603447	0.88235474
380	PCBIX	Jun 07, 2017	25.42	Mar 08, 2017	24.07	5.6086426	0.0	*BT**P*
381	FDKQX	Jun 07, 2017	11.17	Mar 08, 2017	10.57	5.676445	0.9033432	*BT*
382	FIFFX	Jun 07, 2017	15.05	Mar 08, 2017	14.24	5.688202	0.871315	*BT*
383	FTQGX	Jun 07, 2017	20.92	Mar 08, 2017	19.79	5.7099457	1.5533905
384	FSCPX	Jun 07, 2017	39.23	Mar 08, 2017	37.11	5.7127457	-0.17811584
385	FFFIX	Jun 07, 2017	11.65	Mar 08, 2017	11.02	5.716873	0.8657913	*BT*
386	ROOF	Jun 08, 2017	27.12	Mar 09, 2017	25.65	5.730995	0.3700943
387	FDSSX	Jun 07, 2017	41.13	Mar 08, 2017	38.9	5.732643	1.2306213
388	FFFPX	Jun 07, 2017	11.6	Mar 08, 2017	10.97	5.742935	0.8695755	*BT*
389	FSRPX	Jun 07, 2017	122.56	Mar 08, 2017	115.87	5.773712	0.6735687	*P*
390	FSSKX	Jun 07, 2017	41.16	Mar 08, 2017	38.91	5.7825775	1.2546082
391	FITHX	Jun 07, 2017	14.08	Mar 08, 2017	13.31	5.785118	0.9318924	*BT*
392	FDYSX	Jun 07, 2017	9.49	Mar 08, 2017	8.97	5.797104	0.95745087
393	VBLTX	Jun 07, 2017	14.08	Mar 08, 2017	13.3	5.8646545	0.5714264
394	FFFFX	Jun 07, 2017	10.03	Mar 08, 2017	9.47	5.9133987	0.90543365
395	FFKGX	Jun 07, 2017	17.49	Mar 08, 2017	16.51	5.935791	0.9232483
396	FFFGX	Jun 07, 2017	11.34	Mar 08, 2017	10.7	5.9813156	0.9795227
397	FFTHX	Jun 07, 2017	14.3	Mar 08, 2017	13.49	6.0044556	0.98870087
398	FFKHX	Jun 07, 2017	17.64	Mar 08, 2017	16.64	6.009613	0.9730911
399	FKTHX	Jun 07, 2017	16.93	Mar 08, 2017	15.97	6.0112686	0.9540787
400	ACWV	Jun 08, 2017	80.52	Mar 09, 2017	75.95	6.0171127	-0.33420563
401	FAMRX	Jun 07, 2017	18.42	Mar 08, 2017	17.37	6.044899	0.9868393
402	FFFHX	Jun 07, 2017	11.4	Mar 08, 2017	10.75	6.046509	0.88494873
403	VT	Jun 08, 2017	68.16	Mar 09, 2017	64.27	6.0526047	0.13222504
404	FFKFX	Jun 07, 2017	16.96	Mar 08, 2017	15.99	6.066284	1.0124893
405	RYU	Jun 08, 2017	87.62	Mar 09, 2017	82.6	6.0774918	-0.9047699	*P*
406	PRULX	Jun 07, 2017	12.66	Mar 08, 2017	11.93	6.119026	0.5559921
407	FDCPX	Jun 07, 2017	87.25	Mar 08, 2017	82.17	6.182312	-0.21729279	*P*
408	FSAIX	Jun 07, 2017	78.69	Mar 08, 2017	74.1	6.1943436	1.7455444
409	GLD	Jun 08, 2017	121.65	Mar 09, 2017	114.47	6.2723846	0.7703781
410	IAU	Jun 08, 2017	12.3	Mar 09, 2017	11.57	6.3094254	0.7371063
411	FLBAX	Jun 07, 2017	13.13	Mar 08, 2017	12.35	6.3157883	0.61302185
412	VUSTX	Jun 07, 2017	12.26	Mar 08, 2017	11.53	6.331314	0.57424164
413	JATTX	Jun 07, 2017	26.57	Mar 08, 2017	24.94	6.5356827	1.4509354
414	FSLEX	Jun 07, 2017	24.68	Mar 08, 2017	23.15	6.60907	0.65252686
415	OWSMX	Jun 07, 2017	16.85	Mar 08, 2017	15.8	6.645569	1.2620239
416	VOOG	Jun 08, 2017	125.0	Mar 09, 2017	117.18	6.6734924	0.4580841
417	IGOV	Jun 08, 2017	95.26	Mar 09, 2017	89.23	6.75782	0.30535126
418	FTRNX	Jun 07, 2017	95.82	Mar 08, 2017	89.64	6.8942413	1.3860931
419	THD	Jun 08, 2017	78.94	Mar 09, 2017	73.79	6.9792633	0.5477066
420	FSUTX	Jun 07, 2017	80.92	Mar 08, 2017	75.59	7.0512085	0.6092224
421	EWJ	Jun 08, 2017	54.58	Mar 09, 2017	50.97	7.082596	1.506424
422	FSGFX	Jun 07, 2017	18.12	Mar 08, 2017	16.92	7.092201	1.0596771
423	EPU	Jun 08, 2017	34.8	Mar 09, 2017	32.48	7.142853	1.5761871
424	VPU	Jun 08, 2017	117.82	Mar 09, 2017	109.94	7.1675415	-0.8499527
425	RPMGX	Jun 07, 2017	86.17	Mar 08, 2017	80.38	7.2032776	1.0554657
426	FZANX	Jun 07, 2017	30.87	Mar 08, 2017	28.77	7.2992706	1.3460312	*BT*
427	ASHR	Jun 08, 2017	26.4	Mar 09, 2017	24.59	7.36071	2.4844666
428	FBSOX	Jun 07, 2017	47.82	Mar 08, 2017	44.54	7.3641663	0.6313095
429	VUG	Jun 08, 2017	129.33	Mar 09, 2017	120.45	7.3723526	0.34916687
430	XMPT	Jun 08, 2017	26.98	Mar 09, 2017	25.12	7.404457	0.037071228
431	EMLC	Jun 08, 2017	19.0	Mar 09, 2017	17.64	7.709755	0.6355972
432	FGBLX	Jun 07, 2017	24.56	Mar 08, 2017	22.8	7.7192993	0.94532776
433	VWO	Jun 08, 2017	41.25	Mar 09, 2017	38.26	7.8149567	0.51169586
434	DODFX	Jun 07, 2017	43.84	Mar 08, 2017	40.62	7.9271317	0.205719
435	FDFAX	Jun 07, 2017	102.41	Mar 08, 2017	94.88	7.936348	1.1456833	*P*
436	FWRLX	Jun 07, 2017	9.84	Mar 08, 2017	9.1	8.131859	0.20366669	*P*
437	FNCMX	Jun 07, 2017	83.0	Mar 08, 2017	76.72	8.185616	1.6160583	*P*
438	RYGBX	Jun 07, 2017	52.85	Mar 08, 2017	48.83	8.232643	0.8203049
439	PRNHX	Jun 07, 2017	50.84	Mar 08, 2017	46.93	8.331558	1.133873
440	FXI	Jun 08, 2017	40.6	Mar 09, 2017	37.47	8.35334	0.24690247
441	GVPIX	Jun 07, 2017	54.41	Mar 08, 2017	50.2	8.386459	0.81526184
442	FSAGX	Jun 07, 2017	21.31	Mar 08, 2017	19.64	8.503052	4.820465	*P*
443	ONEQ	Jun 08, 2017	249.28	Mar 09, 2017	229.7	8.52417	1.2140121
444	RWX	Jun 08, 2017	39.61	Mar 09, 2017	36.38	8.878502	0.30387878
445	FCNTX	Jun 07, 2017	116.39	Mar 08, 2017	106.86	8.918213	1.4734116	*P*
446	FCNKX	Jun 07, 2017	116.34	Mar 08, 2017	106.8	8.932579	1.4651871
447	FSELX	Jun 07, 2017	108.08	Mar 08, 2017	99.14	9.017548	1.645813	*P*
448	FSMEX	Jun 07, 2017	45.1	Mar 08, 2017	41.36	9.042549	2.6399612
449	VICEX	Jun 07, 2017	30.36	Mar 08, 2017	27.81	9.169365	0.4632721
450	EEMV	Jun 08, 2017	56.17	Mar 09, 2017	51.45	9.17395	0.8257065
451	GWX	Jun 08, 2017	33.43	Mar 09, 2017	30.62	9.177002	0.8750763
452	FWWFX	Jun 07, 2017	25.27	Mar 08, 2017	23.13	9.25206	1.2419968
453	VEU	Jun 08, 2017	50.7	Mar 09, 2017	46.4	9.267235	0.07896423
454	VXUS	Jun 08, 2017	52.69	Mar 09, 2017	48.15	9.428856	0.1901474
455	OAKIX	Jun 07, 2017	26.32	Mar 08, 2017	24.05	9.438667	0.22847748
456	FIVLX	Jun 07, 2017	8.66	Mar 08, 2017	7.91	9.481667	0.81490326
457	USAGX	Jun 07, 2017	13.61	Mar 08, 2017	12.43	9.493164	5.4221497
458	VGTSX	Jun 07, 2017	16.91	Mar 08, 2017	15.44	9.520721	0.894989
459	FSGDX	Jun 07, 2017	12.52	Mar 08, 2017	11.43	9.536316	0.8863907	*BT*
460	FFVNX	Jun 07, 2017	10.33	Mar 08, 2017	9.43	9.544006	0.78048706
461	FSGEX	Jun 07, 2017	12.26	Mar 08, 2017	11.19	9.562111	0.82238007
462	FINVX	Jun 07, 2017	10.31	Mar 08, 2017	9.41	9.564301	0.88062286
463	MLAIX	Jun 07, 2017	10.29	Mar 08, 2017	9.39	9.584663	1.3793106	*BT*
464	SCHF	Jun 08, 2017	31.83	Mar 09, 2017	29.04	9.607437	0.06287384
465	FSAMX	Jun 07, 2017	10.03	Mar 08, 2017	9.14	9.7374115	1.2108917
466	EFA	Jun 08, 2017	66.56	Mar 09, 2017	60.54	9.943832	0.105270386
467	QQQ	Jun 08, 2017	143.57	Mar 09, 2017	130.57	9.956345	1.2196884
468	VSS	Jun 08, 2017	109.16	Mar 09, 2017	99.16	10.084709	0.47865295
469	VTRIX	Jun 07, 2017	36.67	Mar 08, 2017	33.3	10.120117	0.741745
470	FEMSX	Jun 07, 2017	19.03	Mar 08, 2017	17.25	10.31884	1.2234116
471	FEMFX	Jun 07, 2017	19.09	Mar 08, 2017	17.3	10.346832	1.2195129
472	PRGFX	Jun 07, 2017	64.57	Mar 08, 2017	58.46	10.4515915	1.6210175
473	FDSVX	Jun 07, 2017	30.99	Mar 08, 2017	28.05	10.481285	1.2083511
474	FGDKX	Jun 07, 2017	31.02	Mar 08, 2017	28.06	10.548828	1.2402191
475	FIENX	Jun 07, 2017	9.4	Mar 08, 2017	8.5	10.588226	0.8583679
476	FJSCX	Jun 07, 2017	17.07	Mar 08, 2017	15.43	10.628639	2.3381195
477	FSIIX	Jun 07, 2017	40.75	Mar 08, 2017	36.83	10.643494	0.866333
478	FSIVX	Jun 07, 2017	40.75	Mar 08, 2017	36.82	10.673546	0.866333
479	POAGX	Jun 07, 2017	39.22	Mar 08, 2017	35.37	10.884941	1.8172379
480	FSCSX	Jun 07, 2017	153.44	Mar 08, 2017	138.35	10.907112	1.4211197	*P*
481	VNQI	Jun 08, 2017	57.45	Mar 09, 2017	51.8	10.907341	0.89567566
482	RSXJ	Jun 08, 2017	40.7	Mar 09, 2017	36.67	10.989914	-0.5133209
483	FJPNX	Jun 07, 2017	14.0	Mar 08, 2017	12.61	11.022995	2.7900085
484	FDGRX	Jun 07, 2017	165.0	Mar 08, 2017	148.56	11.066231	2.1861649
485	FGCKX	Jun 07, 2017	164.89	Mar 08, 2017	148.43	11.089409	2.1876602
486	FILFX	Jun 07, 2017	10.87	Mar 08, 2017	9.78	11.145195	1.0223007
487	FBGRX	Jun 07, 2017	82.28	Mar 08, 2017	73.84	11.430122	1.6806717
488	EEM	Jun 08, 2017	41.93	Mar 09, 2017	37.59	11.545624	0.9145584
489	FISMX	Jun 07, 2017	27.44	Mar 08, 2017	24.58	11.635483	1.1799469
490	FHKCX	Jun 07, 2017	29.84	Mar 08, 2017	26.71	11.71846	1.7388306
491	NKX	Jun 08, 2017	15.73	Mar 09, 2017	14.08	11.71875	2.2756805
492	FIREX	Jun 07, 2017	10.96	Mar 08, 2017	9.81	11.722733	1.8587341
493	PRMTX	Jun 07, 2017	90.79	Mar 08, 2017	80.97	12.127945	0.74344635
494	FTIEX	Jun 07, 2017	8.79	Mar 08, 2017	7.83	12.260529	1.0344849
495	FUSIX	Jun 07, 2017	10.02	Mar 08, 2017	8.92	12.3318405	1.0080719
496	JIGFX	Jun 07, 2017	30.32	Mar 08, 2017	26.99	12.337898	0.7978668
497	FDIVX	Jun 07, 2017	39.21	Mar 08, 2017	34.82	12.607697	0.8228302
498	FDIKX	Jun 07, 2017	39.14	Mar 08, 2017	34.75	12.633095	0.7983475
499	FOCPX	Jun 07, 2017	104.15	Mar 08, 2017	92.41	12.704254	1.8482361
500	FPBFX	Jun 07, 2017	31.67	Mar 08, 2017	28.06	12.865295	1.9639359
501	FSEAX	Jun 07, 2017	38.46	Mar 08, 2017	33.99	13.150917	1.3171768	*P*
502	JMIEX	Jun 07, 2017	25.88	Mar 08, 2017	22.84	13.309982	1.7695541	*BT*
503	FIGFX	Jun 07, 2017	12.84	Mar 08, 2017	11.3	13.628319	0.8640976
504	FIGSX	Jun 07, 2017	15.4	Mar 08, 2017	13.55	13.653137	0.8513336
505	FFIGX	Jun 07, 2017	15.44	Mar 08, 2017	13.58	13.6966095	0.84911346
506	FSTSX	Jun 07, 2017	17.11	Mar 08, 2017	14.94	14.524773	1.3625641
507	FFSTX	Jun 07, 2017	17.15	Mar 08, 2017	14.97	14.562454	1.3593292
508	FZAIX	Jun 07, 2017	43.41	Mar 08, 2017	37.89	14.568481	1.0945587	*BT*
509	FIGRX	Jun 07, 2017	43.54	Mar 08, 2017	38.0	14.578949	1.1147232
510	FIDKX	Jun 07, 2017	43.44	Mar 08, 2017	37.91	14.587173	1.1173096
511	FOSFX	Jun 07, 2017	47.45	Mar 08, 2017	41.39	14.641228	0.7858963
512	FOSKX	Jun 07, 2017	47.36	Mar 08, 2017	41.29	14.70089	0.8088608
513	FEMKX	Jun 07, 2017	27.86	Mar 08, 2017	24.27	14.791931	1.8274918	*P*
514	FKEMX	Jun 07, 2017	27.88	Mar 08, 2017	24.28	14.827011	1.8261566
515	FIVFX	Jun 07, 2017	19.53	Mar 08, 2017	16.99	14.949974	1.1393051
516	PRGTX	Jun 07, 2017	17.54	Mar 08, 2017	15.23	15.167442	2.1549225
517	FSCOX	Jun 07, 2017	17.69	Mar 08, 2017	15.33	15.394653	1.3173065
518	FDLSX	Jun 07, 2017	163.08	Mar 08, 2017	140.49	16.079437	1.0659485
519	FIEUX	Jun 07, 2017	40.0	Mar 08, 2017	34.18	17.027496	0.37641907
520	FSPTX	Jun 07, 2017	167.99	Mar 08, 2017	143.39	17.156013	2.3019333	*P*
521	FATIX	Jun 07, 2017	55.25	Mar 08, 2017	47.1	17.303612	2.2958755	*BT**P*
522	FNORX	Jun 07, 2017	52.74	Mar 08, 2017	44.86	17.565765	1.4035797