1	PSCE	Jun 23, 2017	12.86	Mar 24, 2017	17.03	-24.486206	13.36	-3.7425156	*P*
2	FSESX	today	42.63	Mar 27, 2017	51.02	-16.444527	44.79	-4.822502
3	OIL	Jun 23, 2017	4.5	Mar 24, 2017	5.2	-13.461533	4.76	-5.4621887	*P*
4	ERUS	Jun 23, 2017	28.33	Mar 24, 2017	32.4	-12.561729	28.21	0.42538452
5	USO	Jun 23, 2017	8.86	Mar 24, 2017	10.09	-12.190292	9.24	-4.1125565	*P*
6	UGA	Jun 23, 2017	22.8	Mar 24, 2017	25.9	-11.969116	23.2	-1.724144
7	FSNGX	today	22.94	Mar 27, 2017	26.05	-11.938576	23.44	-2.13311
8	IBM	Jun 23, 2017	154.11	Mar 24, 2017	172.15	-10.479233	155.38	-0.8173523
9	EWZ	Jun 23, 2017	33.04	Mar 24, 2017	36.82	-10.266151	33.86	-2.4217377
10	RSX	Jun 23, 2017	18.85	Mar 24, 2017	20.95	-10.023865	18.75	0.5333328
11	FSENX	today	37.92	Mar 27, 2017	41.92	-9.541985	38.56	-1.6597595
12	ICENX	today	11.3	Mar 27, 2017	12.48	-9.455124	11.48	-1.5679321
13	FNARX	today	25.56	Mar 27, 2017	27.9	-8.387093	25.85	-1.1218643
14	DBC	Jun 23, 2017	13.82	Mar 24, 2017	14.91	-7.3105316	14.12	-2.124649
15	AMLP	Jun 23, 2017	11.47	Mar 24, 2017	12.33	-6.974861	11.58	-0.949913
16	PCRIX	today	6.3	Mar 27, 2017	6.71	-6.110283	6.37	-1.0988922	*BT*
17	FCSSX	today	4.93	Mar 27, 2017	5.22	-5.5555496	5.0	-1.4000092
18	FCSFX	today	4.99	Mar 27, 2017	5.28	-5.4924316	5.06	-1.3834
19	XLE	Jun 23, 2017	64.38	Mar 24, 2017	68.09	-5.4486694	66.3	-2.895935
20	CHAD	Jun 23, 2017	37.08	Mar 24, 2017	39.16	-5.3115387	38.0	-2.4210434
21	CSCO	Jun 23, 2017	32.09	Mar 24, 2017	33.79	-5.031082	31.63	1.4543152
22	PTM	Jun 23, 2017	9.73	Mar 24, 2017	10.21	-4.7012787	9.64	0.9336014
23	RYURX	today	67.9	Mar 27, 2017	70.99	-4.352722	67.48	0.622406
24	USAGX	today	13.11	Mar 27, 2017	13.68	-4.1666718	12.66	3.5544968
25	FFGCX	today	11.0	Mar 27, 2017	11.46	-4.013962	11.09	-0.8115387
26	FSAGX	today	20.83	Mar 27, 2017	21.52	-3.2063217	19.97	4.3064575	*P*
27	RSXJ	Jun 23, 2017	38.53	Mar 24, 2017	39.79	-3.166626	38.64	-0.2846756
28	RZV	Jun 23, 2017	65.29	Mar 24, 2017	66.13	-1.2702255	65.43	-0.21396637
29	FLATX	today	21.37	Mar 27, 2017	21.62	-1.1563339	21.91	-2.4646225
30	ACITX	today	11.58	Mar 27, 2017	11.7	-1.0256424	11.65	-0.60085297
31	FBMPX	today	79.77	Mar 27, 2017	80.41	-0.79592896	81.21	-1.7731857
32	STCEX	today	11.13	Mar 27, 2017	11.21	-0.71364594	11.3	-1.504425
33	FEMEX	today	8.7	Mar 27, 2017	8.76	-0.6849365	8.7	0.0
34	FSTCX	today	67.16	Mar 27, 2017	67.58	-0.62148285	68.45	-1.8845825
35	FSRRX	today	8.72	Mar 27, 2017	8.74	-0.22882843	8.73	-0.11453247
36	CHTTX	today	42.6	Mar 27, 2017	42.66	-0.14064789	42.66	-0.14064789
37	FIRJX	today	49.75	Mar 27, 2017	49.75	0.0	49.75	0.0
38	KRE	Jun 23, 2017	52.91	Mar 24, 2017	52.88	0.056732178	55.07	-3.9222794
39	FIPAX	today	11.86	Mar 27, 2017	11.85	0.084373474	11.79	0.5937195
40	FFIPX	today	9.89	Mar 27, 2017	9.88	0.10121918	9.85	0.40608978
41	PRIPX	today	11.91	Mar 27, 2017	11.89	0.16820526	11.84	0.59121704
42	GABUX	today	9.49	Mar 27, 2017	9.47	0.21118927	9.61	-1.248703
43	FINPX	today	12.01	Mar 27, 2017	11.98	0.25041962	11.94	0.5862732
44	SWRSX	today	11.12	Mar 27, 2017	11.09	0.2705078	11.05	0.63347626
45	VSGBX	today	10.7	Mar 27, 2017	10.67	0.28115845	10.69	0.09354401
46	SHY	Jun 23, 2017	84.55	Mar 24, 2017	84.31	0.28466797	84.52	0.035499573
47	FSCHX	today	156.94	Mar 27, 2017	156.49	0.2875595	159.98	-1.9002304
48	FCNVX	today	10.04	Mar 27, 2017	10.01	0.29969025	10.04	0.0
49	FSHBX	today	8.62	Mar 27, 2017	8.59	0.34923553	8.62	0.0
50	FBCVX	today	18.15	Mar 27, 2017	18.08	0.38716888	18.16	-0.05506897	*P*
51	PRRDX	today	11.03	Mar 27, 2017	10.98	0.4553833	10.96	0.63868713
52	USSTX	today	10.48	Mar 27, 2017	10.43	0.47937775	10.48	0.0
53	GLD	Jun 23, 2017	119.43	Mar 24, 2017	118.86	0.47955322	119.34	0.075424194
54	TIP	Jun 23, 2017	114.31	Mar 24, 2017	113.76	0.4834671	113.68	0.55418396
55	BULIX	today	18.55	Mar 27, 2017	18.46	0.4875412	19.04	-2.5735397
56	FFXSX	today	9.97	Mar 27, 2017	9.92	0.5040283	9.96	0.1003952
57	RWJ	Jun 23, 2017	65.0	Mar 24, 2017	64.64	0.55693054	65.34	-0.5203476
58	FSBAX	today	10.42	Mar 27, 2017	10.36	0.57915497	10.41	0.09606171
59	IAU	Jun 23, 2017	12.08	Mar 24, 2017	12.01	0.5828476	12.07	0.082847595
60	VEVRX	today	37.82	Mar 27, 2017	37.54	0.74586487	38.34	-1.3562851	*BT**P*
61	PYZ	Jun 23, 2017	60.3	Mar 24, 2017	59.83	0.785553	59.86	0.7350464
62	BSV	Jun 23, 2017	79.97	Mar 24, 2017	79.3	0.8448944	79.96	0.012504578	*P*
63	FICDX	today	49.76	Mar 27, 2017	49.34	0.85123444	49.85	-0.18054199
64	FSTGX	today	10.54	Mar 27, 2017	10.45	0.86125183	10.53	0.0949707
65	BTTTX	today	104.1	Mar 27, 2017	103.21	0.8623276	103.93	0.16356659
66	FGMNX	today	11.47	Mar 27, 2017	11.37	0.8795166	11.46	0.087265015
67	PRFSX	today	5.62	Mar 27, 2017	5.57	0.8976593	5.62	0.0
68	VMLTX	today	10.99	Mar 27, 2017	10.89	0.9182663	10.99	0.0
69	FFRHX	today	9.63	Mar 27, 2017	9.54	0.9433975	9.65	-0.2072525
70	VFIIX	today	10.57	Mar 27, 2017	10.47	0.95510864	10.56	0.094688416
71	BRSVX	today	24.53	Mar 27, 2017	24.29	0.98805237	24.69	-0.64803314
72	PGNDX	today	11.15	Mar 27, 2017	11.04	0.99637604	11.14	0.089767456
73	RYTRX	today	13.83	Mar 27, 2017	13.69	1.0226517	13.97	-1.0021515	*BT*
74	FSTFX	today	10.59	Mar 27, 2017	10.48	1.0496292	10.59	0.0
75	CDSIX	today	16.23	Mar 27, 2017	16.06	1.0585327	16.2	0.18518066	*BT*
76	HAO	Jun 23, 2017	25.59	Mar 24, 2017	25.31	1.1062851	25.11	1.9115906
77	FMSFX	today	11.29	Mar 27, 2017	11.16	1.1648788	11.28	0.088653564
78	FTHRX	today	10.92	Mar 27, 2017	10.79	1.2048264	10.91	0.091659546
79	PAUDX	today	8.75	Mar 27, 2017	8.64	1.27314	8.76	-0.11415863
80	FCSTX	today	10.67	Mar 27, 2017	10.53	1.3295441	10.67	0.0
81	VFITX	today	11.26	Mar 27, 2017	11.11	1.3501434	11.23	0.26715088
82	ANDVX	today	17.16	Mar 27, 2017	16.93	1.3585358	17.47	-1.7744675	*BT*
83	FSLVX	today	19.29	Mar 27, 2017	19.03	1.366272	19.51	-1.1276245
84	OAKBX	today	31.86	Mar 27, 2017	31.42	1.4003906	32.1	-0.7476578
85	IEI	Jun 23, 2017	124.18	Mar 24, 2017	122.44	1.4211044	124.15	0.024162292
86	FSOPX	today	14.26	Mar 27, 2017	14.06	1.4224777	14.39	-0.90340424
87	PFODX	today	10.6	Mar 27, 2017	10.45	1.4354095	10.6	0.0
88	PLMDX	today	9.14	Mar 27, 2017	9.01	1.4428406	9.16	-0.21833801
89	HDOGX	today	14.05	Mar 27, 2017	13.85	1.4440384	14.1	-0.35461426
90	FDSCX	today	26.65	Mar 27, 2017	26.27	1.4465103	26.89	-0.8925247
91	LEXCX	today	33.94	Mar 27, 2017	33.45	1.4648666	34.83	-2.555275
92	FGOVX	today	10.32	Mar 27, 2017	10.17	1.4749146	10.3	0.19416809
93	FLVEX	today	12.31	Mar 27, 2017	12.13	1.4839325	12.46	-1.2038498	*P*
94	FSOFX	today	14.35	Mar 27, 2017	14.14	1.4851456	14.48	-0.8977814
95	WIP	Jun 23, 2017	55.64	Mar 24, 2017	54.81	1.5143127	55.64	0.0
96	GASFX	today	30.16	Mar 27, 2017	29.71	1.5146484	30.59	-1.405693
97	GTSGX	today	9.25	Mar 27, 2017	9.11	1.5367737	9.36	-1.1752167
98	FVIIX	today	10.33	Mar 27, 2017	10.17	1.5732498	10.31	0.19397736	*BT*
99	PRTIX	today	5.8	Mar 27, 2017	5.71	1.5761871	5.79	0.17271423
100	MERKX	today	9.56	Mar 27, 2017	9.41	1.5940552	9.52	0.42016602
101	FSAVX	today	34.97	Mar 27, 2017	34.4	1.6569748	35.15	-0.5120926
102	TGFNX	today	11.04	Mar 27, 2017	10.86	1.6574631	11.01	0.2724762
103	FBNDX	today	7.94	Mar 27, 2017	7.81	1.6645279	7.92	0.2525177
104	JASCX	today	33.97	Mar 27, 2017	33.41	1.6761551	34.22	-0.73056793
105	YAFFX	today	21.65	Mar 27, 2017	21.28	1.7387161	21.66	-0.046173096
106	FBIDX	today	11.68	Mar 27, 2017	11.48	1.7421722	11.65	0.25751495
107	FIUIX	today	26.21	Mar 27, 2017	25.76	1.7468948	26.55	-1.2806091
108	DODIX	today	13.88	Mar 27, 2017	13.64	1.7595291	13.85	0.21660614
109	FXI	Jun 23, 2017	39.77	Mar 24, 2017	39.08	1.7656097	39.41	0.91347504
110	PRVAX	today	12.06	Mar 27, 2017	11.85	1.7721558	12.06	0.0
111	VBMFX	today	10.84	Mar 27, 2017	10.65	1.7840424	10.81	0.27751923
112	FSIGX	today	11.31	Mar 27, 2017	11.11	1.8001938	11.28	0.26596832
113	FIBFX	today	11.3	Mar 27, 2017	11.1	1.8018036	11.28	0.17731476
114	EPU	Jun 23, 2017	33.84	Mar 24, 2017	33.24	1.8050537	33.18	1.989151
115	FTBFX	today	10.7	Mar 27, 2017	10.51	1.8078003	10.69	0.09354401
116	PASDX	today	11.79	Mar 27, 2017	11.58	1.8134689	11.8	-0.084747314
117	FIKFX	today	11.76	Mar 27, 2017	11.55	1.8181763	11.76	0.0
118	PEQKX	today	34.02	Mar 27, 2017	33.41	1.825798	34.6	-1.6763	*BT*
119	KYTFX	today	7.8	Mar 27, 2017	7.66	1.8276825	7.8	0.0
120	FIRMX	today	60.56	Mar 27, 2017	59.46	1.8499832	60.55	0.016525269
121	FLTMX	today	10.4	Mar 27, 2017	10.21	1.8609161	10.4	0.0
122	USNYX	today	12.03	Mar 27, 2017	11.81	1.8628235	12.03	0.0
123	VHDYX	today	31.13	Mar 27, 2017	30.56	1.865181	31.64	-1.6118851
124	XLF	Jun 23, 2017	23.89	Mar 24, 2017	23.45	1.8763275	24.29	-1.6467743
125	FNMIX	today	16.27	Mar 27, 2017	15.97	1.8785248	16.32	-0.30636597
126	USVAX	today	11.36	Mar 27, 2017	11.15	1.8834076	11.35	0.08809662
127	YACKX	today	23.2	Mar 27, 2017	22.77	1.8884506	23.27	-0.30081177
128	ANFVX	today	26.41	Mar 27, 2017	25.92	1.8904343	26.67	-0.97488403	*BT*
129	FASIX	today	13.45	Mar 27, 2017	13.2	1.8939362	13.44	0.074409485
130	NOTEX	today	10.72	Mar 27, 2017	10.52	1.9011383	10.72	0.0
131	FUBFX	today	11.68	Mar 27, 2017	11.46	1.9197235	11.65	0.25751495
132	VWO	Jun 23, 2017	40.73	Mar 24, 2017	39.96	1.9269257	40.5	0.5679016
133	NOITX	today	10.57	Mar 27, 2017	10.37	1.9286423	10.57	0.0
134	FVDFX	today	27.29	Mar 27, 2017	26.77	1.942482	27.44	-0.5466461
135	FEQIX	today	59.04	Mar 27, 2017	57.91	1.9513016	59.81	-1.2874146
136	GSSUX	today	60.57	Mar 27, 2017	59.41	1.9525299	61.59	-1.6561127	*P*
137	BMBSX	today	11.97	Mar 27, 2017	11.74	1.9591217	11.97	0.0
138	TGMNX	today	10.37	Mar 27, 2017	10.17	1.966568	10.34	0.29013062
139	USTEX	today	13.43	Mar 27, 2017	13.17	1.9741898	13.43	0.0
140	MDXBX	today	10.83	Mar 27, 2017	10.62	1.9773941	10.83	0.0
141	FVDKX	today	27.3	Mar 27, 2017	26.77	1.9798279	27.45	-0.5464554
142	FEIKX	today	59.02	Mar 27, 2017	57.87	1.9872208	59.79	-1.2878418
143	PRTAX	today	10.2	Mar 27, 2017	10.0	2.0	10.19	0.09812927
144	NOSGX	today	23.95	Mar 27, 2017	23.48	2.0017166	24.25	-1.237114
145	USCBX	today	11.09	Mar 27, 2017	10.87	2.0239258	11.08	0.09025574
146	NTFIX	today	11.57	Mar 27, 2017	11.34	2.0282135	11.57	0.0
147	SMTFX	today	10.45	Mar 27, 2017	10.24	2.0507812	10.45	0.0
148	SPHIX	today	8.9	Mar 27, 2017	8.72	2.0642166	8.96	-0.6696472
149	FIBAX	today	10.87	Mar 27, 2017	10.65	2.0657272	10.84	0.27674103
150	SWNTX	today	11.76	Mar 27, 2017	11.52	2.0833282	11.76	0.0
151	NCATX	today	11.69	Mar 27, 2017	11.45	2.0960693	11.69	0.0
152	FFFAX	today	11.68	Mar 27, 2017	11.44	2.097908	11.68	0.0
153	FPCIX	today	10.64	Mar 27, 2017	10.42	2.1113281	10.61	0.28276062
154	GTFBX	today	11.56	Mar 27, 2017	11.32	2.1201477	11.56	0.0
155	FICNX	today	11.49	Mar 27, 2017	11.25	2.1333313	11.48	0.0871048
156	BCITX	today	11.94	Mar 27, 2017	11.69	2.1385803	11.94	0.0
157	VWINX	today	26.4	Mar 27, 2017	25.84	2.1671753	26.62	-0.82644653
158	FIRNX	today	60.76	Mar 27, 2017	59.46	2.186348	60.75	0.016464233
159	FIMIX	today	11.68	Mar 27, 2017	11.43	2.1872253	11.68	0.0
160	NOAZX	today	10.71	Mar 27, 2017	10.48	2.194664	10.7	0.09346008
161	FIAFX	today	11.09	Mar 27, 2017	10.85	2.211975	11.09	0.0	*BT*
162	BND	Jun 23, 2017	82.25	Mar 24, 2017	80.47	2.211998	82.16	0.10954285
163	VBIIX	today	11.52	Mar 27, 2017	11.27	2.2182846	11.49	0.26110077
164	PRF	Jun 23, 2017	103.23	Mar 24, 2017	100.98	2.2281647	103.72	-0.47242737
165	FSICX	today	11.0	Mar 27, 2017	10.76	2.2304764	11.01	-0.09082794
166	FSMVX	today	26.02	Mar 27, 2017	25.45	2.2396774	26.3	-1.0646362
167	FEXPX	today	22.51	Mar 27, 2017	22.01	2.271698	22.69	-0.79330444
168	NCITX	today	10.75	Mar 27, 2017	10.51	2.2835388	10.75	0.0
169	VEIPX	today	34.46	Mar 27, 2017	33.69	2.285553	35.01	-1.5709763
170	PTTDX	today	10.27	Mar 27, 2017	10.04	2.2908478	10.24	0.292984
171	FFKAX	today	12.0	Mar 27, 2017	11.73	2.3017883	11.99	0.08339691
172	FEXKX	today	22.48	Mar 27, 2017	21.97	2.32135	22.65	-0.75055695
173	VCAIX	today	11.84	Mar 27, 2017	11.57	2.3336258	11.83	0.08453369
174	FJIFX	today	13.13	Mar 27, 2017	12.83	2.3382645	13.14	-0.07610321
175	FSHNX	today	9.62	Mar 27, 2017	9.4	2.3404236	9.7	-0.8247452
176	NHINX	today	8.74	Mar 27, 2017	8.54	2.3419113	8.8	-0.68182373
177	HLPPX	today	14.84	Mar 27, 2017	14.5	2.3448257	14.9	-0.40267944
178	FNJHX	today	11.76	Mar 27, 2017	11.49	2.3498764	11.76	0.0
179	FVSAX	today	19.55	Mar 27, 2017	19.1	2.356018	19.74	-0.9625168
180	VTV	Jun 23, 2017	96.36	Mar 24, 2017	94.14	2.3581848	96.92	-0.57779694
181	PYVLX	today	16.02	Mar 27, 2017	15.65	2.3642197	16.14	-0.7434921
182	FPXTX	today	11.21	Mar 27, 2017	10.95	2.3744354	11.21	0.0
183	USATX	today	13.31	Mar 27, 2017	13.0	2.384613	13.31	0.0
184	FEQTX	today	27.79	Mar 27, 2017	27.14	2.3949966	28.13	-1.2086716
185	VBILX	today	11.52	Mar 27, 2017	11.25	2.4000015	11.49	0.26110077
186	FSDPX	today	81.84	Mar 27, 2017	79.92	2.4024048	82.97	-1.3619385	*P*
187	PRINX	today	11.93	Mar 27, 2017	11.65	2.4034348	11.92	0.08390045
188	FSCRX	today	30.65	Mar 27, 2017	29.93	2.4056091	30.94	-0.93730164
189	PFBDX	today	9.74	Mar 27, 2017	9.51	2.4185028	9.72	0.20575714
190	FCPEX	today	13.91	Mar 27, 2017	13.58	2.430046	13.95	-0.28674316
191	FETKX	today	27.79	Mar 27, 2017	27.13	2.4327393	28.13	-1.2086716
192	TIXRX	today	10.46	Mar 27, 2017	10.21	2.4485855	10.45	0.095703125
193	FSHFX	today	9.62	Mar 27, 2017	9.39	2.4494019	9.7	-0.8247452
194	FLSAX	today	52.23	Mar 27, 2017	50.98	2.4519424	52.79	-1.0608063
195	FTFMX	today	13.34	Mar 27, 2017	13.02	2.4577484	13.34	0.0
196	BCLTX	today	11.67	Mar 27, 2017	11.39	2.4582977	11.67	0.0
197	FIROX	today	62.89	Mar 27, 2017	61.37	2.4767761	62.89	0.0
198	FEDCX	today	10.33	Mar 27, 2017	10.08	2.4801636	10.37	-0.38572693
199	EMLC	Jun 23, 2017	18.91	Mar 24, 2017	18.45	2.4932175	19.02	-0.57834625
200	FDMMX	today	12.24	Mar 27, 2017	11.94	2.5125656	12.24	0.0
201	DRTAX	today	11.81	Mar 27, 2017	11.52	2.5173645	11.8	0.084747314
202	VWELX	today	41.01	Mar 27, 2017	40.0	2.524994	41.52	-1.2283249
203	FTANX	today	10.95	Mar 27, 2017	10.68	2.5280838	10.95	0.0
204	FSRIX	today	12.44	Mar 27, 2017	12.13	2.5556412	12.44	0.0	*BT*
205	FHIGX	today	13.18	Mar 27, 2017	12.85	2.5680923	13.17	0.075935364
206	RYU	Jun 23, 2017	86.63	Mar 24, 2017	84.46	2.5692596	88.24	-1.8245697	*P*
207	FEDFX	today	10.33	Mar 27, 2017	10.07	2.581932	10.37	-0.38572693
208	FDFAX	today	99.23	Mar 27, 2017	96.72	2.5951233	100.71	-1.4695663	*P*
209	FMHTX	today	12.25	Mar 27, 2017	11.94	2.596321	12.24	0.081703186
210	FHIFX	today	8.65	Mar 27, 2017	8.43	2.6097183	8.68	-0.34562683
211	PRFHX	today	12.03	Mar 27, 2017	11.72	2.64505	12.03	0.0
212	FKIFX	today	13.91	Mar 27, 2017	13.55	2.6568298	13.92	-0.07183838
213	FSDCX	today	35.12	Mar 27, 2017	34.21	2.6600342	35.04	0.22830963
214	FWRLX	today	9.59	Mar 27, 2017	9.34	2.676651	9.66	-0.7246399	*P*
215	VOHIX	today	12.64	Mar 27, 2017	12.31	2.6807404	12.63	0.07917786
216	FIRPX	today	63.96	Mar 27, 2017	62.29	2.6810074	63.97	-0.01563263
217	FPIOX	today	9.56	Mar 27, 2017	9.31	2.6852875	9.61	-0.52028656
218	FSAZX	today	12.17	Mar 27, 2017	11.85	2.7004242	12.17	0.0
219	FIDSX	today	99.66	Mar 27, 2017	97.03	2.7105103	102.04	-2.3324127
220	VWNFX	today	37.44	Mar 27, 2017	36.45	2.7160416	37.98	-1.4218063
221	VWAHX	today	11.32	Mar 27, 2017	11.02	2.722313	11.32	0.0
222	VWLTX	today	11.67	Mar 27, 2017	11.36	2.7288818	11.66	0.08576965
223	FFIVX	today	12.04	Mar 27, 2017	11.72	2.7303696	12.05	-0.082984924	*BT*
224	VPAIX	today	11.62	Mar 27, 2017	11.31	2.7409286	11.62	0.0
225	DODGX	today	192.24	Mar 27, 2017	187.11	2.7417068	194.01	-0.912323
226	FFFVX	today	12.36	Mar 27, 2017	12.03	2.7431335	12.37	-0.080841064
227	FSLCX	today	18.85	Mar 27, 2017	18.34	2.7808075	19.04	-0.9979019
228	SMDMX	today	11.45	Mar 27, 2017	11.14	2.7827606	11.45	0.0
229	IJS	Jun 23, 2017	139.01	Mar 24, 2017	135.23	2.7952347	139.72	-0.50816345
230	FFKVX	today	13.22	Mar 27, 2017	12.86	2.7993774	13.22	0.0
231	VMATX	today	10.82	Mar 27, 2017	10.52	2.8516998	10.82	0.0
232	FGRIX	today	34.62	Mar 27, 2017	33.66	2.8520432	35.01	-1.1139603
233	FGIKX	today	34.59	Mar 27, 2017	33.63	2.8545837	34.99	-1.1431885
234	FOHFX	today	12.24	Mar 27, 2017	11.9	2.8571472	12.24	0.0
235	VCITX	today	12.17	Mar 27, 2017	11.83	2.874054	12.16	0.08224487
236	FIRQX	today	63.25	Mar 27, 2017	61.46	2.9124603	63.28	-0.04740143
237	THD	Jun 23, 2017	78.36	Mar 24, 2017	76.14	2.91568	78.13	0.29438782
238	FCTFX	today	13.02	Mar 27, 2017	12.65	2.9249039	13.01	0.07686615
239	PRFDX	today	33.01	Mar 27, 2017	32.07	2.9310837	33.45	-1.3153992
240	VWNDX	today	22.1	Mar 27, 2017	21.46	2.9822922	22.48	-1.6903839
241	BCHYX	today	10.59	Mar 27, 2017	10.28	3.015564	10.59	0.0
242	FIRRX	today	60.2	Mar 27, 2017	58.42	3.0469055	60.23	-0.049804688
243	SLYV	Jun 23, 2017	118.24	Mar 24, 2017	114.74	3.050377	118.72	-0.40431976
244	JNK	Jun 23, 2017	37.1	Mar 24, 2017	36.0	3.0555496	37.07	0.08091736
245	FFANX	today	11.45	Mar 27, 2017	11.11	3.0603027	11.46	-0.087265015
246	FLCSX	today	30.77	Mar 27, 2017	29.85	3.0820694	31.1	-1.0610962
247	FLVCX	today	36.32	Mar 27, 2017	35.23	3.093956	36.47	-0.41130066
248	FXZ	Jun 23, 2017	38.21	Mar 24, 2017	37.06	3.1030655	38.09	0.31504822
249	FLCKX	today	36.4	Mar 27, 2017	35.3	3.1161575	36.55	-0.41039276
250	FCVSX	today	28.05	Mar 27, 2017	27.2	3.125	27.99	0.2143631
251	FCIFX	today	12.5	Mar 27, 2017	12.12	3.135315	12.52	-0.15974426	*BT*
252	FLIFX	today	14.45	Mar 27, 2017	14.01	3.1406174	14.47	-0.13821411
253	FCBFX	today	11.63	Mar 27, 2017	11.27	3.1943207	11.6	0.2586136
254	POGSX	today	61.67	Mar 27, 2017	59.76	3.1961212	62.29	-0.99534607
255	FSCPX	today	38.39	Mar 27, 2017	37.2	3.1989212	38.95	-1.4377441
256	FFFCX	today	15.77	Mar 27, 2017	15.28	3.20681	15.79	-0.12666321
257	FIRSX	today	63.67	Mar 27, 2017	61.69	3.2095947	63.72	-0.07847595
258	FSDIX	today	15.41	Mar 27, 2017	14.93	3.215004	15.46	-0.32341766
259	FDVLX	today	116.95	Mar 27, 2017	113.28	3.2397614	118.14	-1.0072861
260	FMEIX	today	14.9	Mar 27, 2017	14.43	3.2570953	15.03	-0.8649368
261	FVLKX	today	117.09	Mar 27, 2017	113.39	3.2630692	118.28	-1.0060883
262	FMIMX	today	27.48	Mar 27, 2017	26.61	3.2694473	27.59	-0.3986969
263	FPIFX	today	15.1	Mar 27, 2017	14.62	3.2831802	15.14	-0.2641983
264	FFKCX	today	13.2	Mar 27, 2017	12.78	3.2863846	13.21	-0.07570648
265	JDSNX	today	22.79	Mar 27, 2017	22.06	3.309166	23.11	-1.3846817	*BT*
266	PBDDX	today	10.6	Mar 27, 2017	10.26	3.3138428	10.58	0.18904114
267	FIRUX	today	64.19	Mar 27, 2017	62.12	3.3322678	64.26	-0.108932495
268	FSRPX	today	119.56	Mar 27, 2017	115.65	3.3808823	121.59	-1.6695404	*P*
269	FCPVX	today	19.15	Mar 27, 2017	18.52	3.4017181	19.29	-0.72576904
270	EEH	Jun 23, 2017	17.63	Mar 24, 2017	17.05	3.4017563	17.63	0.0
271	VPU	Jun 23, 2017	117.64	Mar 24, 2017	113.75	3.4197845	119.78	-1.7866058
272	FLCEX	today	13.48	Mar 27, 2017	13.03	3.4535675	13.56	-0.5899811
273	FIRVX	today	61.85	Mar 27, 2017	59.77	3.4800034	61.93	-0.12918091
274	MOO	Jun 23, 2017	55.26	Mar 24, 2017	53.4	3.483139	55.95	-1.2332535
275	FASMX	today	17.94	Mar 27, 2017	17.33	3.5199127	17.96	-0.11135101
276	CXXRX	today	24.36	Mar 27, 2017	23.53	3.5274124	24.48	-0.49019623	*BT*
277	FRIFX	today	12.29	Mar 27, 2017	11.87	3.5383377	12.27	0.16299438
278	RSP	Jun 23, 2017	92.68	Mar 24, 2017	89.5	3.55307	92.88	-0.2153244
279	FQIFX	today	15.96	Mar 27, 2017	15.41	3.5691147	16.0	-0.25
280	FGRTX	today	18.56	Mar 27, 2017	17.92	3.5714264	18.71	-0.8017044
281	FFVIX	today	12.66	Mar 27, 2017	12.22	3.6006546	12.69	-0.23640442	*BT*
282	FIRWX	today	63.18	Mar 27, 2017	60.98	3.6077347	63.27	-0.14225006
283	FDGKX	today	34.65	Mar 27, 2017	33.43	3.6494293	35.02	-1.0565338
284	FKVFX	today	13.91	Mar 27, 2017	13.42	3.6512604	13.93	-0.14357758
285	FFVFX	today	13.04	Mar 27, 2017	12.58	3.656601	13.05	-0.07662964
286	FDEGX	today	37.8	Mar 27, 2017	36.46	3.6752548	38.08	-0.73529816	*P*
287	FAGKX	today	38.08	Mar 27, 2017	36.72	3.7037048	38.36	-0.72992706
288	FMILX	today	38.56	Mar 27, 2017	37.18	3.7116776	38.81	-0.64416504
289	NAESX	today	64.93	Mar 27, 2017	62.6	3.722046	65.4	-0.71865845
290	FIXRX	today	63.45	Mar 27, 2017	61.17	3.7273178	63.54	-0.14164734
291	TWEBX	today	22.44	Mar 27, 2017	21.63	3.7448044	22.74	-1.3192596
292	VNQ	Jun 23, 2017	84.15	Mar 24, 2017	81.11	3.748001	84.14	0.011886597
293	IGOV	Jun 23, 2017	95.23	Mar 24, 2017	91.78	3.7589874	95.27	-0.04197693
294	LQD	Jun 23, 2017	121.18	Mar 24, 2017	116.78	3.7677612	120.84	0.28137207
295	FDIFX	today	13.62	Mar 27, 2017	13.12	3.8109741	13.66	-0.2928238	*BT*
296	PKB	Jun 23, 2017	29.65	Mar 24, 2017	28.56	3.816536	29.59	0.20277405
297	FSLSX	today	41.4	Mar 27, 2017	39.86	3.8635254	41.76	-0.86206055
298	SSSFX	today	24.05	Mar 27, 2017	23.15	3.8876877	24.28	-0.9472809
299	FVSKX	today	41.38	Mar 27, 2017	39.83	3.8915405	41.74	-0.8624878
300	ICF	Jun 23, 2017	103.09	Mar 24, 2017	99.21	3.9108963	102.96	0.12625122
301	VB	Jun 23, 2017	135.49	Mar 24, 2017	130.38	3.9193115	135.23	0.192276
302	EEMV	Jun 23, 2017	55.5	Mar 24, 2017	53.4	3.9325867	55.11	0.7076721
303	FSHOX	today	62.62	Mar 27, 2017	60.24	3.950859	64.05	-2.2326355	*P*
304	FSANX	today	12.08	Mar 27, 2017	11.62	3.9586868	12.1	-0.16529846
305	EES	Jun 23, 2017	32.53	Mar 24, 2017	31.29	3.9629211	32.61	-0.24532318
306	FFFDX	today	16.0	Mar 27, 2017	15.39	3.9636154	16.03	-0.18714905
307	FFKDX	today	14.88	Mar 27, 2017	14.31	3.983223	14.91	-0.20121002
308	VAW	Jun 23, 2017	121.64	Mar 24, 2017	116.92	4.036949	121.69	-0.04109192
309	PHK	Jun 23, 2017	8.72	Mar 24, 2017	8.38	4.057274	8.7	0.22989655
310	FMCSX	today	36.4	Mar 27, 2017	34.98	4.059471	36.64	-0.65501404
311	FITWX	today	13.53	Mar 27, 2017	13.0	4.0769196	13.57	-0.2947693	*BT*
312	FKMCX	today	36.41	Mar 27, 2017	34.98	4.0880585	36.65	-0.6548462
313	SPLV	Jun 23, 2017	45.12	Mar 24, 2017	43.34	4.1070557	45.52	-0.8787384	*P*
314	MNBAX	today	17.67	Mar 27, 2017	16.97	4.1249237	17.58	0.51194763
315	FSCGX	today	39.82	Mar 27, 2017	38.24	4.13179	40.71	-2.1861877
316	FXIFX	today	16.62	Mar 27, 2017	15.96	4.1353455	16.68	-0.3597107
317	FLPSX	today	53.18	Mar 27, 2017	51.06	4.1519775	53.46	-0.5237503
318	VFIAX	today	225.06	Mar 27, 2017	216.06	4.1655045	227.46	-1.05513	*P*
319	FLPKX	today	53.15	Mar 27, 2017	51.02	4.174843	53.44	-0.54265594
320	VIMSX	today	39.1	Mar 27, 2017	37.53	4.183319	39.48	-0.9625168
321	VTSMX	today	60.86	Mar 27, 2017	58.41	4.1944885	61.46	-0.97624207
322	FSPCX	today	81.98	Mar 27, 2017	78.67	4.2074585	83.73	-2.0900497	*P*
323	FFTWX	today	13.8	Mar 27, 2017	13.24	4.2296066	13.83	-0.21691895
324	XHB	Jun 23, 2017	38.26	Mar 24, 2017	36.7	4.2506714	38.5	-0.62338257
325	FOHIX	today	15.94	Mar 27, 2017	15.29	4.2511444	16.02	-0.49938202
326	FKTWX	today	15.68	Mar 27, 2017	15.04	4.2553177	15.71	-0.19096375
327	VGTSX	today	16.64	Mar 27, 2017	15.96	4.2606506	16.91	-1.5966873
328	XTN	Jun 23, 2017	54.02	Mar 24, 2017	51.81	4.265579	54.07	-0.09246826
329	RWX	Jun 23, 2017	38.6	Mar 24, 2017	37.02	4.267952	39.38	-1.9807129
330	FBALX	today	23.92	Mar 27, 2017	22.94	4.272011	23.99	-0.2917862
331	FDEQX	today	36.36	Mar 27, 2017	34.87	4.273018	36.53	-0.46536255
332	FZAAX	today	21.18	Mar 27, 2017	20.31	4.2836075	21.24	-0.28248596	*BT*
333	VO	Jun 23, 2017	143.15	Mar 24, 2017	137.24	4.30632	143.25	-0.06981659
334	FDEKX	today	36.32	Mar 27, 2017	34.82	4.307869	36.49	-0.46588898
335	VEXMX	today	77.69	Mar 27, 2017	74.48	4.309883	78.1	-0.5249634
336	VEXAX	today	77.65	Mar 27, 2017	74.44	4.312195	78.08	-0.5507202	*P*
337	FBAKX	today	23.92	Mar 27, 2017	22.93	4.3174896	23.99	-0.2917862
338	FCYIX	today	33.51	Mar 27, 2017	32.12	4.3275223	34.17	-1.9315186
339	REACX	today	28.92	Mar 27, 2017	27.72	4.3290024	28.94	-0.069114685
340	FPURX	today	22.39	Mar 27, 2017	21.45	4.3822784	22.46	-0.3116684
341	FPUKX	today	22.38	Mar 27, 2017	21.44	4.384323	22.45	-0.31181335
342	FBIFX	today	17.54	Mar 27, 2017	16.8	4.40477	17.62	-0.45402527
343	FDCPX	today	86.21	Mar 27, 2017	82.57	4.408386	85.59	0.7243881	*P*
344	ACWV	Jun 23, 2017	79.96	Mar 24, 2017	76.57	4.4273224	80.04	-0.0999527
345	FIHFX	today	17.43	Mar 27, 2017	16.69	4.4337845	17.5	-0.40000153
346	IVV	Jun 23, 2017	245.85	Mar 24, 2017	235.39	4.443695	245.18	0.27327728
347	FASGX	today	21.53	Mar 27, 2017	20.61	4.463852	21.58	-0.23169708
348	PENNX	today	11.46	Mar 27, 2017	10.97	4.4667206	11.51	-0.43440247
349	SPY	Jun 23, 2017	243.13	Mar 24, 2017	232.73	4.468704	242.64	0.20195007	*P*
350	DIA	Jun 23, 2017	213.74	Mar 24, 2017	204.59	4.4723663	213.56	0.08428955	*P*
351	FIPFX	today	17.75	Mar 27, 2017	16.99	4.473221	17.83	-0.44867706
352	FIOFX	today	17.67	Mar 27, 2017	16.91	4.494385	17.75	-0.45070648
353	VOO	Jun 23, 2017	223.37	Mar 24, 2017	213.76	4.4956894	222.86	0.22884369	*P*
354	VTI	Jun 23, 2017	125.05	Mar 24, 2017	119.61	4.5481186	124.68	0.29676056
355	FSEMX	today	58.92	Mar 27, 2017	56.35	4.5607834	59.09	-0.28769684
356	FSUTX	today	80.9	Mar 27, 2017	77.37	4.5624847	81.42	-0.6386566
357	FSEVX	today	58.92	Mar 27, 2017	56.34	4.579338	59.1	-0.30456543
358	FSCFX	today	14.3	Mar 27, 2017	13.67	4.6086273	14.38	-0.5563278
359	FUSEX	today	85.62	Mar 27, 2017	81.84	4.6187744	86.15	-0.61520386
360	FDYSX	today	9.51	Mar 27, 2017	9.09	4.620468	9.53	-0.20985413
361	FSTMX	today	70.34	Mar 27, 2017	67.23	4.625908	70.73	-0.55139923
362	FUSVX	today	85.64	Mar 27, 2017	81.85	4.6304245	86.16	-0.6035309
363	FFSMX	today	70.35	Mar 27, 2017	67.23	4.640785	70.74	-0.5513153
364	FFNOX	today	41.7	Mar 27, 2017	39.85	4.642418	41.89	-0.4535675
365	SEQUX	today	176.02	Mar 27, 2017	168.13	4.692795	177.16	-0.643486
366	FLGEX	today	17.17	Mar 27, 2017	16.4	4.6951294	17.2	-0.17442322
367	EEM	Jun 23, 2017	41.5	Mar 24, 2017	39.63	4.718651	41.03	1.1455078
368	XLB	Jun 23, 2017	53.85	Mar 24, 2017	51.42	4.725792	54.02	-0.31469727	*P*
369	FEFIX	today	14.54	Mar 27, 2017	13.88	4.755043	14.59	-0.34270477	*P*
370	IWM	Jun 23, 2017	140.91	Mar 24, 2017	134.49	4.77359	140.19	0.51358795
371	MVALX	today	39.98	Mar 27, 2017	38.15	4.796852	39.85	0.32622528
372	FSVLX	today	14.0	Mar 27, 2017	13.35	4.8689117	14.1	-0.7092209
373	EWJ	Jun 23, 2017	54.05	Mar 24, 2017	51.54	4.869995	53.87	0.3341446
374	FFFEX	today	17.15	Mar 27, 2017	16.35	4.8929596	17.2	-0.29070282
375	FFKEX	today	16.16	Mar 27, 2017	15.4	4.9350586	16.21	-0.3084488
376	FCSAX	today	17.52	Mar 27, 2017	16.69	4.9730453	17.6	-0.45454407
377	RTM	Jun 23, 2017	98.03	Mar 24, 2017	93.32	5.0471573	97.56	0.48175812
378	FFIDX	today	45.18	Mar 27, 2017	42.99	5.094208	45.45	-0.5940628
379	DODFX	today	43.69	Mar 27, 2017	41.57	5.0998306	43.65	0.09163666
380	FFDKX	today	45.18	Mar 27, 2017	42.98	5.1186523	45.44	-0.5721817
381	FSELX	today	105.35	Mar 27, 2017	100.22	5.1187363	106.0	-0.61320496	*P*
382	FAMRX	today	18.4	Mar 27, 2017	17.5	5.142853	18.46	-0.32502747
383	VBLTX	today	14.3	Mar 27, 2017	13.6	5.147049	14.17	0.9174347
384	FSAEX	today	12.87	Mar 27, 2017	12.24	5.147064	12.96	-0.6944504
385	FSFFX	today	12.85	Mar 27, 2017	12.22	5.1554794	12.94	-0.69551086
386	FHFIX	today	12.64	Mar 27, 2017	12.02	5.158066	12.7	-0.472435	*BT*
387	FIFFX	today	15.05	Mar 27, 2017	14.31	5.1712036	15.12	-0.4629593	*BT*
388	FDKQX	today	11.17	Mar 27, 2017	10.62	5.1789017	11.22	-0.44563293	*BT*
389	FRESX	today	42.93	Mar 27, 2017	40.81	5.194809	43.02	-0.20920563	*P*
390	ASHR	Jun 23, 2017	26.72	Mar 24, 2017	25.4	5.196846	25.97	2.8879547
391	PRULX	today	12.9	Mar 27, 2017	12.26	5.2202225	12.76	1.0971756
392	FFTHX	today	14.3	Mar 27, 2017	13.59	5.224434	14.35	-0.34843445
393	FITHX	today	14.08	Mar 27, 2017	13.38	5.2316895	14.14	-0.42433167	*BT*
394	FFFIX	today	11.65	Mar 27, 2017	11.07	5.23938	11.71	-0.5123825	*BT*
395	FSCDX	today	27.28	Mar 27, 2017	25.92	5.24691	27.5	-0.7999954
396	VWESX	today	10.61	Mar 27, 2017	10.08	5.257927	10.5	1.0476074
397	FFFPX	today	11.6	Mar 27, 2017	11.02	5.2631607	11.65	-0.42917633	*BT*
398	VUSTX	today	12.49	Mar 27, 2017	11.86	5.311981	12.35	1.1335983
399	FFKHX	today	17.64	Mar 27, 2017	16.75	5.313431	17.71	-0.39525604
400	EIERX	today	17.22	Mar 27, 2017	16.35	5.3210983	17.31	-0.519928	*BT*
401	FFKFX	today	16.96	Mar 27, 2017	16.1	5.3415985	17.03	-0.4110489
402	FKTHX	today	16.94	Mar 27, 2017	16.08	5.3482666	17.0	-0.3529358
403	FFFFX	today	10.04	Mar 27, 2017	9.53	5.3515167	10.07	-0.2979126
404	FFFHX	today	11.41	Mar 27, 2017	10.83	5.3554916	11.45	-0.34934235
405	FFKGX	today	17.5	Mar 27, 2017	16.61	5.3582153	17.56	-0.34168243
406	VTIAX	today	27.83	Mar 27, 2017	26.41	5.3767548	27.98	-0.53609467	*P*
407	FFFGX	today	11.35	Mar 27, 2017	10.77	5.38533	11.39	-0.35118103
408	VXUS	Jun 23, 2017	51.87	Mar 24, 2017	49.2	5.4268265	51.92	-0.09630585
409	FIVLX	today	8.59	Mar 27, 2017	8.14	5.528244	8.65	-0.69363403
410	VEU	Jun 23, 2017	49.96	Mar 24, 2017	47.34	5.5344315	50.01	-0.099983215
411	GWX	Jun 23, 2017	33.25	Mar 24, 2017	31.5	5.5555573	33.2	0.15059662
412	FSAMX	today	10.02	Mar 27, 2017	9.49	5.584839	10.02	0.0
413	VTRIX	today	36.29	Mar 27, 2017	34.37	5.586281	36.58	-0.79278564
414	FSGDX	today	12.47	Mar 27, 2017	11.81	5.5884857	12.52	-0.39936066	*BT*
415	FSGEX	today	12.22	Mar 27, 2017	11.57	5.6179886	12.27	-0.40750122
416	FEMSX	today	18.93	Mar 27, 2017	17.92	5.6361694	18.88	0.26483154
417	FFVNX	today	10.26	Mar 27, 2017	9.71	5.6642685	10.33	-0.6776352
418	FINVX	today	10.24	Mar 27, 2017	9.69	5.6759567	10.3	-0.58252716
419	FEMFX	today	18.99	Mar 27, 2017	17.97	5.6761246	18.94	0.2639923
420	FLBAX	today	13.39	Mar 27, 2017	12.67	5.6827164	13.23	1.2093811
421	OAKIX	today	26.16	Mar 27, 2017	24.75	5.6969604	26.28	-0.4566269
422	PCBIX	today	25.26	Mar 27, 2017	23.87	5.823204	25.58	-1.2509766	*BT**P*
423	OWSMX	today	16.82	Mar 27, 2017	15.89	5.8527374	16.92	-0.5910187
424	FDSSX	today	41.15	Mar 27, 2017	38.83	5.9747543	41.32	-0.41142273
425	VNQI	Jun 23, 2017	56.84	Mar 24, 2017	53.63	5.9854507	57.57	-1.2680206
426	ITB	Jun 23, 2017	33.59	Mar 24, 2017	31.69	5.9955826	33.56	0.08938599
427	FSSKX	today	41.18	Mar 27, 2017	38.85	5.997429	41.35	-0.41112518
428	XMPT	Jun 23, 2017	27.19	Mar 24, 2017	25.64	6.0452423	27.07	0.44330597
429	VSS	Jun 23, 2017	107.79	Mar 24, 2017	101.61	6.0820847	107.69	0.09284973
430	FGBLX	today	24.52	Mar 27, 2017	23.11	6.1012497	24.48	0.16339874
431	FMAGX	today	96.0	Mar 27, 2017	90.4	6.194687	96.4	-0.41493988
432	FMGKX	today	95.87	Mar 27, 2017	90.26	6.215378	96.27	-0.4154892
433	CGMRX	today	32.26	Mar 27, 2017	30.37	6.223236	32.56	-0.9213867
434	FIENX	today	9.32	Mar 27, 2017	8.77	6.2713776	9.37	-0.53362274
435	FSIIX	today	40.46	Mar 27, 2017	38.07	6.2779083	40.74	-0.6872864
436	FSIVX	today	40.47	Mar 27, 2017	38.07	6.304184	40.74	-0.662735
437	SCHF	Jun 23, 2017	31.72	Mar 24, 2017	29.81	6.4072495	31.78	-0.18880463
438	FSLEX	today	24.76	Mar 27, 2017	23.26	6.4488373	25.04	-1.1182098
439	FCPGX	today	23.36	Mar 27, 2017	21.94	6.472191	23.29	0.30056	*P*
440	IHE	Jun 23, 2017	159.71	Mar 24, 2017	149.93	6.5230484	151.37	5.5096893
441	EFA	Jun 23, 2017	65.14	Mar 24, 2017	61.15	6.524933	65.33	-0.29083252
442	FSDAX	today	142.09	Mar 27, 2017	133.18	6.690193	143.95	-1.2921143
443	FPHAX	today	19.55	Mar 27, 2017	18.3	6.830597	19.01	2.840599
444	VOOG	Jun 23, 2017	125.15	Mar 24, 2017	117.14	6.8379745	123.81	1.0822983
445	FILFX	today	10.79	Mar 27, 2017	10.09	6.937561	10.85	-0.5530014
446	RYGBX	today	54.38	Mar 27, 2017	50.8	7.047249	53.47	1.701889
447	VUG	Jun 23, 2017	128.78	Mar 24, 2017	120.19	7.147011	127.43	1.0594025
448	PARWX	today	36.55	Mar 27, 2017	34.11	7.1533203	36.09	1.2745819
449	GVPIX	today	56.11	Mar 27, 2017	52.34	7.202896	55.09	1.8515091
450	FJSCX	today	17.06	Mar 27, 2017	15.89	7.3631134	16.94	0.708374
451	FZANX	today	30.8	Mar 27, 2017	28.68	7.3919067	30.82	-0.064888	*BT*
452	RPMGX	today	86.81	Mar 27, 2017	80.83	7.398239	86.83	-0.023040771
453	VICEX	today	30.39	Mar 27, 2017	28.28	7.4610977	30.62	-0.75115204
454	FSRFX	today	94.13	Mar 27, 2017	87.59	7.4665985	95.12	-1.040802
455	FNCMX	today	82.57	Mar 27, 2017	76.79	7.5270157	82.22	0.42568207	*P*
456	FTQGX	today	20.88	Mar 27, 2017	19.41	7.57341	20.91	-0.14347076
457	FJPNX	today	13.98	Mar 27, 2017	12.97	7.7871933	13.94	0.28694916
458	JIGFX	today	30.34	Mar 27, 2017	28.14	7.818054	30.45	-0.36125183
459	FTRNX	today	96.06	Mar 27, 2017	89.06	7.859871	95.66	0.4181366
460	ONEQ	Jun 23, 2017	246.45	Mar 24, 2017	228.4	7.9028015	242.08	1.8051834
461	FSGFX	today	18.23	Mar 27, 2017	16.89	7.9336853	18.17	0.33020782
462	FBSOX	today	47.87	Mar 27, 2017	44.34	7.9612045	47.67	0.41955566
463	FUSIX	today	9.96	Mar 27, 2017	9.22	8.0260315	10.01	-0.4995041
464	FWWFX	today	25.15	Mar 27, 2017	23.28	8.032646	25.22	-0.27755737
465	VGHCX	today	215.71	Mar 27, 2017	199.53	8.109055	210.22	2.611557
466	SWHFX	today	25.37	Mar 27, 2017	23.46	8.141533	24.75	2.5050507
467	FBIOX	today	218.88	Mar 27, 2017	202.3	8.195747	204.57	6.9951553	*P*
468	FTIEX	today	8.78	Mar 27, 2017	8.11	8.261406	8.8	-0.22727966
469	FIREX	today	10.88	Mar 27, 2017	10.04	8.366539	10.98	-0.9107437
470	FSLBX	today	73.03	Mar 27, 2017	67.39	8.369194	74.4	-1.8414001
471	NKX	Jun 23, 2017	15.63	Mar 24, 2017	14.42	8.391121	15.58	0.32092285
472	QQQ	Jun 23, 2017	141.24	Mar 24, 2017	130.28	8.412659	138.15	2.2367096
473	JMIEX	today	25.94	Mar 27, 2017	23.92	8.444824	25.95	-0.03853607	*BT*
474	FISMX	today	27.47	Mar 27, 2017	25.32	8.49131	27.46	0.0364151
475	FDIVX	today	39.03	Mar 27, 2017	35.97	8.507088	39.24	-0.53517914
476	FDIKX	today	38.97	Mar 27, 2017	35.9	8.551529	39.18	-0.5359802
477	JATTX	today	27.04	Mar 27, 2017	24.89	8.638016	27.06	-0.073905945
478	FCNTX	today	115.99	Mar 27, 2017	106.65	8.757614	115.94	0.043121338	*P*
479	FCNKX	today	115.95	Mar 27, 2017	106.59	8.781311	115.9	0.043144226
480	FSAIX	today	78.93	Mar 27, 2017	72.49	8.883987	79.45	-0.65449524
481	FIGRX	today	43.18	Mar 27, 2017	39.54	9.205864	43.43	-0.5756378
482	PRNHX	today	51.49	Mar 27, 2017	47.14	9.227837	51.17	0.62537384
483	FZAIX	today	43.06	Mar 27, 2017	39.42	9.233902	43.31	-0.57723236	*BT*
484	FIDKX	today	43.09	Mar 27, 2017	39.44	9.254562	43.34	-0.57683563
485	ROBO	Jun 23, 2017	34.88	Mar 24, 2017	31.9	9.34169	34.56	0.9259186
486	FIGFX	today	12.82	Mar 27, 2017	11.72	9.385658	12.85	-0.2334671
487	FIGSX	today	15.39	Mar 27, 2017	14.06	9.459457	15.42	-0.19454956
488	POAGX	today	39.43	Mar 27, 2017	36.02	9.466957	39.25	0.45859528
489	BOTZ	Jun 23, 2017	18.94	Mar 24, 2017	17.3	9.479774	18.63	1.6639938
490	FOSFX	today	47.02	Mar 27, 2017	42.94	9.501633	47.33	-0.6549759
491	FFIGX	today	15.43	Mar 27, 2017	14.09	9.510292	15.46	-0.19404602
492	FOSKX	today	46.93	Mar 27, 2017	42.85	9.521591	47.24	-0.6562271
493	PRHSX	today	72.04	Mar 27, 2017	65.74	9.583214	69.68	3.386917
494	FSPHX	today	227.03	Mar 27, 2017	207.0	9.676323	221.75	2.3810654	*P*
495	MLAIX	today	10.3	Mar 27, 2017	9.39	9.6911545	10.23	0.68427277	*BT*
496	FSHCX	today	92.38	Mar 27, 2017	84.15	9.780144	91.26	1.2272568
497	FHKCX	today	30.24	Mar 27, 2017	27.49	10.003639	29.86	1.2726059
498	FPBFX	today	31.94	Mar 27, 2017	29.03	10.024109	31.77	0.5350952	*P*
499	FFSTX	today	17.05	Mar 27, 2017	15.46	10.284599	17.09	-0.2340622
500	FSEAX	today	39.07	Mar 27, 2017	35.42	10.304916	38.76	0.79979706	*P*
501	FDSVX	today	31.08	Mar 27, 2017	28.17	10.330139	30.98	0.32279205
502	FGDKX	today	31.11	Mar 27, 2017	28.18	10.397446	31.01	0.32247162
503	PRGFX	today	64.58	Mar 27, 2017	58.49	10.412041	64.31	0.41984558
504	FEMKX	today	28.06	Mar 27, 2017	25.38	10.559502	27.98	0.28592682	*P*
505	IBB	Jun 23, 2017	320.74	Mar 24, 2017	290.06	10.577118	292.73	9.568535
506	FIVFX	today	19.53	Mar 27, 2017	17.66	10.588905	19.62	-0.45871735
507	FBGRX	today	82.16	Mar 27, 2017	74.28	10.6085205	81.66	0.61229706
508	FSCOX	today	17.6	Mar 27, 2017	15.85	11.041008	17.63	-0.17015839
509	FSCSX	today	153.67	Mar 27, 2017	138.24	11.161743	151.69	1.3052979	*P*
510	FSMEX	today	46.52	Mar 27, 2017	41.83	11.212051	46.15	0.8017273
511	FGCKX	today	166.93	Mar 27, 2017	149.86	11.390625	165.29	0.9921875
512	FDLSX	today	161.1	Mar 27, 2017	144.14	11.766342	162.62	-0.9346924
513	FIEUX	today	39.9	Mar 27, 2017	35.49	12.426033	39.91	-0.025054932
514	PRGTX	today	17.5	Mar 27, 2017	15.46	13.195351	17.28	1.27314
515	FSPTX	today	166.66	Mar 27, 2017	146.78	13.544083	164.86	1.091835	*P*
516	FATIX	today	54.78	Mar 27, 2017	48.21	13.627876	54.21	1.0514603	*BT**P*
517	FNORX	today	52.68	Mar 27, 2017	46.32	13.730576	52.43	0.4768219	*P*
518	FOCPX	today	105.71	Mar 27, 2017	92.91	13.776764	104.25	1.4004822
519	FBT	Jun 23, 2017	118.68	Mar 24, 2017	103.73	14.412415	108.99	8.890724
520	XBI	Jun 23, 2017	80.31	Mar 24, 2017	68.61	17.052902	71.6	12.16481
521	SHOP	Jun 23, 2017	94.48	Mar 24, 2017	68.98	36.967224	86.93	8.68515
