1	PSCE	Jul 28, 2017	13.44	Apr 28, 2017	15.89	-15.418503	13.0	3.384613	*P*
2	CHAD	Jul 28, 2017	35.16	Apr 28, 2017	39.97	-12.034027	35.24	-0.22702026
3	IBM	Jul 28, 2017	144.29	Apr 28, 2017	158.74	-9.102943	147.08	-1.8969269
4	FSESX	today	45.36	May 01, 2017	48.71	-6.877434	44.45	2.0472412
5	CSCO	Jul 28, 2017	31.52	Apr 28, 2017	33.75	-6.6074066	31.84	-1.0050201
6	FSNGX	today	23.96	May 01, 2017	25.45	-5.854622	23.27	2.965187
7	ERUS	Jul 28, 2017	29.95	Apr 28, 2017	31.76	-5.69899	30.06	-0.36592865
8	STCEX	today	11.18	May 01, 2017	11.69	-4.362694	11.29	-0.9743118
9	RSX	Jul 28, 2017	19.98	Apr 28, 2017	20.88	-4.3103485	20.0	-0.1000061
10	RZV	Jul 28, 2017	65.12	Apr 28, 2017	67.76	-3.896103	65.8	-1.0334396
11	RYURX	today	66.91	May 01, 2017	69.53	-3.7681503	66.94	-0.044815063
12	FSENX	today	39.95	May 01, 2017	41.43	-3.5722885	38.91	2.6728363
13	AMLP	Jul 28, 2017	11.98	Apr 28, 2017	12.38	-3.2310257	11.9	0.6722717
14	PTM	Jul 28, 2017	9.67	Apr 28, 2017	9.97	-3.0090256	9.68	-0.10330963
15	FNARX	today	26.88	May 01, 2017	27.6	-2.608696	26.22	2.5171661
16	RSXJ	Jul 28, 2017	39.75	Apr 28, 2017	40.77	-2.5018387	40.18	-1.0701828
17	ICENX	today	12.04	May 01, 2017	12.31	-2.193344	11.53	4.4232483
18	PSCM	Jul 28, 2017	46.39	Apr 28, 2017	47.14	-1.5910034	47.32	-1.9653473
19	XLE	Jul 28, 2017	66.47	Apr 28, 2017	67.38	-1.3505478	65.11	2.0887756
20	RWJ	Jul 28, 2017	66.04	Apr 28, 2017	66.83	-1.182106	66.41	-0.5571518
21	OIL	Jul 28, 2017	5.23	Apr 28, 2017	5.29	-1.1342163	4.75	10.105263	*P*
22	FSTCX	today	68.87	May 01, 2017	69.64	-1.1056824	66.7	3.2533798
23	ANFVX	today	26.66	May 01, 2017	26.94	-1.0393524	27.09	-1.5873032	*BT*
24	FCPEX	today	14.03	May 01, 2017	14.14	-0.77793884	14.12	-0.63739777
25	USO	Jul 28, 2017	10.17	Apr 28, 2017	10.24	-0.68359375	9.34	8.886505
26	FSHOX	today	62.34	May 01, 2017	62.75	-0.653389	61.94	0.6457901
27	JASCX	today	34.49	May 01, 2017	34.67	-0.51916504	34.76	-0.776741
28	TIP	Jul 28, 2017	113.66	Apr 28, 2017	114.17	-0.44669342	113.58	0.0704422
29	LEXCX	today	33.7	May 01, 2017	33.83	-0.38427734	33.57	0.3872528
30	BRSVX	today	24.83	May 01, 2017	24.92	-0.36116028	25.24	-1.6244049
31	FIPAX	today	11.83	May 01, 2017	11.86	-0.25295258	11.82	0.084602356
32	FCYIX	today	33.46	May 01, 2017	33.54	-0.23852539	33.6	-0.41666412
33	JQC	Jul 28, 2017	8.68	Apr 28, 2017	8.7	-0.22987366	8.6	0.9302292
34	FSRPX	today	120.71	May 01, 2017	120.94	-0.19017792	119.34	1.1479874	*P*
35	ACITX	today	11.56	May 01, 2017	11.58	-0.1727066	11.55	0.08657837
36	FINPX	today	11.98	May 01, 2017	12.0	-0.16667175	11.97	0.08354187
37	VIPSX	today	13.14	May 01, 2017	13.16	-0.15197754	13.12	0.15244293
38	FSIPX	today	9.88	May 01, 2017	9.89	-0.101112366	9.87	0.10131836
39	FFIPX	today	9.9	May 01, 2017	9.91	-0.100914	9.88	0.20243073
40	PRRDX	today	10.99	May 01, 2017	11.0	-0.090911865	10.98	0.09107971
41	PRIPX	today	11.88	May 01, 2017	11.89	-0.084106445	11.87	0.084243774
42	GLD	Jul 28, 2017	120.69	Apr 28, 2017	120.77	-0.0662384	119.26	1.1990662
43	FIRJX	today	49.75	May 01, 2017	49.75	0.0	49.75	0.0
44	FDSCX	today	26.99	May 01, 2017	26.98	0.0370636	27.13	-0.516037
45	FFXSX	today	9.96	May 01, 2017	9.95	0.100502014	9.96	0.0
46	FNMIX	today	16.26	May 01, 2017	16.24	0.12315369	16.27	-0.061462402
47	RYTRX	today	14.1	May 01, 2017	14.08	0.1420517	14.17	-0.49399567	*BT*
48	VSGBX	today	10.71	May 01, 2017	10.69	0.18709564	10.7	0.09346008
49	SHY	Jul 28, 2017	84.59	Apr 28, 2017	84.43	0.18950653	84.58	0.011810303
50	VFIIX	today	10.54	May 01, 2017	10.52	0.19011688	10.55	-0.0947876
51	FCNVX	today	10.04	May 01, 2017	10.02	0.19959259	10.04	0.0
52	FSOFX	today	14.55	May 01, 2017	14.52	0.20661163	14.62	-0.47879028
53	FSOPX	today	14.46	May 01, 2017	14.43	0.207901	14.53	-0.48175812
54	FSHBX	today	8.63	May 01, 2017	8.61	0.23229218	8.63	0.0
55	FSTGX	today	10.52	May 01, 2017	10.49	0.28599548	10.52	0.0
56	USSTX	today	10.49	May 01, 2017	10.46	0.2868042	10.49	0.0
57	FSBAX	today	10.42	May 01, 2017	10.39	0.28873444	10.42	0.0
58	PCRIX	today	6.71	May 01, 2017	6.69	0.2989502	6.55	2.4427414	*BT*
59	FGMNX	today	11.45	May 01, 2017	11.41	0.35057068	11.46	-0.087265015
60	FCSFX	today	5.3	May 01, 2017	5.28	0.37878418	5.18	2.3166046
61	FCSSX	today	5.23	May 01, 2017	5.21	0.38388062	5.12	2.1484375
62	FMSFX	today	11.27	May 01, 2017	11.22	0.44564056	11.28	-0.088645935
63	PGNDX	today	11.13	May 01, 2017	11.08	0.45126343	11.13	0.0
64	NOSGX	today	24.28	May 01, 2017	24.17	0.45511627	24.33	-0.20550537
65	KRE	Jul 28, 2017	54.11	Apr 28, 2017	53.86	0.46416473	54.25	-0.25806427
66	PFODX	today	10.56	May 01, 2017	10.51	0.47573853	10.57	-0.09459686
67	FGOVX	today	10.27	May 01, 2017	10.22	0.48923492	10.28	-0.09726715
68	BSV	Jul 28, 2017	80.01	Apr 28, 2017	79.62	0.48983002	79.99	0.025009155	*P*
69	PRTIX	today	5.78	May 01, 2017	5.75	0.5217438	5.78	0.0
70	IEI	Jul 28, 2017	123.92	Apr 28, 2017	123.27	0.527298	124.03	-0.08868408
71	VFITX	today	11.22	May 01, 2017	11.16	0.5376358	11.22	0.0
72	BTTTX	today	104.21	May 01, 2017	103.65	0.5402832	104.16	0.04799652
73	FSCPX	today	38.95	May 01, 2017	38.74	0.5420685	38.76	0.49020386
74	VMLTX	today	11.0	May 01, 2017	10.94	0.54844666	11.01	-0.09082794
75	FTHRX	today	10.91	May 01, 2017	10.85	0.55298615	10.91	0.0
76	CHTTX	today	43.15	May 01, 2017	42.91	0.55931854	43.39	-0.55311584
77	FEDCX	today	10.33	May 01, 2017	10.27	0.5842209	10.33	0.0
78	FIBAX	today	10.8	May 01, 2017	10.73	0.6523819	10.81	-0.09250641
79	FSTFX	today	10.6	May 01, 2017	10.53	0.66477203	10.6	0.0
80	FVIIX	today	10.28	May 01, 2017	10.21	0.68559265	10.3	-0.19418335	*BT*
81	CDSIX	today	16.22	May 01, 2017	16.1	0.7453308	16.24	-0.12315369	*BT*
82	FCVSX	today	28.1	May 01, 2017	27.89	0.7529602	28.08	0.07122803
83	EES	Jul 28, 2017	32.99	Apr 28, 2017	32.74	0.7635956	33.09	-0.30220032
84	FSCRX	today	31.07	May 01, 2017	30.82	0.8111572	31.36	-0.9247513
85	VBMFX	today	10.79	May 01, 2017	10.7	0.8411255	10.81	-0.18502045
86	FCSTX	today	10.67	May 01, 2017	10.58	0.85066223	10.68	-0.09363556
87	FBIDX	today	11.64	May 01, 2017	11.54	0.86655426	11.65	-0.08583069
88	FICNX	today	11.45	May 01, 2017	11.35	0.8810501	11.46	-0.087265015
89	FBNDX	today	7.93	May 01, 2017	7.86	0.8905792	7.94	-0.12594604
90	PRFSX	today	5.63	May 01, 2017	5.58	0.8960571	5.63	0.0
91	SSSFX	today	24.45	May 01, 2017	24.23	0.9079666	24.49	-0.16333008
92	FSRRX	today	8.81	May 01, 2017	8.73	0.91638184	8.75	0.6857147
93	DBC	Jul 28, 2017	14.95	Apr 28, 2017	14.8	1.013504	14.45	3.460205
94	FTBFX	today	10.7	May 01, 2017	10.59	1.0387192	10.71	-0.09336853
95	FUBFX	today	11.63	May 01, 2017	11.51	1.042572	11.65	-0.171669
96	FFRHX	today	9.69	May 01, 2017	9.59	1.0427475	9.68	0.10329437
97	USVAX	today	11.32	May 01, 2017	11.2	1.0714264	11.34	-0.17636871
98	TGMNX	today	10.32	May 01, 2017	10.21	1.0773621	10.33	-0.09680939
99	TGFNX	today	11.0	May 01, 2017	10.88	1.1029358	11.0	0.0
100	FSDCX	today	34.63	May 01, 2017	34.25	1.1094894	34.83	-0.57421875
101	NHINX	today	8.83	May 01, 2017	8.73	1.1454849	8.82	0.11338043
102	VBIIX	today	11.47	May 01, 2017	11.34	1.1463852	11.48	-0.08709717
103	FIBFX	today	11.3	May 01, 2017	11.17	1.163826	11.31	-0.08841705
104	KYTFX	today	7.78	May 01, 2017	7.69	1.1703491	7.79	-0.12836456
105	SPHIX	today	9.01	May 01, 2017	8.9	1.2359619	9.0	0.1111145
106	PRVAX	today	12.04	May 01, 2017	11.89	1.2615585	12.06	-0.16584778
107	FLTMX	today	10.41	May 01, 2017	10.28	1.264595	10.42	-0.095970154
108	USNYX	today	12.01	May 01, 2017	11.86	1.2647629	12.02	-0.08319855
109	BMBSX	today	11.95	May 01, 2017	11.8	1.2711868	11.97	-0.16709137
110	BCITX	today	11.92	May 01, 2017	11.77	1.2744217	11.94	-0.16750336
111	FHIFX	today	8.72	May 01, 2017	8.61	1.2775879	8.72	0.0
112	GSSUX	today	62.07	May 01, 2017	61.28	1.2891617	61.99	0.12904358
113	SWNTX	today	11.75	May 01, 2017	11.6	1.2930984	11.77	-0.1699295
114	PRTAX	today	10.18	May 01, 2017	10.05	1.2935257	10.2	-0.19607544
115	FIMIX	today	11.65	May 01, 2017	11.5	1.3043365	11.67	-0.17137909
116	MDXBX	today	10.81	May 01, 2017	10.67	1.312088	10.82	-0.092414856
117	NOITX	today	10.56	May 01, 2017	10.42	1.3435745	10.57	-0.09459686
118	USCBX	today	11.06	May 01, 2017	10.91	1.3748856	11.08	-0.18050385
119	IJS	Jul 28, 2017	141.28	Apr 28, 2017	139.36	1.3777237	142.18	-0.6329956
120	FSLCX	today	19.1	May 01, 2017	18.84	1.3800354	19.23	-0.6760254
121	NCATX	today	11.66	May 01, 2017	11.5	1.391304	11.69	-0.25662994
122	BND	Jul 28, 2017	82.0	Apr 28, 2017	80.87	1.3973007	82.1	-0.12180328
123	EWZ	Jul 28, 2017	37.39	Apr 28, 2017	36.87	1.4103622	37.06	0.8904419
124	FASIX	today	13.51	May 01, 2017	13.32	1.4264374	13.5	0.07407379
125	FPCIX	today	10.63	May 01, 2017	10.48	1.4312973	10.64	-0.09398651
126	FSAVX	today	35.43	May 01, 2017	34.93	1.431427	35.05	1.0841751
127	CXXRX	today	24.72	May 01, 2017	24.37	1.4361877	24.81	-0.36276245	*BT*
128	USTEX	today	13.4	May 01, 2017	13.21	1.4382935	13.42	-0.1490326
129	SMTFX	today	10.45	May 01, 2017	10.3	1.4563065	10.47	-0.19102478
130	VCAIX	today	11.83	May 01, 2017	11.66	1.4579773	11.84	-0.0844574
131	FSMVX	today	26.28	May 01, 2017	25.9	1.4671783	26.51	-0.86759186
132	PRNYX	today	11.7	May 01, 2017	11.53	1.4744186	11.72	-0.1706543
133	PTTDX	today	10.26	May 01, 2017	10.11	1.4836884	10.27	-0.09737396
134	GTFBX	today	11.54	May 01, 2017	11.37	1.4951553	11.56	-0.17301178
135	FSRBX	today	32.5	May 01, 2017	32.02	1.499054	32.76	-0.79364777
136	NOTEX	today	10.7	May 01, 2017	10.54	1.5180206	10.72	-0.18656921
137	IHE	Jul 28, 2017	155.6	Apr 28, 2017	153.27	1.520195	158.33	-1.7242432
138	USATX	today	13.3	May 01, 2017	13.1	1.5267105	13.32	-0.15014648
139	DODIX	today	13.84	May 01, 2017	13.63	1.5407181	13.83	0.0723114
140	FIKFX	today	11.81	May 01, 2017	11.63	1.5477295	11.81	0.0
141	TIXRX	today	10.46	May 01, 2017	10.3	1.5533905	10.47	-0.09551239
142	HLPPX	today	14.99	May 01, 2017	14.76	1.5582657	14.91	0.5365524
143	FSHFX	today	9.74	May 01, 2017	9.59	1.5641174	9.73	0.1027832
144	BCLTX	today	11.64	May 01, 2017	11.46	1.5706787	11.67	-0.25707245
145	FMHTX	today	12.22	May 01, 2017	12.03	1.5793915	12.23	-0.08175659
146	SMDMX	today	11.42	May 01, 2017	11.24	1.6014252	11.44	-0.17481995
147	FTFMX	today	13.32	May 01, 2017	13.11	1.6018295	13.34	-0.14993286
148	FPXTX	today	11.19	May 01, 2017	11.01	1.6348724	11.21	-0.17841339
149	FIRMX	today	61.01	May 01, 2017	60.02	1.6494522	60.94	0.114868164
150	FEXPX	today	22.73	May 01, 2017	22.36	1.6547318	22.75	-0.08791351
151	PYZ	Jul 28, 2017	62.38	Apr 28, 2017	61.36	1.662323	63.04	-1.0469589
152	PRXCX	today	11.55	May 01, 2017	11.36	1.6725388	11.57	-0.17285919
153	FSAZX	today	12.14	May 01, 2017	11.94	1.6750488	12.17	-0.24650574
154	JDSNX	today	23.06	May 01, 2017	22.68	1.6754837	23.14	-0.34571838	*BT*
155	FEQIX	today	59.81	May 01, 2017	58.82	1.6831055	59.47	0.5717163
156	FEXKX	today	22.7	May 01, 2017	22.32	1.7025146	22.72	-0.088027954
157	NCITX	today	10.74	May 01, 2017	10.56	1.7045364	10.75	-0.09302521
158	PRINX	today	11.92	May 01, 2017	11.72	1.7064819	11.94	-0.16750336
159	GABUX	today	9.52	May 01, 2017	9.36	1.7094116	9.53	-0.10491943
160	DRTAX	today	11.79	May 01, 2017	11.59	1.7256241	11.81	-0.1693573
161	FIRNX	today	61.22	May 01, 2017	60.18	1.7281494	61.15	0.114479065
162	FXZ	Jul 28, 2017	38.62	Apr 28, 2017	37.96	1.7386703	39.14	-1.3285675
163	FDCPX	today	87.86	May 01, 2017	86.33	1.7722702	89.74	-2.0949402	*P*
164	XHB	Jul 28, 2017	38.41	Apr 28, 2017	37.74	1.7752991	38.68	-0.6980362
165	VOHIX	today	12.61	May 01, 2017	12.39	1.7756195	12.64	-0.23734283
166	SLYV	Jul 28, 2017	120.35	Apr 28, 2017	118.22	1.8017273	121.19	-0.6931305
167	NOAZX	today	10.71	May 01, 2017	10.52	1.8060837	10.73	-0.18638611
168	FNJHX	today	11.76	May 01, 2017	11.55	1.8181763	11.77	-0.08496857
169	FDLSX	today	156.58	May 01, 2017	153.77	1.8274078	158.62	-1.286087
170	FDMMX	today	12.22	May 01, 2017	12.0	1.8333282	12.24	-0.16339111
171	VWLTX	today	11.65	May 01, 2017	11.44	1.8356705	11.68	-0.2568512
172	VPAIX	today	11.6	May 01, 2017	11.39	1.8437271	11.63	-0.25794983
173	FHIGX	today	13.19	May 01, 2017	12.95	1.8532715	13.21	-0.15140533
174	PRFHX	today	12.02	May 01, 2017	11.8	1.8644104	12.04	-0.16610718
175	REACX	today	28.83	May 01, 2017	28.3	1.8727875	28.63	0.6985626
176	FIROX	today	63.41	May 01, 2017	62.23	1.8961945	63.34	0.11051941
177	FPIOX	today	9.67	May 01, 2017	9.49	1.8967361	9.66	0.103523254
178	FFFAX	today	11.77	May 01, 2017	11.55	1.9047623	11.76	0.0850296
179	FIAFX	today	11.17	May 01, 2017	10.96	1.9160614	11.16	0.08960724	*BT*
180	FOHFX	today	12.21	May 01, 2017	11.98	1.9198685	12.24	-0.2450943
181	PENNX	today	11.63	May 01, 2017	11.41	1.9281387	11.75	-1.0212784
182	FBMPX	today	84.14	May 01, 2017	82.53	1.9508133	82.44	2.0621033
183	FIRPX	today	64.5	May 01, 2017	63.26	1.9601669	64.43	0.10865021
184	FCTFX	today	13.0	May 01, 2017	12.75	1.9607925	13.02	-0.15361023
185	FSCDX	today	27.26	May 01, 2017	26.73	1.9827957	27.54	-1.0167084
186	FDFAX	today	99.76	May 01, 2017	97.8	2.0040894	99.66	0.1003418	*P*
187	POGSX	today	61.92	May 01, 2017	60.7	2.00988	62.54	-0.99137115
188	FSICX	today	11.1	May 01, 2017	10.88	2.0220642	11.09	0.090171814
189	NAESX	today	65.81	May 01, 2017	64.5	2.0310059	66.18	-0.55908203
190	FCPVX	today	19.47	May 01, 2017	19.08	2.0440216	19.53	-0.3072281
191	PYVLX	today	15.96	May 01, 2017	15.64	2.0460358	15.9	0.37735748
192	FLSAX	today	53.22	May 01, 2017	52.15	2.051773	53.44	-0.4116745
193	FSCGX	today	40.26	May 01, 2017	39.45	2.0532227	40.31	-0.124046326
194	VWAHX	today	11.34	May 01, 2017	11.11	2.0702133	11.35	-0.08810425
195	VMATX	today	10.8	May 01, 2017	10.58	2.0794067	10.83	-0.27700806
196	FJIFX	today	13.23	May 01, 2017	12.96	2.0833282	13.22	0.07563782
197	VCITX	today	12.16	May 01, 2017	11.91	2.0990753	12.18	-0.16420746
198	FFKAX	today	12.09	May 01, 2017	11.84	2.1114807	12.08	0.08277893
199	PRULX	today	12.53	May 01, 2017	12.27	2.1189804	12.66	-1.0268555
200	FTANX	today	11.03	May 01, 2017	10.8	2.1296234	11.02	0.09074402
201	ROOF	Jul 28, 2017	27.44	Apr 28, 2017	26.86	2.1593475	27.35	0.32906342
202	FMEIX	today	15.08	May 01, 2017	14.76	2.1680222	15.16	-0.52770233
203	FSRIX	today	12.55	May 01, 2017	12.28	2.1987	12.54	0.07975006	*BT*
204	FLVEX	today	12.52	May 01, 2017	12.25	2.2040863	12.47	0.40096283	*P*
205	JNK	Jul 28, 2017	37.41	Apr 28, 2017	36.6	2.2131195	37.32	0.24115753
206	FTABX	today	11.54	May 01, 2017	11.29	2.2143478	11.56	-0.17301178
207	FMIMX	today	27.67	May 01, 2017	27.07	2.216484	27.93	-0.9309006
208	PBDDX	today	10.59	May 01, 2017	10.36	2.2200851	10.61	-0.18849945
209	BCHYX	today	10.58	May 01, 2017	10.35	2.2222137	10.61	-0.282753
210	FSLVX	today	19.63	May 01, 2017	19.2	2.2395706	19.49	0.71832275
211	FIRQX	today	63.89	May 01, 2017	62.49	2.2403564	63.81	0.12537384
212	FSDIX	today	15.42	May 01, 2017	15.08	2.2546387	15.36	0.390625
213	FEIKX	today	59.78	May 01, 2017	58.45	2.275444	59.43	0.5889282
214	FCBFX	today	11.62	May 01, 2017	11.36	2.2887344	11.64	-0.1718216
215	FRIFX	today	12.37	May 01, 2017	12.09	2.3159637	12.34	0.24311829
216	FIRRX	today	60.83	May 01, 2017	59.45	2.3212814	60.75	0.13169098
217	YACKX	today	23.56	May 01, 2017	23.02	2.3457794	23.46	0.42625427
218	FDEGX	today	37.84	May 01, 2017	36.97	2.3532486	38.15	-0.8125839	*P*
219	VEXMX	today	78.66	May 01, 2017	76.85	2.3552399	79.1	-0.5562515
220	FFIVX	today	12.16	May 01, 2017	11.88	2.3568954	12.15	0.08230591	*BT*
221	VUSTX	today	12.14	May 01, 2017	11.86	2.360878	12.26	-0.9787903
222	FLBAX	today	13.0	May 01, 2017	12.7	2.3622055	13.13	-0.99009705
223	FAGKX	today	38.12	May 01, 2017	37.23	2.390541	38.43	-0.8066635
224	VB	Jul 28, 2017	137.37	Apr 28, 2017	134.16	2.392662	137.84	-0.3409729
225	VEXAX	today	78.63	May 01, 2017	76.79	2.396141	79.07	-0.5564728	*P*
226	FDGKX	today	35.04	May 01, 2017	34.22	2.3962631	34.98	0.17153168
227	FSEMX	today	59.67	May 01, 2017	58.27	2.4026031	60.0	-0.55000305
228	FKIFX	today	14.03	May 01, 2017	13.7	2.4087524	14.02	0.07131958
229	BULIX	today	18.67	May 01, 2017	18.23	2.4136047	18.29	2.0776367
230	FSEVX	today	59.68	May 01, 2017	58.27	2.4197693	60.01	-0.54990387
231	PLMDX	today	9.28	May 01, 2017	9.06	2.4282455	9.26	0.2159729
232	FSRFX	today	93.0	May 01, 2017	90.78	2.4454727	94.33	-1.4099503
233	VIG	Jul 28, 2017	93.21	Apr 28, 2017	90.98	2.451088	93.7	-0.5229416
234	FFFVX	today	12.49	May 01, 2017	12.19	2.4610367	12.48	0.08013153
235	IWM	Jul 28, 2017	141.96	Apr 28, 2017	138.46	2.5278091	142.55	-0.41388702
236	FFKVX	today	13.36	May 01, 2017	13.03	2.5326157	13.35	0.074897766
237	DODGX	today	195.6	May 01, 2017	190.76	2.5372238	195.72	-0.061309814
238	PRPFX	today	40.37	May 01, 2017	39.36	2.5660553	40.05	0.7990036
239	FIRSX	today	64.43	May 01, 2017	62.81	2.5792007	64.34	0.13989258
240	ICF	Jul 28, 2017	102.22	Apr 28, 2017	99.64	2.589325	101.56	0.6498718
241	VEVRX	today	38.75	May 01, 2017	37.77	2.5946503	38.9	-0.38560486	*BT**P*
242	HDOGX	today	14.21	May 01, 2017	13.85	2.5992737	13.9	2.230217
243	LQD	Jul 28, 2017	121.11	Apr 28, 2017	118.04	2.6008148	121.55	-0.36199188
244	JPI	Jul 28, 2017	25.2	Apr 28, 2017	24.56	2.6058655	24.86	1.3676605
245	VNQ	Jul 28, 2017	84.15	Apr 28, 2017	82.01	2.6094284	83.75	0.47761536
246	FEQTX	today	28.16	May 01, 2017	27.44	2.6239014	27.98	0.64331055
247	VWINX	today	26.48	May 01, 2017	25.8	2.6356583	26.46	0.07559204
248	XTN	Jul 28, 2017	55.22	Apr 28, 2017	53.79	2.6584854	56.27	-1.8659973
249	YAFFX	today	22.0	May 01, 2017	21.43	2.6598206	21.96	0.1821518
250	FIRUX	today	64.99	May 01, 2017	63.3	2.6698227	64.89	0.15409851
251	FFANX	today	11.53	May 01, 2017	11.23	2.6714172	11.52	0.08679962
252	FGRIX	today	35.27	May 01, 2017	34.35	2.6783218	35.15	0.34139252
253	FRESX	today	42.96	May 01, 2017	41.83	2.7014008	42.58	0.89243317
254	GTSGX	today	9.48	May 01, 2017	9.23	2.7085571	9.45	0.31745148
255	PHK	Jul 28, 2017	8.68	Apr 28, 2017	8.45	2.7218933	8.67	0.115348816
256	PRF	Jul 28, 2017	104.94	Apr 28, 2017	102.13	2.7513962	104.68	0.24837494
257	FCIFX	today	12.65	May 01, 2017	12.31	2.7619705	12.63	0.15834808	*BT*
258	FLCEX	today	13.65	May 01, 2017	13.28	2.786148	13.65	0.0
259	FLIFX	today	14.6	May 01, 2017	14.2	2.8169022	14.59	0.06854248
260	FGIKX	today	35.24	May 01, 2017	34.27	2.8304672	35.12	0.34169006
261	FSCFX	today	14.5	May 01, 2017	14.1	2.8368683	14.61	-0.7529068
262	FIRVX	today	62.68	May 01, 2017	60.95	2.8383942	62.59	0.1437912
263	DGRO	Jul 28, 2017	31.62	Apr 28, 2017	30.74	2.8627243	31.71	-0.2838211
264	OAKBX	today	32.69	May 01, 2017	31.78	2.8634338	32.61	0.24532318
265	FFFCX	today	15.97	May 01, 2017	15.52	2.8994827	15.95	0.12539673
266	WIP	Jul 28, 2017	56.94	Apr 28, 2017	55.33	2.9098053	56.58	0.63625336
267	FFKCX	today	13.36	May 01, 2017	12.98	2.9275742	13.35	0.074897766
268	VWELX	today	41.38	May 01, 2017	40.2	2.9353256	41.32	0.14521027
269	EIERX	today	17.18	May 01, 2017	16.69	2.9358826	17.51	-1.8846359	*BT*
270	RYGBX	today	52.21	May 01, 2017	50.72	2.9376984	52.95	-1.3975525
271	FBCVX	today	18.84	May 01, 2017	18.3	2.950821	18.76	0.42643738	*P*
272	VWNFX	today	37.72	May 01, 2017	36.63	2.9757004	37.75	-0.07946777
273	FBALX	today	24.16	May 01, 2017	23.46	2.9838104	24.15	0.041412354
274	FIRWX	today	64.07	May 01, 2017	62.21	2.9898758	63.97	0.15631866
275	PAUDX	today	8.95	May 01, 2017	8.69	2.991951	8.91	0.44892883
276	FSLEX	today	24.65	May 01, 2017	23.92	3.0518417	25.09	-1.753685
277	VHDYX	today	31.4	May 01, 2017	30.47	3.052185	31.24	0.51216125
278	FIXRX	today	64.35	May 01, 2017	62.44	3.058937	64.25	0.15563965
279	GASFX	today	30.27	May 01, 2017	29.36	3.0994568	30.2	0.23178864
280	FPIFX	today	15.29	May 01, 2017	14.83	3.101822	15.27	0.13097382
281	GVPIX	today	53.81	May 01, 2017	52.19	3.104042	54.59	-1.428833
282	SCHD	Jul 28, 2017	45.75	Apr 28, 2017	44.37	3.1102066	45.56	0.41703033
283	VICEX	today	30.11	May 01, 2017	29.2	3.1164398	30.24	-0.4298935
284	FFVIX	today	12.84	May 01, 2017	12.45	3.1325378	12.82	0.15600586	*BT*
285	VAW	Jul 28, 2017	124.01	Apr 28, 2017	120.24	3.1353912	124.9	-0.7125702
286	FLCSX	today	31.49	May 01, 2017	30.53	3.1444397	31.39	0.318573
287	FETKX	today	28.16	May 01, 2017	27.3	3.1501923	27.98	0.64331055
288	USAGX	today	12.98	May 01, 2017	12.58	3.1796417	12.6	3.0158615
289	FPURX	today	22.68	May 01, 2017	21.97	3.2316818	22.71	-0.13209534
290	FMILX	today	39.45	May 01, 2017	38.21	3.245224	39.39	0.15232849
291	FVSAX	today	19.07	May 01, 2017	18.47	3.2485123	19.04	0.15756226
292	VTV	Jul 28, 2017	97.87	Apr 28, 2017	94.79	3.2492905	97.69	0.18426514
293	FQIFX	today	16.17	May 01, 2017	15.66	3.2566986	16.16	0.06188202
294	PASDX	today	12.02	May 01, 2017	11.64	3.2646027	11.99	0.250206
295	VEIPX	today	34.85	May 01, 2017	33.74	3.289856	34.72	0.37441254
296	FKVFX	today	14.11	May 01, 2017	13.66	3.2942886	14.09	0.14194489
297	VIMSX	today	39.64	May 01, 2017	38.37	3.309883	39.73	-0.22652435
298	SEQUX	today	177.19	May 01, 2017	171.51	3.3117676	176.76	0.24327087
299	FLGEX	today	17.42	May 01, 2017	16.86	3.3214722	17.49	-0.4002304
300	FZAAX	today	21.38	May 01, 2017	20.69	3.334938	21.37	0.046791077	*BT*
301	MVALX	today	40.52	May 01, 2017	39.21	3.3409805	40.63	-0.2707367
302	FFVFX	today	13.22	May 01, 2017	12.79	3.3619995	13.2	0.15151215
303	FDEQX	today	37.05	May 01, 2017	35.84	3.376114	37.11	-0.16168213
304	FGRTX	today	18.92	May 01, 2017	18.3	3.3879852	18.85	0.37134552
305	RSP	Jul 28, 2017	94.2	Apr 28, 2017	91.11	3.3915024	94.31	-0.11663818
306	OWSMX	today	17.04	May 01, 2017	16.48	3.3980637	17.06	-0.11722565
307	FDEKX	today	37.01	May 01, 2017	35.79	3.4087677	37.07	-0.16186523
308	VO	Jul 28, 2017	145.2	Apr 28, 2017	140.41	3.411438	145.54	-0.23361206
309	FPHAX	today	19.04	May 01, 2017	18.41	3.422058	19.35	-1.602066
310	PRFDX	today	33.46	May 01, 2017	32.35	3.4312286	33.34	0.35993195
311	FDVLX	today	120.23	May 01, 2017	116.24	3.4325562	120.14	0.074913025
312	FDIFX	today	13.83	May 01, 2017	13.37	3.4405365	13.81	0.14481354	*BT*
313	VBLTX	today	14.08	May 01, 2017	13.61	3.453354	14.18	-0.70521545
314	FVLKX	today	120.39	May 01, 2017	116.37	3.4544983	120.3	0.07481384
315	MNBAX	today	17.92	May 01, 2017	17.32	3.4642105	17.87	0.2797928
316	FBAKX	today	24.16	May 01, 2017	23.35	3.4689407	24.14	0.082847595
317	PEQKX	today	34.73	May 01, 2017	33.56	3.48629	34.59	0.40473938	*BT*
318	FFIDX	today	45.99	May 01, 2017	44.44	3.4878616	46.25	-0.5621643
319	RYU	Jul 28, 2017	87.41	Apr 28, 2017	84.46	3.4927826	87.14	0.30984497	*P*
320	FVDFX	today	28.07	May 01, 2017	27.12	3.502945	27.92	0.53725433
321	FFDKX	today	45.99	May 01, 2017	44.43	3.511139	46.25	-0.5621643
322	FUSEX	today	86.52	May 01, 2017	83.58	3.5175781	86.43	0.10412598
323	FVDKX	today	28.08	May 01, 2017	27.12	3.5398254	27.93	0.53704834
324	FSANX	today	12.27	May 01, 2017	11.85	3.544304	12.26	0.08156586
325	FFFDX	today	16.25	May 01, 2017	15.69	3.5691528	16.22	0.18496704
326	FOHIX	today	16.17	May 01, 2017	15.61	3.5874481	16.13	0.24799347
327	FLPSX	today	54.26	May 01, 2017	52.38	3.589157	54.09	0.31428528
328	ANDVX	today	17.56	May 01, 2017	16.95	3.5988083	17.49	0.40022278	*BT*
329	SPLV	Jul 28, 2017	45.17	Apr 28, 2017	43.6	3.6009216	45.22	-0.110580444	*P*
330	FLPKX	today	54.24	May 01, 2017	52.35	3.610321	54.06	0.33296204
331	FITWX	today	13.75	May 01, 2017	13.27	3.6171799	13.73	0.14567566	*BT*
332	FFKDX	today	15.11	May 01, 2017	14.58	3.6351166	15.09	0.13253784
333	FPUKX	today	22.67	May 01, 2017	21.87	3.6579742	22.69	-0.088150024
334	RFV	Jul 28, 2017	64.11	Apr 28, 2017	61.83	3.687523	64.38	-0.4193802
335	VTSMX	today	61.74	May 01, 2017	59.53	3.7124176	61.75	-0.016197205
336	FSTMX	today	71.38	May 01, 2017	68.82	3.719841	71.39	-0.014015198
337	FFSMX	today	71.4	May 01, 2017	68.83	3.733841	71.41	-0.014007568
338	FSTVX	today	71.39	May 01, 2017	68.82	3.734375	71.4	-0.014007568
339	TWEBX	today	22.75	May 01, 2017	21.93	3.7391663	22.57	0.7975235
340	IVV	Jul 28, 2017	248.56	Apr 28, 2017	239.56	3.7568893	248.55	0.004020691
341	THD	Jul 28, 2017	79.08	Apr 28, 2017	76.19	3.7931442	78.77	0.3935547
342	VPU	Jul 28, 2017	116.81	Apr 28, 2017	112.53	3.8034286	117.24	-0.36676788
343	FDCAX	today	35.93	May 01, 2017	34.61	3.813919	36.02	-0.24986267
344	FCPGX	today	23.84	May 01, 2017	22.96	3.832756	24.06	-0.9143753	*P*
345	FKTWX	today	15.94	May 01, 2017	15.35	3.8436432	15.91	0.18855286
346	FFTWX	today	14.03	May 01, 2017	13.51	3.8489914	14.01	0.1427536
347	FLVCX	today	37.32	May 01, 2017	35.93	3.8686295	37.39	-0.18721008
348	FXIFX	today	16.89	May 01, 2017	16.26	3.874527	16.87	0.11854553
349	FMCSX	today	37.2	May 01, 2017	35.81	3.8815994	37.31	-0.29483032
350	RWX	Jul 28, 2017	39.29	Apr 28, 2017	37.82	3.8868332	38.95	0.87290955
351	FASGX	today	21.91	May 01, 2017	21.09	3.888092	21.89	0.09137726
352	FIUIX	today	26.86	May 01, 2017	25.85	3.907158	26.37	1.8581772
353	FLCKX	today	37.41	May 01, 2017	36.0	3.9166718	37.48	-0.18676758
354	FKMCX	today	37.22	May 01, 2017	35.81	3.9374466	37.33	-0.2946701
355	VTI	Jul 28, 2017	126.86	Apr 28, 2017	122.05	3.9410095	126.95	-0.070892334
356	FFNOX	today	42.32	May 01, 2017	40.71	3.9548035	42.25	0.16567993
357	NBB	Jul 28, 2017	21.25	Apr 28, 2017	20.44	3.9628143	21.14	0.5203476
358	DRA	Jul 28, 2017	17.82	Apr 28, 2017	17.14	3.967331	17.76	0.33783722
359	VFINX	today	228.49	May 01, 2017	219.71	3.9961853	228.26	0.10076904
360	VFIAX	today	228.51	May 01, 2017	219.68	4.0194855	228.28	0.100753784	*P*
361	FUSVX	today	86.53	May 01, 2017	83.18	4.0274124	86.44	0.10411835
362	MOO	Jul 28, 2017	56.75	Apr 28, 2017	54.51	4.1093445	56.54	0.3714218
363	FSAEX	today	13.13	May 01, 2017	12.61	4.1237106	13.11	0.152565
364	EMLC	Jul 28, 2017	19.18	Apr 28, 2017	18.42	4.1259537	19.17	0.0521698
365	FSFFX	today	13.11	May 01, 2017	12.59	4.1302567	13.1	0.07633209
366	FEFIX	today	14.81	May 01, 2017	14.22	4.1490936	14.78	0.20298004	*P*
367	ACWV	Jul 28, 2017	80.37	Apr 28, 2017	77.15	4.173683	80.26	0.13705444
368	FCSAX	today	17.15	May 01, 2017	16.46	4.191986	17.15	0.0
369	VOO	Jul 28, 2017	226.77	Apr 28, 2017	217.61	4.209366	226.77	0.0	*P*
370	SPY	Jul 28, 2017	246.91	Apr 28, 2017	236.92	4.216614	246.88	0.012145996	*P*
371	FIHFX	today	17.75	May 01, 2017	17.03	4.227829	17.73	0.11280823
372	XLB	Jul 28, 2017	55.06	Apr 28, 2017	52.82	4.240822	55.26	-0.36192322	*P*
373	RTM	Jul 28, 2017	100.36	Apr 28, 2017	96.27	4.248474	100.91	-0.54504395
374	VWNDX	today	22.53	May 01, 2017	21.61	4.257286	22.58	-0.22142792
375	XMPT	Jul 28, 2017	27.42	Apr 28, 2017	26.3	4.25856	27.28	0.51319885
376	FBIFX	today	17.87	May 01, 2017	17.14	4.2590485	17.84	0.16816711
377	FIOFX	today	18.0	May 01, 2017	17.26	4.2873764	17.98	0.11123657
378	FDYSX	today	9.48	May 01, 2017	9.09	4.290428	9.47	0.10558319
379	FFGCX	today	11.9	May 01, 2017	11.41	4.2944794	11.6	2.586197
380	FIPFX	today	18.09	May 01, 2017	17.34	4.3252563	18.06	0.1661148
381	VWESX	today	10.51	May 01, 2017	10.07	4.3694153	10.58	-0.6616211
382	FFFEX	today	17.49	May 01, 2017	16.75	4.4179077	17.45	0.22921753
383	FWRLX	today	9.89	May 01, 2017	9.47	4.4350586	9.72	1.74897	*P*
384	FFKEX	today	16.47	May 01, 2017	15.77	4.4388046	16.44	0.18247223
385	FDSSX	today	41.96	May 01, 2017	40.16	4.4820633	42.05	-0.2140274
386	FDKQX	today	11.4	May 01, 2017	10.91	4.491295	11.38	0.17573547	*BT*
387	FFFPX	today	11.84	May 01, 2017	11.33	4.5013275	11.82	0.16920471	*BT*
388	FSSKX	today	41.99	May 01, 2017	40.18	4.50473	42.08	-0.21388245
389	FSDPX	today	85.12	May 01, 2017	81.45	4.5058365	85.34	-0.25778198	*P*
390	FAMRX	today	18.78	May 01, 2017	17.97	4.507515	18.77	0.053276062
391	FHFIX	today	12.91	May 01, 2017	12.35	4.5344086	12.88	0.23292542	*BT*
392	FIFFX	today	15.37	May 01, 2017	14.7	4.557823	15.34	0.19556427	*BT*
393	FFFIX	today	11.9	May 01, 2017	11.38	4.569412	11.87	0.25273895	*BT*
394	FITHX	today	14.37	May 01, 2017	13.74	4.5851593	14.34	0.209198	*BT*
395	FSLSX	today	42.79	May 01, 2017	40.91	4.595459	42.68	0.25772858
396	FVSKX	today	42.77	May 01, 2017	40.88	4.6232834	42.66	0.25785065
397	JATTX	today	27.24	May 01, 2017	26.02	4.6887054	27.46	-0.8011627
398	POAGX	today	39.23	May 01, 2017	37.44	4.780983	40.12	-2.218338
399	FFKFX	today	17.33	May 01, 2017	16.53	4.8396835	17.3	0.17341614
400	FKTHX	today	17.3	May 01, 2017	16.5	4.84848	17.27	0.17369843
401	FFKGX	today	17.88	May 01, 2017	17.05	4.8680267	17.85	0.1680603
402	FFFGX	today	11.6	May 01, 2017	11.06	4.882454	11.57	0.2592926
403	FFKHX	today	18.03	May 01, 2017	17.19	4.886566	17.99	0.22235107
404	FNCMX	today	84.06	May 01, 2017	80.14	4.8914413	84.52	-0.5442505	*P*
405	DIA	Jul 28, 2017	218.02	Apr 28, 2017	207.85	4.8929443	215.53	1.1552963	*P*
406	FSMEX	today	45.8	May 01, 2017	43.65	4.925537	46.6	-1.7167358
407	FFFHX	today	11.66	May 01, 2017	11.11	4.9505005	11.63	0.25795746
408	NAD	Jul 28, 2017	14.32	Apr 28, 2017	13.64	4.9853363	14.24	0.5617981
409	FIVLX	today	8.8	May 01, 2017	8.38	5.0119247	8.72	0.9174347
410	FFFFX	today	10.26	May 01, 2017	9.77	5.0153503	10.23	0.2932663
411	FEMEX	today	9.21	May 01, 2017	8.77	5.017105	9.13	0.87623596
412	QQQX	Jul 28, 2017	22.27	Apr 28, 2017	21.2	5.047165	22.55	-1.2416763
413	ITB	Jul 28, 2017	33.97	Apr 28, 2017	32.33	5.072693	34.36	-1.1350403
414	FSELX	today	105.23	May 01, 2017	100.09	5.1353836	105.87	-0.6045151	*P*
415	FSCHX	today	166.7	May 01, 2017	158.49	5.18013	166.79	-0.053962708
416	AGTHX	today	48.98	May 01, 2017	46.56	5.197586	49.11	-0.2647171
417	FFVNX	today	10.52	May 01, 2017	10.0	5.2000046	10.42	0.9596939
418	FINVX	today	10.5	May 01, 2017	9.98	5.2104263	10.4	0.9615402
419	PFBDX	today	10.04	May 01, 2017	9.54	5.2410965	9.98	0.60121155
420	PCBIX	today	26.1	May 01, 2017	24.79	5.284378	25.92	0.69444275	*BT**P*
421	VT	Jul 28, 2017	69.31	Apr 28, 2017	65.83	5.286339	69.16	0.2168808
422	VUG	Jul 28, 2017	130.68	Apr 28, 2017	124.1	5.30217	130.96	-0.21381378
423	VOOG	Jul 28, 2017	126.31	Apr 28, 2017	119.91	5.3373337	126.62	-0.2448349
424	FGBLX	today	25.01	May 01, 2017	23.74	5.3496246	24.97	0.1601944
425	FLATX	today	23.71	May 01, 2017	22.48	5.471527	23.64	0.29610443
426	ONEQ	Jul 28, 2017	250.75	Apr 28, 2017	237.68	5.498993	251.24	-0.19503021
427	PARWX	today	36.64	May 01, 2017	34.73	5.499565	36.82	-0.4888687
428	EEH	Jul 28, 2017	18.15	Apr 28, 2017	17.2	5.5232544	17.87	1.566864
429	PRNHX	today	52.22	May 01, 2017	49.47	5.558922	52.41	-0.3625183
430	IGOV	Jul 28, 2017	98.16	Apr 28, 2017	92.95	5.605171	97.85	0.31682587
431	DIAX	Jul 28, 2017	16.81	Apr 28, 2017	15.91	5.6568146	16.73	0.47818756
432	VGHCX	today	213.33	May 01, 2017	201.88	5.6716766	217.13	-1.7501068
433	VGHAX	today	89.99	May 01, 2017	85.15	5.6840744	91.59	-1.7469177
434	FSAGX	today	20.79	May 01, 2017	19.67	5.693962	20.1	3.4328308	*P*
435	FIENX	today	9.58	May 01, 2017	9.06	5.7395096	9.52	0.630249
436	FSPHX	today	227.39	May 01, 2017	215.04	5.7431183	231.19	-1.6436691	*P*
437	DODFX	today	45.36	May 01, 2017	42.87	5.808258	45.23	0.28742218
438	SWHFX	today	25.21	May 01, 2017	23.82	5.8354263	25.43	-0.86512756
439	FILFX	today	11.03	May 01, 2017	10.42	5.8541183	10.96	0.63868713
440	FSCSX	today	155.93	May 01, 2017	147.29	5.865982	157.48	-0.9842529	*P*
441	FSGFX	today	17.63	May 01, 2017	16.65	5.885887	17.71	-0.4517212
442	FMAGX	today	98.91	May 01, 2017	93.39	5.9107056	98.94	-0.030319214
443	EWJ	Jul 28, 2017	54.58	Apr 28, 2017	51.53	5.9188843	54.36	0.4047165
444	FMGKX	today	98.79	May 01, 2017	93.26	5.929657	98.82	-0.03035736
445	RPMGX	today	88.04	May 01, 2017	83.11	5.9319	88.29	-0.28315735
446	FDFFX	today	38.69	May 01, 2017	36.52	5.9419403	38.69	0.0
447	FZANX	today	31.55	May 01, 2017	29.78	5.9435883	31.57	-0.06335449	*BT*
448	FTRNX	today	98.78	May 01, 2017	93.16	6.0326233	99.1	-0.3229065
449	QQQ	Jul 28, 2017	143.84	Apr 28, 2017	135.62	6.0610504	144.11	-0.18736267
450	JPC	Jul 28, 2017	10.57	Apr 28, 2017	9.96	6.1244965	10.49	0.76262665
451	FSIIX	today	41.48	May 01, 2017	39.08	6.141243	41.17	0.75297546
452	FIDSX	today	103.92	May 01, 2017	97.9	6.149124	104.18	-0.24957275
453	FSIVX	today	41.5	May 01, 2017	39.08	6.192421	41.18	0.7770767
454	FSHCX	today	91.67	May 01, 2017	86.31	6.2101746	93.34	-1.7891617
455	FNORX	today	52.7	May 01, 2017	49.6	6.25	52.72	-0.03794098	*P*
456	XLF	Jul 28, 2017	24.91	Apr 28, 2017	23.44	6.271324	24.8	0.44355774
457	FOSFX	today	48.04	May 01, 2017	45.18	6.3302383	47.72	0.670578
458	EEMV	Jul 28, 2017	57.26	Apr 28, 2017	53.85	6.3324127	57.19	0.122406006
459	EFA	Jul 28, 2017	66.79	Apr 28, 2017	62.78	6.38739	66.55	0.36063385
460	FOSKX	today	47.96	May 01, 2017	45.08	6.3886414	47.63	0.69283295
461	VTRIX	today	37.51	May 01, 2017	35.24	6.441536	37.07	1.186943
462	FIGFX	today	12.95	May 01, 2017	12.16	6.4967194	12.92	0.232193
463	OAKIX	today	27.62	May 01, 2017	25.92	6.558647	27.22	1.4695129
464	FUSIX	today	10.19	May 01, 2017	9.56	6.5899506	10.12	0.69169617
465	GWX	Jul 28, 2017	34.28	Apr 28, 2017	32.16	6.5920334	34.16	0.35128784
466	JPS	Jul 28, 2017	10.33	Apr 28, 2017	9.69	6.6047516	10.23	0.9775162
467	FDIVX	today	39.97	May 01, 2017	37.49	6.6150894	39.59	0.95983887
468	FCNTX	today	118.79	May 01, 2017	111.4	6.6337433	119.02	-0.19324493	*P*
469	FDIKX	today	39.91	May 01, 2017	37.42	6.6542053	39.53	0.9613037
470	FCNKX	today	118.76	May 01, 2017	111.35	6.6546936	118.99	-0.19329071
471	VTIAX	today	28.78	May 01, 2017	26.98	6.671608	28.65	0.45375824	*P*
472	VGTSX	today	17.21	May 01, 2017	16.13	6.695595	17.13	0.4670105
473	FFIGX	today	15.6	May 01, 2017	14.62	6.703148	15.56	0.25707245
474	FIGSX	today	15.56	May 01, 2017	14.58	6.7215424	15.52	0.25772858
475	VSS	Jul 28, 2017	111.75	Apr 28, 2017	104.67	6.7641144	111.2	0.49461365
476	FSUTX	today	82.69	May 01, 2017	77.43	6.793236	82.31	0.46166992
477	FSAIX	today	79.61	May 01, 2017	74.54	6.801712	80.49	-1.0932999
478	SCHF	Jul 28, 2017	32.59	Apr 28, 2017	30.51	6.817436	32.53	0.18445587
479	NKX	Jul 28, 2017	15.82	Apr 28, 2017	14.81	6.81971	15.84	-0.12626648
480	MLAIX	today	10.49	May 01, 2017	9.82	6.822815	10.55	-0.5687256	*BT*
481	FSVLX	today	14.44	May 01, 2017	13.51	6.883789	14.5	-0.41379547
482	VXUS	Jul 28, 2017	53.62	Apr 28, 2017	50.16	6.8979263	53.42	0.37438965
483	FBGRX	today	83.83	May 01, 2017	78.42	6.898758	84.29	-0.5457306
484	FTIEX	today	8.98	May 01, 2017	8.4	6.9047546	8.94	0.44742584
485	FDSVX	today	31.7	May 01, 2017	29.65	6.913994	31.76	-0.18891907
486	VEU	Jul 28, 2017	51.64	Apr 28, 2017	48.3	6.9151154	51.47	0.33028412
487	FIEUX	today	40.47	May 01, 2017	37.85	6.9220657	40.27	0.4966507
488	FSPCX	today	85.35	May 01, 2017	79.82	6.9280853	84.77	0.6842041	*P*
489	PRHSX	today	72.33	May 01, 2017	67.64	6.933769	73.38	-1.4309006
490	FICDX	today	52.54	May 01, 2017	49.13	6.940773	52.23	0.59352875
491	FGDKX	today	31.73	May 01, 2017	29.67	6.943039	31.79	-0.18874359
492	FBIOX	today	219.8	May 01, 2017	205.46	6.979454	224.53	-2.1066208	*P*
493	ANWPX	today	42.74	May 01, 2017	39.94	7.010521	42.89	-0.34972382
494	FSGEX	today	12.64	May 01, 2017	11.81	7.027939	12.57	0.55688477
495	FSGDX	today	12.9	May 01, 2017	12.05	7.053932	12.83	0.54559326	*BT*
496	PRGFX	today	66.19	May 01, 2017	61.82	7.068924	66.29	-0.15084839
497	VWO	Jul 28, 2017	42.94	Apr 28, 2017	40.09	7.109001	42.6	0.7981186
498	FWWFX	today	25.97	May 01, 2017	24.24	7.136963	25.87	0.3865509
499	FSDAX	today	149.03	May 01, 2017	138.78	7.385788	147.89	0.7708435
500	FTQGX	today	21.71	May 01, 2017	20.2	7.475235	21.67	0.18458557
501	JIGFX	today	31.35	May 01, 2017	29.16	7.510292	31.05	0.96619415
502	FJPNX	today	14.12	May 01, 2017	13.13	7.5399857	14.08	0.28408813
503	CGMRX	today	33.83	May 01, 2017	31.45	7.5675735	33.38	1.348114
504	MERKX	today	10.08	May 01, 2017	9.37	7.5773697	9.98	1.0020142
505	JDD	Jul 28, 2017	12.89	Apr 28, 2017	11.98	7.5960007	12.97	-0.61680603
506	FIVFX	today	19.9	May 01, 2017	18.49	7.6257477	19.8	0.50505066
507	FIREX	today	11.16	May 01, 2017	10.33	8.034851	11.04	1.0869522
508	VNQI	Jul 28, 2017	58.55	Apr 28, 2017	54.19	8.045769	57.87	1.1750488
509	PRMTX	today	94.63	May 01, 2017	87.56	8.074463	93.43	1.2843857
510	FBSOX	today	49.41	May 01, 2017	45.71	8.094513	49.45	-0.08088684
511	FIGRX	today	44.71	May 01, 2017	41.35	8.125755	44.19	1.1767426
512	FIDKX	today	44.62	May 01, 2017	41.26	8.143486	44.1	1.1791382
513	FZAIX	today	44.59	May 01, 2017	41.23	8.149406	44.07	1.1799469	*BT*
514	IBB	Jul 28, 2017	321.82	Apr 28, 2017	297.48	8.18206	324.88	-0.9418869
515	FISMX	today	28.41	May 01, 2017	26.26	8.187355	28.26	0.530777
516	FFSTX	today	17.5	May 01, 2017	16.16	8.292076	17.42	0.45924377
517	FSTSX	today	17.46	May 01, 2017	16.12	8.312645	17.38	0.46030426
518	FSCOX	today	17.98	May 01, 2017	16.6	8.313248	17.91	0.39083862
519	FOCPX	today	106.61	May 01, 2017	98.38	8.365524	107.37	-0.70783234
520	RERGX	today	54.02	May 01, 2017	49.82	8.430351	53.79	0.42758942
521	HAO	Jul 28, 2017	27.05	Apr 28, 2017	24.88	8.721863	27.2	-0.5514755
522	FSAMX	today	10.55	May 01, 2017	9.68	8.987602	10.57	-0.18920898
523	EPU	Jul 28, 2017	35.72	Apr 28, 2017	32.76	9.035423	35.07	1.8534393
524	FEMFX	today	20.06	May 01, 2017	18.39	9.081017	20.09	-0.14933014
525	FEMSX	today	20.0	May 01, 2017	18.33	9.110748	20.03	-0.14978027
526	PRGTX	today	17.88	May 01, 2017	16.38	9.1575165	17.95	-0.38998413
527	UGA	Jul 28, 2017	26.87	Apr 28, 2017	24.61	9.183266	25.01	7.437027
528	ROBO	Jul 28, 2017	36.18	Apr 28, 2017	33.13	9.206154	35.78	1.1179428
529	FJSCX	today	17.47	May 01, 2017	15.99	9.255775	17.48	-0.0572052
530	FPBFX	today	32.76	May 01, 2017	29.95	9.382294	32.66	0.30617523	*P*
531	FSLBX	today	75.85	May 01, 2017	69.33	9.404289	76.24	-0.51153564
532	FSPTX	today	170.57	May 01, 2017	155.86	9.437965	172.24	-0.969574	*P*
533	FATIX	today	56.11	May 01, 2017	51.19	9.611259	56.67	-0.98817444	*BT**P*
534	FBT	Jul 28, 2017	117.75	Apr 28, 2017	107.41	9.626663	118.93	-0.9921799
535	FGCKX	today	170.46	May 01, 2017	155.43	9.66996	171.4	-0.54841614
536	EEM	Jul 28, 2017	43.75	Apr 28, 2017	39.88	9.704117	43.63	0.27503967
537	FSEAX	today	40.51	May 01, 2017	36.7	10.381462	40.59	-0.19709778	*P*
538	FEMKX	today	29.25	May 01, 2017	26.47	10.502457	29.22	0.10267639	*P*
539	JMIEX	today	27.22	May 01, 2017	24.63	10.515633	27.15	0.25782776	*BT*
540	FXI	Jul 28, 2017	42.42	Apr 28, 2017	38.36	10.583939	42.04	0.9038925
541	BOTZ	Jul 28, 2017	19.91	Apr 28, 2017	17.96	10.85746	19.58	1.6853943
542	FHKCX	today	31.78	May 01, 2017	28.45	11.704742	31.63	0.47423553	*P*
543	XBI	Jul 28, 2017	79.74	Apr 28, 2017	71.33	11.79026	80.77	-1.2752228
544	ASHR	Jul 28, 2017	28.03	Apr 28, 2017	24.82	12.933121	27.94	0.32211304
545	SHOP	Jul 28, 2017	92.98	Apr 28, 2017	75.95	22.42266	89.42	3.981224
