1	PSCE	Jul 21, 2017	13.0	Apr 21, 2017	16.3	-20.2454	13.41	-3.0574188	*P*
2	CHAD	Jul 21, 2017	35.24	Apr 21, 2017	39.6	-11.010094	35.4	-0.45197296
3	OIL	Jul 21, 2017	4.75	Apr 21, 2017	5.33	-10.881798	4.88	-2.6639328	*P*
4	FSNGX	today	23.39	Apr 24, 2017	26.02	-10.107613	23.39	0.0
5	FSESX	today	45.06	Apr 24, 2017	49.83	-9.572548	45.28	-0.48586273
6	USO	Jul 21, 2017	9.34	Apr 21, 2017	10.32	-9.496124	9.59	-2.6068802	*P*
7	IBM	Jul 21, 2017	147.08	Apr 21, 2017	158.83	-7.39785	154.24	-4.6421204
8	FSENX	today	38.9	Apr 24, 2017	41.88	-7.11557	39.06	-0.40962982
9	ICENX	today	11.59	Apr 24, 2017	12.45	-6.907631	11.71	-1.024765
10	PTM	Jul 21, 2017	9.68	Apr 21, 2017	10.32	-6.2015457	9.59	0.93847656
11	FNARX	today	26.23	Apr 24, 2017	27.94	-6.120262	26.3	-0.26615906
12	UGA	Jul 21, 2017	25.01	Apr 21, 2017	26.21	-4.5783997	24.99	0.08003998
13	RYURX	today	66.89	Apr 24, 2017	69.95	-4.37455	67.27	-0.564888
14	USAGX	today	12.78	Apr 24, 2017	13.31	-3.9819717	12.59	1.5091324
15	AMLP	Jul 21, 2017	11.9	Apr 21, 2017	12.34	-3.5656433	12.05	-1.2448196
16	DBC	Jul 21, 2017	14.45	Apr 21, 2017	14.98	-3.5380478	14.53	-0.5505829
17	FSTCX	today	67.35	Apr 24, 2017	69.72	-3.3993149	66.36	1.4918594
18	XLE	Jul 21, 2017	65.11	Apr 21, 2017	67.33	-3.2971954	65.4	-0.44342804
19	IAU	Jul 21, 2017	12.06	Apr 21, 2017	12.37	-2.5060577	11.81	2.1168442
20	ERUS	Jul 21, 2017	30.06	Apr 21, 2017	30.83	-2.4975739	30.41	-1.1509323
21	GLD	Jul 21, 2017	119.26	Apr 21, 2017	122.31	-2.49366	116.77	2.1324005
22	FSAGX	today	20.43	Apr 24, 2017	20.92	-2.3422546	20.11	1.5912399	*P*
23	STCEX	today	11.34	Apr 24, 2017	11.61	-2.3255768	11.26	0.7104721
24	CSCO	Jul 21, 2017	31.84	Apr 21, 2017	32.52	-2.0910187	31.42	1.336731
25	RZV	Jul 21, 2017	65.8	Apr 21, 2017	67.0	-1.7910385	65.77	0.04562378
26	FVSAX	today	19.04	Apr 24, 2017	19.35	-1.602066	19.01	0.15782166
27	PCRIX	today	6.57	Apr 24, 2017	6.66	-1.3513412	6.54	0.45871735	*BT*
28	ICF	Jul 21, 2017	101.56	Apr 21, 2017	102.43	-0.84936523	100.69	0.86402893
29	FCSSX	today	5.14	Apr 24, 2017	5.18	-0.77220154	5.12	0.390625
30	FCSFX	today	5.21	Apr 24, 2017	5.25	-0.76190186	5.19	0.3853531
31	RSX	Jul 21, 2017	20.0	Apr 21, 2017	20.14	-0.6951294	20.21	-1.0390854
32	VNQ	Jul 21, 2017	83.75	Apr 21, 2017	84.29	-0.6406479	83.08	0.8064499
33	VIPSX	today	13.12	Apr 24, 2017	13.18	-0.45523834	13.09	0.22917938
34	ROOF	Jul 21, 2017	27.35	Apr 21, 2017	27.47	-0.43683624	27.17	0.66249084
35	FIPAX	today	11.82	Apr 24, 2017	11.87	-0.42123413	11.79	0.25445557
36	FSIPX	today	9.86	Apr 24, 2017	9.9	-0.4040451	9.85	0.10151672
37	PRIPX	today	11.87	Apr 24, 2017	11.91	-0.33585358	11.84	0.25337982
38	FINPX	today	11.97	Apr 24, 2017	12.01	-0.3330536	11.94	0.25125885
39	FFIPX	today	9.88	Apr 24, 2017	9.91	-0.30271912	9.87	0.10131836
40	TIP	Jul 21, 2017	113.58	Apr 21, 2017	113.89	-0.2721939	113.05	0.46881104
41	ACITX	today	11.55	Apr 24, 2017	11.58	-0.25906372	11.52	0.26041412
42	FSRRX	today	8.76	Apr 24, 2017	8.78	-0.2277832	8.74	0.22883606
43	SWRSX	today	11.06	Apr 24, 2017	11.08	-0.18050385	11.03	0.27198792
44	FSHOX	today	62.22	Apr 24, 2017	62.24	-0.03213501	63.0	-1.2380981	*P*
45	FIRJX	today	49.75	Apr 24, 2017	49.75	0.0	49.75	0.0
46	BULIX	today	18.45	Apr 24, 2017	18.44	0.054229736	18.1	1.9337082
47	LEXCX	today	33.69	Apr 24, 2017	33.66	0.08911896	33.87	-0.53144836
48	SHY	Jul 21, 2017	84.58	Apr 21, 2017	84.5	0.09467316	84.51	0.08282471
49	FFXSX	today	9.97	Apr 24, 2017	9.95	0.20101166	9.96	0.1003952
50	HLPPX	today	14.92	Apr 24, 2017	14.88	0.2688141	14.92	0.0
51	VSGBX	today	10.71	Apr 24, 2017	10.68	0.28089142	10.7	0.09346008
52	FSTGX	today	10.53	Apr 24, 2017	10.5	0.28570557	10.51	0.19029236
53	FSBAX	today	10.42	Apr 24, 2017	10.39	0.28873444	10.41	0.09606171
54	FCNVX	today	10.04	Apr 24, 2017	10.01	0.29969025	10.04	0.0
55	FSHBX	today	8.63	Apr 24, 2017	8.6	0.34883118	8.63	0.0
56	REACX	today	28.64	Apr 24, 2017	28.54	0.35037994	28.58	0.20993805
57	IEI	Jul 21, 2017	124.03	Apr 21, 2017	123.54	0.39663696	123.63	0.32354736
58	BSV	Jul 21, 2017	79.99	Apr 21, 2017	79.65	0.42686462	79.87	0.15023804	*P*
59	FGMNX	today	11.46	Apr 24, 2017	11.41	0.43821716	11.43	0.26246643
60	FSRPX	today	119.82	Apr 24, 2017	119.23	0.4948349	119.09	0.6129837	*P*
61	BTTTX	today	104.24	Apr 24, 2017	103.72	0.5013428	104.05	0.18260193
62	PRTIX	today	5.79	Apr 24, 2017	5.76	0.52082825	5.77	0.34662628
63	FMSFX	today	11.28	Apr 24, 2017	11.22	0.5347519	11.25	0.2666626
64	VFIIX	today	10.55	Apr 24, 2017	10.49	0.5719757	10.52	0.2851715
65	USSTX	today	10.49	Apr 24, 2017	10.43	0.57525635	10.48	0.09542847
66	NOSGX	today	24.34	Apr 24, 2017	24.2	0.5785141	24.27	0.288414
67	VFITX	today	11.23	Apr 24, 2017	11.16	0.6272278	11.2	0.26785278
68	PGNDX	today	11.13	Apr 24, 2017	11.06	0.63290405	11.1	0.2702713
69	PFODX	today	10.57	Apr 24, 2017	10.5	0.6666641	10.52	0.47527313
70	FGOVX	today	10.29	Apr 24, 2017	10.22	0.6849289	10.25	0.39024353
71	PRFSX	today	5.63	Apr 24, 2017	5.59	0.71556854	5.61	0.35650635
72	VMLTX	today	11.0	Apr 24, 2017	10.92	0.73259735	10.98	0.1821518
73	FTHRX	today	10.92	Apr 24, 2017	10.84	0.73799896	10.89	0.27548218
74	FIBAX	today	10.82	Apr 24, 2017	10.74	0.7448807	10.78	0.37106323
75	FSTFX	today	10.6	Apr 24, 2017	10.52	0.7604599	10.58	0.18904114
76	FVIIX	today	10.31	Apr 24, 2017	10.23	0.7820282	10.27	0.3894806	*BT*
77	FCYIX	today	33.69	Apr 24, 2017	33.41	0.8380661	33.95	-0.7658386
78	RYTRX	today	14.18	Apr 24, 2017	14.06	0.8534775	14.16	0.14125061	*BT*
79	CDSIX	today	16.24	Apr 24, 2017	16.1	0.86956024	16.22	0.123306274	*BT*
80	PKB	Jul 21, 2017	29.58	Apr 21, 2017	29.32	0.8867645	29.88	-1.0040131
81	FSAVX	today	35.09	Apr 24, 2017	34.78	0.8913193	35.11	-0.05696106
82	TGFNX	today	11.01	Apr 24, 2017	10.91	0.9165878	10.97	0.36462402
83	FRESX	today	42.63	Apr 24, 2017	42.24	0.9233017	42.61	0.046936035	*P*
84	HDOGX	today	13.92	Apr 24, 2017	13.79	0.94270325	13.95	-0.21505737
85	FCSTX	today	10.67	Apr 24, 2017	10.57	0.94608307	10.65	0.18780518
86	FDSCX	today	27.09	Apr 24, 2017	26.83	0.9690628	26.96	0.48220062
87	FICNX	today	11.46	Apr 24, 2017	11.35	0.969162	11.41	0.43821716
88	CHTTX	today	43.46	Apr 24, 2017	43.04	0.9758377	43.53	-0.16080475
89	FCPEX	today	14.12	Apr 24, 2017	13.98	1.0014267	14.14	-0.14144897
90	FBNDX	today	7.94	Apr 24, 2017	7.86	1.017807	7.91	0.37926483
91	RWJ	Jul 21, 2017	66.41	Apr 21, 2017	65.73	1.0345306	66.09	0.48420715
92	FSOFX	today	14.6	Apr 24, 2017	14.45	1.038063	14.53	0.48175812
93	FBIDX	today	11.66	Apr 24, 2017	11.54	1.0398636	11.61	0.43066406
94	FFGCX	today	11.63	Apr 24, 2017	11.51	1.042572	11.64	-0.08591461
95	FSOPX	today	14.51	Apr 24, 2017	14.36	1.0445709	14.44	0.4847641
96	GABUX	today	9.59	Apr 24, 2017	9.49	1.0537491	9.38	2.2388077
97	FSRBX	today	32.54	Apr 24, 2017	32.19	1.0872955	32.86	-0.97382355
98	FBMPX	today	82.52	Apr 24, 2017	81.63	1.0902863	80.86	2.052925
99	FNMIX	today	16.33	Apr 24, 2017	16.15	1.1145477	16.25	0.49230957
100	FCSAX	today	17.16	Apr 24, 2017	16.97	1.1196289	17.06	0.5861664
101	VBMFX	today	10.82	Apr 24, 2017	10.7	1.1214981	10.77	0.46424866
102	BND	Jul 21, 2017	82.1	Apr 21, 2017	81.17	1.1457443	81.65	0.5511322
103	NOITX	today	10.57	Apr 24, 2017	10.45	1.1483154	10.53	0.37987518
104	GSSUX	today	61.94	Apr 24, 2017	61.23	1.1595612	61.79	0.2427597	*P*
105	KYTFX	today	7.79	Apr 24, 2017	7.7	1.1688385	7.76	0.38659668
106	TGMNX	today	10.34	Apr 24, 2017	10.22	1.1741638	10.3	0.38835144
107	FUBFX	today	11.66	Apr 24, 2017	11.52	1.215271	11.61	0.43066406
108	PRPFX	today	40.02	Apr 24, 2017	39.53	1.2395706	39.66	0.9077225
109	FFRHX	today	9.68	Apr 24, 2017	9.56	1.2552261	9.66	0.20704651
110	USNYX	today	12.02	Apr 24, 2017	11.87	1.2636871	11.98	0.33389282
111	BMBSX	today	11.97	Apr 24, 2017	11.82	1.269043	11.92	0.4194641
112	ANFVX	today	27.05	Apr 24, 2017	26.7	1.3108597	27.11	-0.2213211	*BT*
113	VBIIX	today	11.49	Apr 24, 2017	11.34	1.3227463	11.44	0.43707275
114	FTBFX	today	10.72	Apr 24, 2017	10.58	1.3232574	10.68	0.3745346
115	FSCPX	today	38.93	Apr 24, 2017	38.42	1.327446	38.53	1.0381546
116	USVAX	today	11.35	Apr 24, 2017	11.2	1.3392944	11.31	0.3536682
117	FSIGX	today	11.31	Apr 24, 2017	11.16	1.3440933	11.27	0.35491943
118	PRVAX	today	12.06	Apr 24, 2017	11.9	1.3445511	12.01	0.41632843
119	BRSVX	today	25.19	Apr 24, 2017	24.85	1.3682098	25.17	0.07946777
120	NCATX	today	11.69	Apr 24, 2017	11.53	1.38768	11.63	0.51589966
121	FIBFX	today	11.32	Apr 24, 2017	11.16	1.4336929	11.27	0.4436493
122	SMTFX	today	10.46	Apr 24, 2017	10.31	1.4548874	10.43	0.28762817
123	FLTMX	today	10.42	Apr 24, 2017	10.27	1.4605637	10.38	0.3853531
124	USCBX	today	11.08	Apr 24, 2017	10.92	1.4652023	11.04	0.36231232
125	DODIX	today	13.83	Apr 24, 2017	13.63	1.4673462	13.79	0.29006195
126	FIMIX	today	11.67	Apr 24, 2017	11.5	1.4782639	11.62	0.43029785
127	GTFBX	today	11.56	Apr 24, 2017	11.39	1.4925385	11.51	0.4344101
128	FMHTX	today	12.23	Apr 24, 2017	12.05	1.4937744	12.18	0.41049957
129	KRE	Jul 21, 2017	54.25	Apr 21, 2017	53.45	1.4967194	55.02	-1.3994904
130	MDXBX	today	10.83	Apr 24, 2017	10.67	1.4995346	10.78	0.4638214
131	NCITX	today	10.75	Apr 24, 2017	10.59	1.5108566	10.7	0.46728516
132	USTEX	today	13.42	Apr 24, 2017	13.22	1.5128632	13.37	0.37397003
133	FCVSX	today	28.05	Apr 24, 2017	27.63	1.5200882	27.91	0.5016098
134	BCITX	today	11.94	Apr 24, 2017	11.76	1.5306091	11.89	0.42050934
135	FPXTX	today	11.2	Apr 24, 2017	11.03	1.5412598	11.15	0.44843292
136	VCAIX	today	11.84	Apr 24, 2017	11.66	1.5437393	11.79	0.42408752
137	FIKFX	today	11.81	Apr 24, 2017	11.63	1.5477295	11.77	0.33984375
138	SWNTX	today	11.77	Apr 24, 2017	11.59	1.5530701	11.72	0.4266281
139	PRNYX	today	11.72	Apr 24, 2017	11.54	1.5597916	11.66	0.5145798
140	FASIX	today	13.51	Apr 24, 2017	13.3	1.578949	13.45	0.44610596
141	PTTDX	today	10.28	Apr 24, 2017	10.12	1.5810242	10.24	0.390625
142	PYVLX	today	15.94	Apr 24, 2017	15.69	1.5933762	15.92	0.12562561
143	NOAZX	today	10.73	Apr 24, 2017	10.56	1.6098404	10.68	0.4681549
144	FSCRX	today	31.33	Apr 24, 2017	30.83	1.6217957	31.33	0.0
145	FPCIX	today	10.65	Apr 24, 2017	10.48	1.622139	10.6	0.47168732
146	FSDIX	today	15.4	Apr 24, 2017	15.15	1.6501694	15.32	0.5221939
147	FSLVX	today	19.52	Apr 24, 2017	19.2	1.6666641	19.46	0.30833435
148	FIRMX	today	60.96	Apr 24, 2017	59.96	1.6677704	60.74	0.36219025
149	FEDCX	today	10.36	Apr 24, 2017	10.19	1.6682968	10.32	0.38759613
150	FTFMX	today	13.34	Apr 24, 2017	13.12	1.6768341	13.27	0.52750397
151	SMDMX	today	11.44	Apr 24, 2017	11.25	1.6888885	11.39	0.4389801
152	TIXRX	today	10.47	Apr 24, 2017	10.29	1.7492752	10.43	0.38350677
153	USATX	today	13.32	Apr 24, 2017	13.09	1.7570648	13.27	0.37678528
154	FSAZX	today	12.16	Apr 24, 2017	11.95	1.7573242	12.1	0.49586487
155	PRXCX	today	11.57	Apr 24, 2017	11.37	1.759018	11.52	0.434021
156	FLVEX	today	12.5	Apr 24, 2017	12.28	1.7915344	12.48	0.16026306	*P*
157	SPHIX	today	9.0	Apr 24, 2017	8.84	1.8099518	8.97	0.33444214
158	DRTAX	today	11.81	Apr 24, 2017	11.6	1.8103485	11.76	0.4251709
159	FEQIX	today	59.57	Apr 24, 2017	58.51	1.8116608	59.47	0.16814423
160	FEIKX	today	59.53	Apr 24, 2017	58.47	1.8128891	59.44	0.15140533
161	FNJHX	today	11.77	Apr 24, 2017	11.56	1.8166046	11.71	0.5123825
162	FDMMX	today	12.24	Apr 24, 2017	12.02	1.8302765	12.18	0.49260712
163	BCLTX	today	11.67	Apr 24, 2017	11.46	1.8324585	11.62	0.43029785
164	NHINX	today	8.82	Apr 24, 2017	8.66	1.84758	8.8	0.22727203
165	FIRNX	today	61.17	Apr 24, 2017	60.05	1.8651123	60.95	0.36093903
166	PRINX	today	11.94	Apr 24, 2017	11.72	1.8771286	11.88	0.505043
167	FIUIX	today	26.49	Apr 24, 2017	26.0	1.884613	26.02	1.8062973
168	JASCX	today	34.74	Apr 24, 2017	34.09	1.9067154	34.71	0.08644104
169	FOHFX	today	12.24	Apr 24, 2017	12.01	1.915062	12.17	0.5751877
170	VOHIX	today	12.64	Apr 24, 2017	12.4	1.9354935	12.57	0.55688477
171	PRFHX	today	12.04	Apr 24, 2017	11.81	1.9474945	11.99	0.41701508
172	FHIFX	today	8.72	Apr 24, 2017	8.55	1.9883041	8.69	0.3452301
173	FFFAX	today	11.76	Apr 24, 2017	11.53	1.9947968	11.72	0.34129333
174	RSXJ	Jul 21, 2017	40.18	Apr 21, 2017	39.39	2.0055923	40.64	-1.1318893
175	FHIGX	today	13.21	Apr 24, 2017	12.95	2.007721	13.14	0.5327225
176	VWLTX	today	11.68	Apr 24, 2017	11.45	2.0087357	11.61	0.6029358
177	FIAFX	today	11.16	Apr 24, 2017	10.94	2.0109787	11.12	0.3597107	*BT*
178	VPAIX	today	11.63	Apr 24, 2017	11.4	2.0175476	11.57	0.5185852
179	FCTFX	today	13.02	Apr 24, 2017	12.76	2.0376205	12.96	0.4629593
180	WIP	Jul 21, 2017	56.58	Apr 21, 2017	55.43	2.0746918	55.72	1.5434418
181	FIROX	today	63.36	Apr 24, 2017	62.06	2.0947418	63.12	0.38023376
182	FDFAX	today	100.4	Apr 24, 2017	98.33	2.105156	99.06	1.3527145	*P*
183	FFKAX	today	12.08	Apr 24, 2017	11.83	2.1132736	12.03	0.41563416
184	FSLCX	today	19.17	Apr 24, 2017	18.77	2.1310577	19.1	0.3664856
185	FTANX	today	11.02	Apr 24, 2017	10.79	2.131607	10.97	0.45578766
186	FCPVX	today	19.52	Apr 24, 2017	19.11	2.1454697	19.49	0.15392303
187	FRIFX	today	12.35	Apr 24, 2017	12.09	2.1505356	12.32	0.24350739
188	VWAHX	today	11.35	Apr 24, 2017	11.11	2.160225	11.29	0.53144836
189	VMATX	today	10.83	Apr 24, 2017	10.6	2.169815	10.77	0.5570984
190	VCITX	today	12.18	Apr 24, 2017	11.92	2.1812057	12.11	0.5780487
191	FIRPX	today	64.45	Apr 24, 2017	63.05	2.2204514	64.2	0.38941193
192	FJIFX	today	13.23	Apr 24, 2017	12.94	2.2411118	13.18	0.37935638
193	FSMVX	today	26.58	Apr 24, 2017	25.99	2.2701035	26.42	0.6056061
194	FTABX	today	11.56	Apr 24, 2017	11.3	2.3008804	11.49	0.60923004
195	FSICX	today	11.09	Apr 24, 2017	10.84	2.3062744	11.03	0.54397583
196	FSHFX	today	9.73	Apr 24, 2017	9.51	2.3133545	9.69	0.41279602
197	PLMDX	today	9.28	Apr 24, 2017	9.07	2.3153305	9.25	0.32431793
198	BCHYX	today	10.6	Apr 24, 2017	10.36	2.3166046	10.55	0.473938
199	VEVRX	today	38.8	Apr 24, 2017	37.92	2.3206863	38.61	0.49209595	*BT**P*
200	JDSNX	today	23.22	Apr 24, 2017	22.68	2.3809433	23.06	0.69384766	*BT*
201	GTSGX	today	9.46	Apr 24, 2017	9.24	2.3809586	9.38	0.8528824
202	PRULX	today	12.71	Apr 24, 2017	12.41	2.4174118	12.52	1.5175705
203	FEXPX	today	22.78	Apr 24, 2017	22.24	2.42807	22.72	0.26409912
204	CXXRX	today	24.81	Apr 24, 2017	24.22	2.4360046	24.72	0.3640747	*BT*
205	FPIOX	today	9.65	Apr 24, 2017	9.42	2.4416122	9.62	0.3118515
206	FEQTX	today	28.04	Apr 24, 2017	27.37	2.447937	27.92	0.4297943
207	FSCGX	today	40.32	Apr 24, 2017	39.35	2.4650574	40.45	-0.32138824
208	FEXKX	today	22.75	Apr 24, 2017	22.2	2.477478	22.69	0.26442719
209	FETKX	today	28.04	Apr 24, 2017	27.36	2.485382	27.92	0.4297943
210	FFANX	today	11.52	Apr 24, 2017	11.24	2.4911041	11.46	0.5235672
211	FMEIX	today	15.19	Apr 24, 2017	14.82	2.4966278	15.17	0.13183594
212	PBDDX	today	10.62	Apr 24, 2017	10.36	2.5096512	10.56	0.56817627
213	FIRQX	today	63.83	Apr 24, 2017	62.26	2.5216904	63.56	0.42478943
214	PAUDX	today	8.92	Apr 24, 2017	8.7	2.52874	8.89	0.33745575
215	GASFX	today	30.4	Apr 24, 2017	29.65	2.5295105	29.73	2.2536163
216	FSRIX	today	12.54	Apr 24, 2017	12.23	2.5347595	12.47	0.56134796	*BT*
217	FCBFX	today	11.65	Apr 24, 2017	11.36	2.5528183	11.58	0.60448456
218	FKIFX	today	14.03	Apr 24, 2017	13.68	2.5584717	13.98	0.35765076
219	THD	Jul 21, 2017	78.77	Apr 21, 2017	76.77	2.6051865	79.14	-0.4675293
220	FFIVX	today	12.15	Apr 24, 2017	11.84	2.6182404	12.1	0.41321564	*BT*
221	FIRRX	today	60.77	Apr 24, 2017	59.21	2.6346893	60.51	0.4296875
222	PSCM	Jul 21, 2017	47.32	Apr 21, 2017	46.1	2.6464233	47.45	-0.27397156
223	VWINX	today	26.52	Apr 24, 2017	25.83	2.6713104	26.39	0.49262238
224	FFFVX	today	12.48	Apr 24, 2017	12.15	2.7160492	12.43	0.40224457
225	JNK	Jul 21, 2017	37.32	Apr 21, 2017	36.33	2.7250137	37.19	0.34955597
226	FSDCX	today	34.68	Apr 24, 2017	33.76	2.7251282	34.68	0.0
227	FLBAX	today	13.18	Apr 24, 2017	12.83	2.7279816	12.98	1.5408401
228	PEQKX	today	34.63	Apr 24, 2017	33.71	2.7291641	34.43	0.5808945	*BT*
229	FSGFX	today	17.69	Apr 24, 2017	17.22	2.729393	17.54	0.85518646
230	FBCVX	today	18.7	Apr 24, 2017	18.2	2.7472534	18.54	0.8630066	*P*
231	VHDYX	today	31.36	Apr 24, 2017	30.52	2.7522888	31.23	0.4162674
232	VUSTX	today	12.31	Apr 24, 2017	11.98	2.754593	12.12	1.5676651
233	NAESX	today	66.05	Apr 24, 2017	64.27	2.769577	65.75	0.45627594
234	FFKVX	today	13.35	Apr 24, 2017	12.99	2.7713623	13.29	0.45146942
235	YACKX	today	23.51	Apr 24, 2017	22.87	2.7984238	23.32	0.8147507
236	FDYSX	today	9.47	Apr 24, 2017	9.21	2.823021	9.41	0.63762665
237	FIRSX	today	64.35	Apr 24, 2017	62.55	2.8777008	64.06	0.45269775
238	LQD	Jul 21, 2017	121.55	Apr 21, 2017	118.13	2.8951187	120.57	0.8128052
239	ANDVX	today	17.5	Apr 24, 2017	17.0	2.9411774	17.43	0.4016037	*BT*
240	EES	Jul 21, 2017	33.09	Apr 21, 2017	32.14	2.9558182	33.06	0.09074402
241	FMIMX	today	27.99	Apr 24, 2017	27.18	2.9801254	27.94	0.17895508
242	FIRUX	today	64.91	Apr 24, 2017	63.02	2.999054	64.61	0.46433258
243	FDEGX	today	38.08	Apr 24, 2017	36.97	3.0024414	37.87	0.5545349	*P*
244	PASDX	today	12.0	Apr 24, 2017	11.65	3.004303	11.94	0.5025177
245	FASMX	today	18.09	Apr 24, 2017	17.56	3.0182266	17.98	0.6117935
246	FAGKX	today	38.36	Apr 24, 2017	37.23	3.0351868	38.16	0.5241165
247	FLSAX	today	53.38	Apr 24, 2017	51.78	3.0899963	53.16	0.41384888
248	RWX	Jul 21, 2017	38.95	Apr 21, 2017	37.78	3.096878	38.25	1.8300629
249	FCIFX	today	12.64	Apr 24, 2017	12.26	3.0995102	12.58	0.47695923	*BT*
250	FLIFX	today	14.6	Apr 24, 2017	14.16	3.1073456	14.54	0.4126587
251	RYU	Jul 21, 2017	87.14	Apr 21, 2017	84.51	3.112053	85.23	2.2409897	*P*
252	VWELX	today	41.36	Apr 24, 2017	40.11	3.1164322	41.26	0.24237823
253	OAKBX	today	32.66	Apr 24, 2017	31.67	3.1259918	32.64	0.061271667
254	FGRIX	today	35.17	Apr 24, 2017	34.1	3.137825	35.12	0.14237213
255	FGIKX	today	35.14	Apr 24, 2017	34.07	3.1405945	35.09	0.1424942
256	VEIPX	today	34.82	Apr 24, 2017	33.75	3.170372	34.72	0.28800964
257	RYGBX	today	53.24	Apr 24, 2017	51.6	3.178299	52.11	2.1684875
258	FLPSX	today	54.15	Apr 24, 2017	52.48	3.1821747	53.78	0.6879959
259	FLPKX	today	54.12	Apr 24, 2017	52.44	3.2036667	53.75	0.6883774
260	IJS	Jul 21, 2017	142.18	Apr 21, 2017	137.76	3.2084808	140.96	0.86548615
261	FDGKX	today	35.02	Apr 24, 2017	33.93	3.2125015	34.88	0.40137482
262	FIRVX	today	62.6	Apr 24, 2017	60.65	3.2151566	62.29	0.4976654
263	GVPIX	today	54.89	Apr 24, 2017	53.18	3.2154922	53.72	2.1779556
264	FFFCX	today	15.95	Apr 24, 2017	15.45	3.2362442	15.88	0.44080353
265	FFKCX	today	13.35	Apr 24, 2017	12.93	3.2482605	13.29	0.45146942
266	XHB	Jul 21, 2017	38.68	Apr 21, 2017	37.45	3.2843857	38.84	-0.41194916
267	FZAAX	today	21.37	Apr 24, 2017	20.69	3.2866135	21.23	0.65945435	*BT*
268	FBAKX	today	24.14	Apr 24, 2017	23.37	3.294815	23.98	0.6672287
269	VEXMX	today	78.94	Apr 24, 2017	76.41	3.3110886	78.59	0.44535065
270	FPIFX	today	15.28	Apr 24, 2017	14.79	3.3130493	15.21	0.46022034
271	EWZ	Jul 21, 2017	37.06	Apr 21, 2017	35.87	3.3175507	36.82	0.65182495
272	FLCEX	today	13.67	Apr 24, 2017	13.23	3.3257828	13.62	0.36710358
273	FVDFX	today	27.89	Apr 24, 2017	26.99	3.3345718	27.7	0.6859207
274	SSSFX	today	24.47	Apr 24, 2017	23.68	3.3361435	24.36	0.45155334
275	VEXAX	today	78.9	Apr 24, 2017	76.35	3.3398895	78.55	0.4455719	*P*
276	PYZ	Jul 21, 2017	63.04	Apr 21, 2017	61.0	3.3442612	63.09	-0.07925415
277	FSEMX	today	59.88	Apr 24, 2017	57.93	3.3661346	59.61	0.45294952
278	FVDKX	today	27.9	Apr 24, 2017	26.99	3.3716202	27.71	0.6856766
279	FIRWX	today	63.99	Apr 24, 2017	61.89	3.3931274	63.66	0.5183792
280	FDVLX	today	120.3	Apr 24, 2017	116.28	3.4571762	119.45	0.7115936
281	FIXRX	today	64.27	Apr 24, 2017	62.12	3.4610367	63.93	0.53182983
282	POGSX	today	62.49	Apr 24, 2017	60.39	3.4774094	62.32	0.272789
283	FVLKX	today	120.45	Apr 24, 2017	116.4	3.47937	119.6	0.710701
284	XMPT	Jul 21, 2017	27.28	Apr 21, 2017	26.36	3.4901352	27.25	0.11009216
285	FWRLX	today	9.72	Apr 24, 2017	9.39	3.5143738	9.65	0.72540283	*P*
286	FFVIX	today	12.82	Apr 24, 2017	12.38	3.5541153	12.76	0.47022247	*BT*
287	VBLTX	today	14.22	Apr 24, 2017	13.73	3.5688248	14.03	1.3542404
288	DODGX	today	195.98	Apr 24, 2017	189.2	3.5835114	195.08	0.4613495
289	PHK	Jul 21, 2017	8.67	Apr 21, 2017	8.37	3.5842285	8.73	-0.68727875
290	FQIFX	today	16.17	Apr 24, 2017	15.61	3.5874481	16.09	0.4972
291	SEQUX	today	176.84	Apr 24, 2017	170.71	3.5908813	176.66	0.101890564
292	PRFDX	today	33.42	Apr 24, 2017	32.25	3.6278992	33.33	0.27001953
293	PRF	Jul 21, 2017	104.68	Apr 21, 2017	101.01	3.6332932	104.36	0.306633
294	SLYV	Jul 21, 2017	121.19	Apr 21, 2017	116.92	3.652069	120.17	0.8488083
295	EEH	Jul 21, 2017	17.87	Apr 21, 2017	17.24	3.6543045	17.87	0.0
296	VWNFX	today	37.8	Apr 24, 2017	36.46	3.6752548	37.8	0.0
297	FKVFX	today	14.09	Apr 24, 2017	13.59	3.679184	14.02	0.49928284
298	FSCDX	today	27.52	Apr 24, 2017	26.54	3.692543	27.38	0.511322
299	FLCSX	today	31.39	Apr 24, 2017	30.27	3.7000275	31.33	0.19151306
300	PENNX	today	11.74	Apr 24, 2017	11.32	3.7102432	11.72	0.17064667
301	FSRFX	today	94.83	Apr 24, 2017	91.4	3.7527313	96.8	-2.0351257
302	FMILX	today	39.37	Apr 24, 2017	37.94	3.7691116	39.27	0.2546463
303	FFVFX	today	13.21	Apr 24, 2017	12.73	3.7706223	13.14	0.5327225
304	VB	Jul 21, 2017	137.84	Apr 21, 2017	132.83	3.7717361	136.98	0.6278305
305	VIMSX	today	39.74	Apr 24, 2017	38.29	3.7868881	39.57	0.42961884
306	FDIFX	today	13.81	Apr 24, 2017	13.3	3.8345947	13.74	0.5094681	*BT*
307	FSCFX	today	14.57	Apr 24, 2017	14.03	3.8488998	14.54	0.20632935
308	TWEBX	today	22.66	Apr 24, 2017	21.82	3.8496857	22.62	0.1768341
309	MNBAX	today	17.88	Apr 24, 2017	17.21	3.8930893	17.72	0.90293884
310	YAFFX	today	22.02	Apr 24, 2017	21.18	3.966011	21.78	1.1019211
311	FSANX	today	12.26	Apr 24, 2017	11.79	3.9864273	12.18	0.6568222
312	FGRTX	today	18.86	Apr 24, 2017	18.13	4.0264816	18.8	0.31916046
313	FPURX	today	22.68	Apr 24, 2017	21.8	4.0366974	22.51	0.7552185
314	FFFDX	today	16.23	Apr 24, 2017	15.6	4.038452	16.14	0.5576248
315	FPUKX	today	22.66	Apr 24, 2017	21.78	4.0403976	22.5	0.71110535
316	FFKDX	today	15.09	Apr 24, 2017	14.5	4.0689697	15.01	0.53297424
317	FDEQX	today	37.08	Apr 24, 2017	35.63	4.069603	36.95	0.35183716
318	OWSMX	today	17.07	Apr 24, 2017	16.4	4.0853653	17.03	0.23487854
319	FITWX	today	13.73	Apr 24, 2017	13.19	4.094002	13.66	0.51244354	*BT*
320	FEMEX	today	9.15	Apr 24, 2017	8.79	4.0955505	9.07	0.8820267
321	FDEKX	today	37.04	Apr 24, 2017	35.58	4.103424	36.91	0.35221863
322	VTV	Jul 21, 2017	97.69	Apr 21, 2017	93.82	4.1249237	97.53	0.16405487
323	VPU	Jul 21, 2017	117.24	Apr 21, 2017	112.59	4.130028	114.05	2.79702
324	FUSVX	today	86.53	Apr 24, 2017	83.08	4.1526184	86.05	0.55781555
325	FUSEX	today	86.52	Apr 24, 2017	83.07	4.153122	86.04	0.5578766
326	PFBDX	today	9.98	Apr 24, 2017	9.58	4.1753616	9.84	1.42276
327	FLVCX	today	37.25	Apr 24, 2017	35.74	4.2249527	37.02	0.6212845
328	EMLC	Jul 21, 2017	19.17	Apr 21, 2017	18.39	4.24144	19.03	0.7356796
329	FLCKX	today	37.33	Apr 24, 2017	35.81	4.244629	37.1	0.619957
330	FXIFX	today	16.88	Apr 24, 2017	16.19	4.2618866	16.79	0.536026
331	FXZ	Jul 21, 2017	39.14	Apr 21, 2017	37.54	4.2621155	39.07	0.17916107
332	FOHIX	today	16.14	Apr 24, 2017	15.48	4.263565	16.06	0.4981308
333	SPLV	Jul 21, 2017	45.22	Apr 21, 2017	43.37	4.2656326	44.83	0.869957	*P*
334	FFTWX	today	14.01	Apr 24, 2017	13.43	4.3186874	13.93	0.5743027
335	FSLSX	today	42.69	Apr 24, 2017	40.92	4.325508	42.31	0.8981247
336	VICEX	today	30.29	Apr 24, 2017	29.03	4.3403397	29.94	1.1689987
337	IWM	Jul 21, 2017	142.55	Apr 21, 2017	136.62	4.340515	141.73	0.5785675
338	MVALX	today	40.57	Apr 24, 2017	38.88	4.3467026	40.38	0.47052765
339	FVSKX	today	42.67	Apr 24, 2017	40.89	4.353142	42.29	0.89855194
340	FKTWX	today	15.92	Apr 24, 2017	15.25	4.393448	15.83	0.5685425
341	VTSMX	today	61.78	Apr 24, 2017	59.17	4.4110184	61.44	0.5533829
342	FSTMX	today	71.43	Apr 24, 2017	68.41	4.4145584	71.04	0.5489807
343	FFSMX	today	71.44	Apr 24, 2017	68.41	4.4291763	71.06	0.5347595
344	FFNOX	today	42.31	Apr 24, 2017	40.51	4.4433594	42.1	0.49881744
345	FLGEX	today	17.49	Apr 24, 2017	16.74	4.4802933	17.38	0.6329193
346	FASGX	today	21.89	Apr 24, 2017	20.95	4.48687	21.74	0.6899719
347	RSP	Jul 21, 2017	94.31	Apr 21, 2017	90.19	4.568123	93.76	0.5866089
348	ACWV	Jul 21, 2017	80.26	Apr 21, 2017	76.75	4.5732956	79.45	1.019516
349	VFINX	today	228.5	Apr 24, 2017	218.39	4.629341	227.22	0.56333923
350	FKMCX	today	37.28	Apr 24, 2017	35.63	4.6309204	37.23	0.13430023
351	FMCSX	today	37.27	Apr 24, 2017	35.62	4.6322327	37.21	0.16125488
352	VWNDX	today	22.58	Apr 24, 2017	21.58	4.633919	22.52	0.26643372
353	RFV	Jul 21, 2017	64.38	Apr 21, 2017	61.52	4.6488876	63.74	1.0040741
354	VFIAX	today	228.51	Apr 24, 2017	218.34	4.657875	227.24	0.55887604	*P*
355	FIHFX	today	17.74	Apr 24, 2017	16.95	4.660759	17.65	0.5099182
356	FEFIX	today	14.78	Apr 24, 2017	14.11	4.7484055	14.7	0.54421234	*P*
357	FBIFX	today	17.86	Apr 24, 2017	17.05	4.75074	17.77	0.5064697
358	FIPFX	today	18.07	Apr 24, 2017	17.25	4.753624	17.98	0.50055695
359	FIOFX	today	17.99	Apr 24, 2017	17.17	4.775772	17.9	0.50279236
360	FSAEX	today	13.11	Apr 24, 2017	12.51	4.796158	13.02	0.6912384
361	FSFFX	today	13.09	Apr 24, 2017	12.49	4.8038483	13.0	0.6923065
362	VWESX	today	10.61	Apr 24, 2017	10.12	4.8419037	10.47	1.337143
363	FDCAX	today	35.97	Apr 24, 2017	34.29	4.8993835	35.48	1.3810654
364	XTN	Jul 21, 2017	56.27	Apr 21, 2017	53.63	4.922615	57.28	-1.7632675
365	FSCHX	today	166.24	Apr 24, 2017	158.44	4.9229965	166.08	0.096343994
366	PCBIX	today	25.94	Apr 24, 2017	24.72	4.93528	25.63	1.2095184	*BT**P*
367	FICDX	today	52.24	Apr 24, 2017	49.76	4.983925	51.5	1.4369049
368	VO	Jul 21, 2017	145.54	Apr 21, 2017	138.63	4.9844894	144.69	0.5874481
369	FFFEX	today	17.45	Apr 24, 2017	16.62	4.993988	17.35	0.57637787
370	FFKEX	today	16.44	Apr 24, 2017	15.65	5.047928	16.34	0.6119995
371	FIVLX	today	8.74	Apr 24, 2017	8.32	5.048073	8.73	0.11454773
372	FFIDX	today	46.16	Apr 24, 2017	43.94	5.052353	45.92	0.5226517
373	FSDPX	today	85.37	Apr 24, 2017	81.26	5.0578384	85.53	-0.18706512	*P*
374	FSVLX	today	14.5	Apr 24, 2017	13.8	5.072464	14.32	1.2569885
375	FFDKX	today	46.17	Apr 24, 2017	43.93	5.0990143	45.92	0.54442596
376	FFVNX	today	10.44	Apr 24, 2017	9.93	5.1359406	10.43	0.09587097
377	FINVX	today	10.42	Apr 24, 2017	9.91	5.146324	10.41	0.09606171
378	FDKQX	today	11.38	Apr 24, 2017	10.82	5.175606	11.31	0.6189194	*BT*
379	FITHX	today	14.34	Apr 24, 2017	13.63	5.209099	14.25	0.63158417	*BT*
380	FHFIX	today	12.88	Apr 24, 2017	12.24	5.22876	12.8	0.625	*BT*
381	FFFIX	today	11.87	Apr 24, 2017	11.28	5.2304993	11.8	0.5932236	*BT*
382	FFFPX	today	11.82	Apr 24, 2017	11.23	5.253792	11.75	0.59573364	*BT*
383	IVV	Jul 21, 2017	248.55	Apr 21, 2017	236.13	5.2598114	247.1	0.58680725
384	FIFFX	today	15.34	Apr 24, 2017	14.57	5.284836	15.24	0.6561737	*BT*
385	FAMRX	today	18.77	Apr 24, 2017	17.82	5.331085	18.62	0.80558014
386	FDLSX	today	159.03	Apr 24, 2017	150.86	5.415619	158.36	0.42308807
387	FIDSX	today	104.04	Apr 24, 2017	98.68	5.4317017	103.88	0.15402985
388	VAW	Jul 21, 2017	124.9	Apr 21, 2017	118.42	5.4720535	124.84	0.048065186
389	FFFHX	today	11.63	Apr 24, 2017	11.02	5.535385	11.56	0.6055374
390	EIERX	today	17.52	Apr 24, 2017	16.6	5.5421677	17.41	0.6318207	*BT*
391	VTI	Jul 21, 2017	126.95	Apr 21, 2017	120.28	5.5453873	126.23	0.57038116
392	FCPGX	today	23.92	Apr 24, 2017	22.66	5.5604553	23.69	0.9708786	*P*
393	FKTHX	today	17.27	Apr 24, 2017	16.36	5.56234	17.16	0.6410217
394	FFFGX	today	11.57	Apr 24, 2017	10.96	5.565689	11.5	0.608696
395	FFFFX	today	10.23	Apr 24, 2017	9.69	5.5727615	10.17	0.5899658
396	FFTHX	today	14.58	Apr 24, 2017	13.81	5.5756683	14.49	0.62111664
397	FFKFX	today	17.3	Apr 24, 2017	16.38	5.6166077	17.19	0.6399002
398	FFKGX	today	17.85	Apr 24, 2017	16.9	5.6212997	17.73	0.67681885
399	DIA	Jul 21, 2017	215.53	Apr 21, 2017	204.05	5.626068	216.02	-0.22682953	*P*
400	FFKHX	today	17.99	Apr 24, 2017	17.03	5.637108	17.88	0.6152191
401	FSUTX	today	82.67	Apr 24, 2017	78.23	5.6755676	80.78	2.3396835
402	FDSSX	today	42.0	Apr 24, 2017	39.73	5.7135696	41.59	0.9858093
403	SPY	Jul 21, 2017	246.88	Apr 21, 2017	233.45	5.752838	245.56	0.5375519	*P*
404	VOO	Jul 21, 2017	226.77	Apr 21, 2017	214.43	5.7547913	225.47	0.57657623	*P*
405	FSSKX	today	42.03	Apr 24, 2017	39.74	5.7624435	41.61	1.0093689
406	IGOV	Jul 21, 2017	97.85	Apr 21, 2017	92.49	5.7952194	95.85	2.0865936
407	FSLEX	today	25.18	Apr 24, 2017	23.8	5.7983246	25.23	-0.19817352
408	FLATX	today	23.6	Apr 24, 2017	22.3	5.8295975	23.38	0.940979
409	FGBLX	today	24.97	Apr 24, 2017	23.59	5.84993	24.73	0.9704819
410	VTRIX	today	37.09	Apr 24, 2017	35.03	5.8806763	36.98	0.29746246
411	FDCPX	today	89.43	Apr 24, 2017	84.46	5.884445	88.25	1.3371124	*P*
412	EPU	Jul 21, 2017	35.07	Apr 21, 2017	33.03	6.1762085	34.75	0.9208679
413	FSELX	today	106.39	Apr 24, 2017	100.14	6.2412643	106.19	0.18833923	*P*
414	FSDAX	today	147.72	Apr 24, 2017	139.02	6.258095	146.94	0.5308304
415	EWJ	Jul 21, 2017	54.36	Apr 21, 2017	51.13	6.31723	53.63	1.3611755
416	XLB	Jul 21, 2017	55.26	Apr 21, 2017	51.96	6.3510437	55.25	0.018096924	*P*
417	JATTX	today	27.33	Apr 24, 2017	25.68	6.4252396	27.2	0.4779358
418	FSIIX	today	41.32	Apr 24, 2017	38.81	6.4673996	41.15	0.41311646
419	FILFX	today	10.99	Apr 24, 2017	10.32	6.4922485	10.94	0.45703888
420	FSIVX	today	41.33	Apr 24, 2017	38.81	6.4931717	41.16	0.4130249
421	MERKX	today	9.98	Apr 24, 2017	9.37	6.5101395	9.84	1.42276
422	MOO	Jul 21, 2017	56.54	Apr 21, 2017	53.08	6.518463	56.24	0.5334244
423	ITB	Jul 21, 2017	34.36	Apr 21, 2017	32.23	6.6087494	34.55	-0.54992676
424	FSPCX	today	84.51	Apr 24, 2017	79.23	6.6641464	84.05	0.547287	*P*
425	RTM	Jul 21, 2017	100.91	Apr 21, 2017	94.6	6.670204	100.53	0.37799835
426	VNQI	Jul 21, 2017	57.87	Apr 21, 2017	54.25	6.6728134	57.08	1.384018
427	RPMGX	today	88.14	Apr 24, 2017	82.62	6.6811905	87.53	0.69690704
428	IHE	Jul 21, 2017	158.33	Apr 21, 2017	148.32	6.7489166	156.43	1.2146149
429	FDFFX	today	38.58	Apr 24, 2017	36.12	6.8106384	38.3	0.7310715
430	FIENX	today	9.56	Apr 24, 2017	8.95	6.815651	9.52	0.42016602
431	FDIVX	today	39.62	Apr 24, 2017	37.09	6.8212357	39.38	0.60944366
432	FDIKX	today	39.56	Apr 24, 2017	37.03	6.8322983	39.32	0.61037445
433	FMAGX	today	98.65	Apr 24, 2017	92.34	6.8334427	97.97	0.6940994
434	DODFX	today	45.18	Apr 24, 2017	42.28	6.8590393	45.06	0.26631165
435	FMGKX	today	98.53	Apr 24, 2017	92.2	6.8655167	97.85	0.6949463
436	OAKIX	today	27.29	Apr 24, 2017	25.53	6.893852	27.38	-0.32870483
437	FNCMX	today	84.21	Apr 24, 2017	78.71	6.9876785	83.25	1.1531448	*P*
438	VGTSX	today	17.15	Apr 24, 2017	16.02	7.053673	17.04	0.6455307
439	VTIAX	today	28.68	Apr 24, 2017	26.79	7.054863	28.5	0.63158417	*P*
440	FSAIX	today	80.79	Apr 24, 2017	75.46	7.0633545	81.82	-1.2588654
441	FUSIX	today	10.14	Apr 24, 2017	9.47	7.074974	10.08	0.59524536
442	EEMV	Jul 21, 2017	57.19	Apr 21, 2017	53.41	7.077324	57.06	0.22782135
443	CGMRX	today	33.28	Apr 24, 2017	31.08	7.0785065	33.24	0.12033081
444	VT	Jul 21, 2017	69.16	Apr 21, 2017	64.56	7.12516	68.78	0.55249023
445	FSGDX	today	12.85	Apr 24, 2017	11.99	7.1726456	12.78	0.5477295	*BT*
446	FOSFX	today	47.79	Apr 24, 2017	44.59	7.1764984	47.53	0.5470276
447	FPHAX	today	19.4	Apr 24, 2017	18.1	7.182312	19.11	1.5175247
448	FOSKX	today	47.71	Apr 24, 2017	44.49	7.2375793	47.45	0.5479431
449	FSGEX	today	12.59	Apr 24, 2017	11.74	7.2402115	12.52	0.5591049
450	FZANX	today	31.49	Apr 24, 2017	29.36	7.2547684	31.2	0.92948914	*BT*
451	PRNHX	today	52.2	Apr 24, 2017	48.61	7.385315	51.74	0.889061
452	XLF	Jul 21, 2017	24.8	Apr 21, 2017	23.07	7.4989166	24.92	-0.4815445
453	PARWX	today	36.83	Apr 24, 2017	34.26	7.5014725	36.68	0.4089508
454	VOOG	Jul 21, 2017	126.62	Apr 21, 2017	117.78	7.5055237	125.49	0.90047455
455	VUG	Jul 21, 2017	130.96	Apr 21, 2017	121.63	7.670807	129.71	0.9636841
456	FTIEX	today	8.95	Apr 24, 2017	8.31	7.7015533	8.9	0.5617981
457	NKX	Jul 21, 2017	15.84	Apr 21, 2017	14.7	7.755104	15.87	-0.18903351
458	JIGFX	today	31.14	Apr 24, 2017	28.86	7.9002	30.89	0.8093262
459	FIGFX	today	12.96	Apr 24, 2017	12.01	7.9100723	12.86	0.77760315
460	FWWFX	today	25.85	Apr 24, 2017	23.95	7.9331894	25.62	0.89772797
461	VWO	Jul 21, 2017	42.6	Apr 21, 2017	39.45	7.9847794	42.52	0.1881485
462	FTRNX	today	98.75	Apr 24, 2017	91.44	7.9943085	97.31	1.479805
463	FIGRX	today	44.22	Apr 24, 2017	40.94	8.011734	43.92	0.6830673
464	FIREX	today	11.05	Apr 24, 2017	10.23	8.015648	10.89	1.4692307
465	FZAIX	today	44.11	Apr 24, 2017	40.82	8.059776	43.8	0.7077713	*BT*
466	FIDKX	today	44.14	Apr 24, 2017	40.84	8.080315	43.83	0.70726776
467	FFIGX	today	15.61	Apr 24, 2017	14.44	8.102486	15.49	0.77469635
468	FJPNX	today	14.11	Apr 24, 2017	13.05	8.122597	13.89	1.5838776
469	FIGSX	today	15.57	Apr 24, 2017	14.4	8.124992	15.45	0.77669525
470	ONEQ	Jul 21, 2017	251.24	Apr 21, 2017	232.3	8.153244	248.15	1.245224
471	SWHFX	today	25.46	Apr 24, 2017	23.52	8.248291	25.16	1.1923676
472	GWX	Jul 21, 2017	34.16	Apr 21, 2017	31.53	8.341263	33.71	1.3349152
473	FIVFX	today	19.84	Apr 24, 2017	18.3	8.415306	19.73	0.55753326
474	FCNKX	today	118.61	Apr 24, 2017	109.38	8.438477	117.19	1.2117004
475	POAGX	today	39.92	Apr 24, 2017	36.8	8.478256	39.82	0.25112915
476	FTQGX	today	21.64	Apr 24, 2017	19.93	8.580032	21.4	1.1214981
477	VSS	Jul 21, 2017	111.2	Apr 21, 2017	102.38	8.614967	110.0	1.0909119
478	FISMX	today	28.25	Apr 24, 2017	26.0	8.653847	28.0	0.8928528
479	FIEUX	today	40.34	Apr 24, 2017	37.1	8.733154	40.56	-0.5424118
480	FBSOX	today	49.32	Apr 24, 2017	45.3	8.874176	48.73	1.2107468
481	VXUS	Jul 21, 2017	53.42	Apr 21, 2017	49.01	8.998169	53.23	0.3569336
482	QQQ	Jul 21, 2017	144.11	Apr 21, 2017	132.2	9.009079	142.12	1.4002304
483	FDSVX	today	31.67	Apr 24, 2017	29.03	9.094032	31.28	1.2467957
484	FGDKX	today	31.7	Apr 24, 2017	29.05	9.122208	31.31	1.2456207
485	EFA	Jul 21, 2017	66.55	Apr 21, 2017	60.98	9.134148	66.32	0.34680176
486	FSLBX	today	76.08	Apr 24, 2017	69.7	9.153519	75.59	0.64823914
487	VEU	Jul 21, 2017	51.47	Apr 21, 2017	47.15	9.162247	51.27	0.39009094
488	VGHCX	today	216.81	Apr 24, 2017	198.43	9.262718	212.55	2.0042267
489	PRGFX	today	66.09	Apr 24, 2017	60.47	9.293854	65.17	1.4116898
490	SCHF	Jul 21, 2017	32.53	Apr 21, 2017	29.76	9.307793	32.37	0.4942932
491	FJSCX	today	17.43	Apr 24, 2017	15.94	9.347557	17.09	1.9894714
492	FSMEX	today	46.46	Apr 24, 2017	42.43	9.497986	46.51	-0.1075058
493	FPBFX	today	32.6	Apr 24, 2017	29.77	9.506203	32.09	1.5892715	*P*
494	FBGRX	today	83.95	Apr 24, 2017	76.64	9.538101	82.8	1.3888855
495	MLAIX	today	10.54	Apr 24, 2017	9.62	9.563408	10.41	1.2488022	*BT*
496	FSCSX	today	156.87	Apr 24, 2017	143.13	9.599663	155.24	1.0499802	*P*
497	FNORX	today	53.06	Apr 24, 2017	48.4	9.62809	54.17	-2.0491028	*P*
498	FSHCX	today	93.36	Apr 24, 2017	85.13	9.667572	92.77	0.6359787
499	FFSTX	today	17.46	Apr 24, 2017	15.91	9.742294	17.28	1.0416641
500	FSTSX	today	17.42	Apr 24, 2017	15.87	9.766853	17.24	1.0440826
501	FSPHX	today	230.08	Apr 24, 2017	209.52	9.812904	226.33	1.6568756	*P*
502	PRMTX	today	93.2	Apr 24, 2017	84.85	9.840897	91.62	1.7245026
503	FEMSX	today	19.96	Apr 24, 2017	18.17	9.851395	19.72	1.2170334
504	HAO	Jul 21, 2017	27.2	Apr 21, 2017	24.76	9.854599	26.97	0.85279846
505	FEMFX	today	20.02	Apr 24, 2017	18.22	9.879257	19.78	1.2133484
506	FSCOX	today	17.95	Apr 24, 2017	16.33	9.920395	17.77	1.0129471
507	FSAMX	today	10.53	Apr 24, 2017	9.57	10.031357	10.44	0.8620758
508	JMIEX	today	27.04	Apr 24, 2017	24.4	10.819672	26.86	0.67015076	*BT*
509	PRHSX	today	72.92	Apr 24, 2017	65.77	10.871216	71.5	1.9860153
510	FOCPX	today	106.73	Apr 24, 2017	95.97	11.211838	104.98	1.6669846
511	FXI	Jul 21, 2017	42.04	Apr 21, 2017	37.79	11.246361	41.89	0.358078
512	FEMKX	today	29.13	Apr 24, 2017	26.12	11.523735	28.86	0.93553925	*P*
513	EEM	Jul 21, 2017	43.63	Apr 21, 2017	39.11	11.557152	43.42	0.48365784
514	FBIOX	today	221.84	Apr 24, 2017	198.79	11.595154	215.38	2.9993439	*P*
515	ASHR	Jul 21, 2017	27.94	Apr 21, 2017	25.03	11.626053	27.86	0.28715515
516	PRGTX	today	17.87	Apr 24, 2017	15.99	11.757347	17.59	1.5918121
517	FHKCX	today	31.37	Apr 24, 2017	28.04	11.875893	30.96	1.324295
518	ROBO	Jul 21, 2017	35.78	Apr 21, 2017	31.98	11.882423	35.36	1.1877747
519	FSEAX	today	40.37	Apr 24, 2017	36.08	11.890236	39.85	1.3048859	*P*
520	FGCKX	today	170.7	Apr 24, 2017	152.02	12.287857	168.34	1.4019241
521	IBB	Jul 21, 2017	324.88	Apr 21, 2017	287.33	13.0686035	316.41	2.6769028
522	FSPTX	today	171.04	Apr 24, 2017	150.9	13.346588	167.67	2.0098953	*P*
523	FATIX	today	56.28	Apr 24, 2017	49.59	13.490616	55.17	2.011963	*BT**P*
524	BOTZ	Jul 21, 2017	19.58	Apr 21, 2017	17.23	13.639008	19.26	1.6614685
525	FBT	Jul 21, 2017	118.93	Apr 21, 2017	102.79	15.701912	115.46	3.005371
526	SHOP	Jul 21, 2017	89.42	Apr 21, 2017	76.38	17.072533	92.41	-3.235588
527	XBI	Jul 21, 2017	80.77	Apr 21, 2017	67.88	18.989395	79.07	2.1499863