1	PSCE	Aug 11, 2017	12.15	May 12, 2017	15.21	-20.118347	13.15	-7.604561	*P*
2	FSESX	today	41.34	May 15, 2017	48.4	-14.586777	43.77	-5.55175
3	FSNGX	today	22.46	May 15, 2017	25.41	-11.6096115	22.9	-1.9213943
4	CHAD	Aug 11, 2017	35.91	May 12, 2017	40.42	-11.157837	35.3	1.7280426
5	FGRTX	today	16.43	May 15, 2017	18.43	-10.851875	18.97	-13.389557
6	FSENX	today	37.57	May 15, 2017	41.86	-10.248444	38.09	-1.3651886
7	FNARX	today	25.38	May 15, 2017	28.05	-9.518723	25.68	-1.1682281
8	ICENX	today	11.33	May 15, 2017	12.5	-9.360001	11.49	-1.3925171
9	AMLP	Aug 11, 2017	11.08	May 12, 2017	12.01	-7.7435455	11.6	-4.482765
10	FFDKX	today	41.61	May 15, 2017	44.7	-6.9127502	46.42	-10.361908
11	FFIDX	today	41.63	May 15, 2017	44.7	-6.8680115	46.41	-10.299507
12	VDE	Aug 11, 2017	86.85	May 12, 2017	92.55	-6.158844	89.42	-2.8740768
13	FENY	Aug 11, 2017	17.63	May 12, 2017	18.76	-6.0234604	18.15	-2.8650131
14	RZV	Aug 11, 2017	61.93	May 12, 2017	65.69	-5.7238617	64.11	-3.400406
15	CSCO	Aug 11, 2017	31.47	May 12, 2017	33.14	-5.0392303	31.8	-1.037735
16	XLE	Aug 11, 2017	63.94	May 12, 2017	67.29	-4.9784546	65.64	-2.5898895
17	RWJ	Aug 11, 2017	62.19	May 12, 2017	65.41	-4.922798	64.65	-3.805107
18	IBM	Aug 11, 2017	141.84	May 12, 2017	148.8	-4.6774216	143.64	-1.2531357
19	STCEX	today	10.82	May 15, 2017	11.34	-4.585541	11.06	-2.1699905
20	CHTTX	today	40.78	May 15, 2017	42.72	-4.5412064	42.63	-4.3396683
21	FCPEX	today	13.31	May 15, 2017	13.85	-3.8989182	13.78	-3.410736
22	ERUS	Aug 11, 2017	30.01	May 12, 2017	31.15	-3.659706	30.25	-0.79338837
23	FSDCX	today	33.42	May 15, 2017	34.67	-3.605423	34.31	-2.5940094
24	EWZ	Aug 11, 2017	38.0	May 12, 2017	39.42	-3.602234	38.3	-0.78328705
25	FSRPX	today	118.1	May 15, 2017	121.87	-3.09346	120.95	-2.3563461	*P*
26	JASCX	today	33.33	May 15, 2017	34.26	-2.7145233	34.31	-2.856308
27	RSX	Aug 11, 2017	19.96	May 12, 2017	20.46	-2.4437866	20.12	-0.7952423
28	IHE	Aug 11, 2017	148.15	May 12, 2017	151.76	-2.3787537	151.97	-2.5136566
29	FDCPX	today	86.3	May 15, 2017	88.4	-2.3755646	88.68	-2.6838074	*P*
30	JQC	Aug 11, 2017	8.46	May 12, 2017	8.66	-2.3094635	8.56	-1.1682281
31	FLSAX	today	51.46	May 15, 2017	52.58	-2.1300888	52.57	-2.111473
32	ANFVX	today	25.9	May 15, 2017	26.45	-2.079399	26.52	-2.33786	*BT*
33	RSXJ	Aug 11, 2017	39.76	May 12, 2017	40.58	-2.0207138	40.04	-0.6993027
34	SHOP	Aug 11, 2017	91.71	May 12, 2017	93.58	-1.998291	96.28	-4.7465744
35	KRE	Aug 11, 2017	52.27	May 12, 2017	53.33	-1.9876251	54.98	-4.929062
36	RYURX	today	67.71	May 15, 2017	69.06	-1.9548187	66.67	1.5599213
37	PKB	Aug 11, 2017	29.08	May 12, 2017	29.62	-1.8230972	29.64	-1.8893356
38	POGSX	today	60.14	May 15, 2017	61.21	-1.7480774	61.5	-2.2113876
39	NOSGX	today	23.4	May 15, 2017	23.8	-1.6806717	24.07	-2.7835464
40	FSHOX	today	61.97	May 15, 2017	63.02	-1.6661377	62.97	-1.5880585
41	FDFAX	today	97.25	May 15, 2017	98.86	-1.6285629	98.84	-1.6086578	*P*
42	GSSUX	today	59.89	May 15, 2017	60.88	-1.626152	61.5	-2.6178894
43	FDSCX	today	26.1	May 15, 2017	26.49	-1.4722519	26.8	-2.6119385
44	FSOPX	today	13.98	May 15, 2017	14.18	-1.4104462	14.35	-2.5783997
45	JDSNX	today	22.34	May 15, 2017	22.65	-1.3686523	22.88	-2.360138	*BT*
46	BRSVX	today	23.88	May 15, 2017	24.21	-1.3630753	24.59	-2.8873596
47	PSCM	Aug 11, 2017	44.42	May 12, 2017	45.02	-1.3327484	46.13	-3.7069168
48	FSOFX	today	14.07	May 15, 2017	14.26	-1.3324051	14.44	-2.5623245
49	CXXRX	today	23.76	May 15, 2017	24.08	-1.3289032	24.43	-2.7425308	*BT*
50	SSSFX	today	23.74	May 15, 2017	24.05	-1.2889786	24.24	-2.062706
51	IJS	Aug 11, 2017	135.61	May 12, 2017	137.28	-1.2164917	139.57	-2.837288
52	FPHAX	today	18.46	May 15, 2017	18.68	-1.1777344	18.78	-1.703949
53	LEXCX	today	33.5	May 15, 2017	33.86	-1.0632019	33.76	-0.7701416
54	EES	Aug 11, 2017	31.84	May 12, 2017	32.16	-0.99502563	32.74	-2.7489395
55	OIL	Aug 11, 2017	5.13	May 12, 2017	5.18	-0.9652405	5.2	-1.3461456	*P*
56	FDLSX	today	155.34	May 15, 2017	156.82	-0.94376373	158.46	-1.968956
57	RYTRX	today	13.7	May 15, 2017	13.83	-0.9399872	14.01	-2.2127075	*BT*
58	FDEGX	today	37.04	May 15, 2017	37.39	-0.9360733	37.74	-1.8547974	*P*
59	SLYV	Aug 11, 2017	115.54	May 12, 2017	116.63	-0.93457794	118.98	-2.891243
60	FSCRX	today	30.07	May 15, 2017	30.35	-0.9225693	30.89	-2.6545792
61	USAGX	today	13.0	May 15, 2017	13.12	-0.9146347	12.52	3.8338623
62	FAGKX	today	37.32	May 15, 2017	37.66	-0.9028168	38.02	-1.8411407
63	FSCDX	today	26.73	May 15, 2017	26.96	-0.8531189	27.48	-2.7292557
64	FLATX	today	23.63	May 15, 2017	23.83	-0.8392792	24.06	-1.7872009
65	POAGX	today	37.73	May 15, 2017	38.03	-0.7888489	38.86	-2.907875
66	FSCPX	today	38.32	May 15, 2017	38.61	-0.75109863	39.02	-1.793953
67	FCYIX	today	33.15	May 15, 2017	33.36	-0.6294937	33.69	-1.6028442
68	NAESX	today	63.77	May 15, 2017	64.15	-0.59236145	65.38	-2.4625244
69	FSLCX	today	18.59	May 15, 2017	18.7	-0.5882416	19.02	-2.2607803
70	QQQX	Aug 11, 2017	21.39	May 12, 2017	21.5	-0.5116272	22.04	-2.9491882
71	MVALX	today	39.38	May 15, 2017	39.53	-0.37945557	40.5	-2.7654266
72	FLVCX	today	36.27	May 15, 2017	36.4	-0.35714722	37.14	-2.3424835
73	FLCKX	today	36.35	May 15, 2017	36.48	-0.3563614	37.23	-2.3636856
74	FSRBX	today	31.8	May 15, 2017	31.91	-0.34472656	32.98	-3.5779266
75	IWM	Aug 11, 2017	136.47	May 12, 2017	136.92	-0.32865143	140.21	-2.6674347
76	FCVSX	today	27.61	May 15, 2017	27.7	-0.32491302	27.92	-1.1103134
77	PHK	Aug 11, 2017	8.45	May 12, 2017	8.47	-0.23613739	8.67	-2.5374908
78	FMEIX	today	14.75	May 15, 2017	14.78	-0.20298004	15.05	-1.9933548
79	PENNX	today	11.31	May 15, 2017	11.33	-0.1765213	11.51	-1.7376175
80	FEQIX	today	58.93	May 15, 2017	59.0	-0.118644714	59.92	-1.6521988
81	FCPVX	today	18.83	May 15, 2017	18.85	-0.10610199	19.36	-2.7376022
82	FIRJX	today	49.75	May 15, 2017	49.75	0.0	49.75	0.0
83	VWNFX	today	36.95	May 15, 2017	36.94	0.027069092	37.56	-1.6240692
84	FSELX	today	103.48	May 15, 2017	103.41	0.06768799	105.77	-2.1650696	*P*
85	VEXMX	today	76.41	May 15, 2017	76.33	0.10481262	78.26	-2.3639145
86	SPHIX	today	8.91	May 15, 2017	8.9	0.11236572	8.99	-0.8898773
87	FNMIX	today	16.26	May 15, 2017	16.24	0.12315369	16.35	-0.5504608
88	VEXAX	today	76.38	May 15, 2017	76.28	0.13109589	78.23	-2.36483	*P*
89	FSEMX	today	57.97	May 15, 2017	57.88	0.15549469	59.38	-2.3745346
90	FSEVX	today	57.98	May 15, 2017	57.88	0.17276764	59.39	-2.3741379
91	VB	Aug 11, 2017	133.13	May 12, 2017	132.9	0.17306519	136.33	-2.3472443
92	FCSFX	today	5.25	May 15, 2017	5.24	0.19084167	5.25	0.0
93	FSMVX	today	25.9	May 15, 2017	25.85	0.19342041	26.4	-1.8939362
94	FMIMX	today	27.18	May 15, 2017	27.12	0.22123718	27.59	-1.4860458
95	FSCFX	today	14.11	May 15, 2017	14.07	0.2842865	14.46	-2.4204712
96	FGRIX	today	34.64	May 15, 2017	34.54	0.28951263	35.27	-1.7862244
97	FCNVX	today	10.04	May 15, 2017	10.01	0.29969025	10.04	0.0
98	VICEX	today	29.64	May 15, 2017	29.53	0.37248993	30.11	-1.5609436
99	SHY	Aug 11, 2017	84.66	May 12, 2017	84.34	0.37943268	84.5	0.18935394
100	FCSSX	today	5.19	May 15, 2017	5.17	0.38684845	5.19	0.0
101	USO	Aug 11, 2017	9.99	May 12, 2017	9.95	0.40200806	10.13	-1.3820343
102	FFXSX	today	9.98	May 15, 2017	9.94	0.4024124	9.97	0.10028839
103	FSLEX	today	24.22	May 15, 2017	24.12	0.41458893	24.75	-2.1414185
104	FGIKX	today	34.61	May 15, 2017	34.46	0.4352951	35.24	-1.7877426
105	DODGX	today	192.52	May 15, 2017	191.66	0.4487152	195.93	-1.7404175
106	PCRIX	today	6.66	May 15, 2017	6.63	0.45248413	6.65	0.15036774	*BT*
107	FEIKX	today	58.9	May 15, 2017	58.63	0.46051788	59.89	-1.6530304
108	FSHBX	today	8.64	May 15, 2017	8.6	0.4651184	8.63	0.11588287
109	VSGBX	today	10.72	May 15, 2017	10.67	0.4685974	10.71	0.09337616
110	VIMSX	today	38.74	May 15, 2017	38.53	0.5450363	39.53	-1.9984741
111	VFIIX	today	10.56	May 15, 2017	10.5	0.5714264	10.55	0.09477997
112	PYVLX	today	15.77	May 15, 2017	15.68	0.57398224	16.0	-1.4375
113	NHINX	today	8.73	May 15, 2017	8.68	0.57603455	8.81	-0.9080734
114	FSBAX	today	10.44	May 15, 2017	10.38	0.57803345	10.42	0.19194031
115	RFV	Aug 11, 2017	61.44	May 12, 2017	61.08	0.589386	63.83	-3.7443314
116	JNK	Aug 11, 2017	36.77	May 12, 2017	36.55	0.6019211	37.22	-1.2090302
117	FGMNX	today	11.47	May 15, 2017	11.4	0.61403656	11.46	0.087265015
118	FMILX	today	38.74	May 15, 2017	38.5	0.62338257	39.64	-2.2704315
119	FSHFX	today	9.64	May 15, 2017	9.58	0.62631226	9.72	-0.8230438
120	FXZ	Aug 11, 2017	37.78	May 12, 2017	37.54	0.6393051	38.6	-2.1243515
121	USSTX	today	10.51	May 15, 2017	10.44	0.6705017	10.5	0.09523773
122	VEVRX	today	37.81	May 15, 2017	37.55	0.69241333	38.5	-1.7922058	*BT**P*
123	ICF	Aug 11, 2017	99.63	May 12, 2017	98.94	0.6973877	101.78	-2.1124039
124	BSV	Aug 11, 2017	80.05	May 12, 2017	79.49	0.7045059	79.92	0.16267395	*P*
125	TWEBX	today	22.58	May 15, 2017	22.42	0.71364594	22.96	-1.6550446
126	PRFSX	today	5.64	May 15, 2017	5.6	0.7142868	5.63	0.1776123
127	PGNDX	today	11.15	May 15, 2017	11.07	0.7226715	11.14	0.089767456
128	VGHCX	today	205.93	May 15, 2017	204.39	0.75346375	209.63	-1.7650223
129	FSTGX	today	10.56	May 15, 2017	10.48	0.7633667	10.53	0.2849121
130	VGHAX	today	86.87	May 15, 2017	86.21	0.7655716	88.43	-1.7641068
131	CDSIX	today	16.23	May 15, 2017	16.1	0.80744934	16.22	0.061653137	*BT*
132	FFIPX	today	9.94	May 15, 2017	9.86	0.8113632	9.91	0.30271912
133	FSIPX	today	9.93	May 15, 2017	9.85	0.8121872	9.9	0.30303955
134	FHIFX	today	8.66	May 15, 2017	8.59	0.81490326	8.73	-0.8018341
135	VMLTX	today	11.03	May 15, 2017	10.94	0.8226776	11.02	0.09074402
136	FBCVX	today	18.36	May 15, 2017	18.21	0.8237381	18.65	-1.5549545	*P*
137	FDGKX	today	34.84	May 15, 2017	34.55	0.8393631	35.27	-1.219162
138	BTTTX	today	104.5	May 15, 2017	103.63	0.83953094	104.24	0.24942017
139	SEQUX	today	174.8	May 15, 2017	173.34	0.8422699	178.78	-2.2261963
140	FLCSX	today	30.91	May 15, 2017	30.65	0.8482971	31.49	-1.8418579
141	FEQTX	today	27.86	May 15, 2017	27.62	0.86894226	28.34	-1.693718
142	FSAGX	today	20.74	May 15, 2017	20.56	0.8754883	20.0	3.699997	*P*
143	FSLVX	today	19.43	May 15, 2017	19.26	0.8826599	19.73	-1.5205231
144	FMSFX	today	11.3	May 15, 2017	11.2	0.89286804	11.29	0.08856964
145	FDVLX	today	117.48	May 15, 2017	116.43	0.9018326	119.85	-1.9774704
146	FSCGX	today	40.06	May 15, 2017	39.7	0.9067993	40.71	-1.5966568
147	FMCSX	today	36.4	May 15, 2017	36.07	0.9148941	37.23	-2.2293777
148	FVLKX	today	117.64	May 15, 2017	116.57	0.9179001	120.01	-1.9748383
149	FFRHX	today	9.66	May 15, 2017	9.57	0.94044495	9.68	-0.20661163
150	FKMCX	today	36.42	May 15, 2017	36.08	0.94233704	37.24	-2.2019424
151	FSTFX	today	10.63	May 15, 2017	10.53	0.9496689	10.61	0.18850708
152	DODFX	today	44.52	May 15, 2017	44.1	0.95238495	45.84	-2.8795776
153	FEDCX	today	10.33	May 15, 2017	10.23	0.9775162	10.38	-0.48169708
154	FSAVX	today	35.26	May 15, 2017	34.91	1.0025711	35.8	-1.5083847
155	VWNDX	today	22.04	May 15, 2017	21.82	1.0082626	22.46	-1.8699799
156	FTHRX	today	10.94	May 15, 2017	10.83	1.0157013	10.92	0.18314362
157	RWX	Aug 11, 2017	38.68	May 12, 2017	38.29	1.0185394	39.35	-1.7026672
158	FIPAX	today	11.9	May 15, 2017	11.78	1.0186768	11.86	0.337265
159	FASIX	today	13.48	May 15, 2017	13.34	1.049469	13.52	-0.29586792
160	FIVLX	today	8.65	May 15, 2017	8.56	1.0513916	8.87	-2.480278
161	FPIOX	today	9.57	May 15, 2017	9.47	1.055954	9.65	-0.82901764
162	FEXPX	today	22.63	May 15, 2017	22.39	1.071907	22.94	-1.3513565
163	IEI	Aug 11, 2017	124.36	May 12, 2017	123.04	1.0728226	123.88	0.3874817
164	FIAFX	today	11.12	May 15, 2017	11.0	1.0909119	11.18	-0.5366745	*BT*
165	DBC	Aug 11, 2017	14.78	May 12, 2017	14.62	1.0943909	14.82	-0.2699051
166	TIP	Aug 11, 2017	114.27	May 12, 2017	113.01	1.1149445	113.63	0.5632248
167	FEXKX	today	22.6	May 15, 2017	22.35	1.1185608	22.91	-1.3531189
168	FFFAX	today	11.73	May 15, 2017	11.6	1.1206894	11.79	-0.50891113
169	FSDIX	today	15.26	May 15, 2017	15.09	1.1265717	15.43	-1.1017532
170	FLVEX	today	12.41	May 15, 2017	12.27	1.1409912	12.62	-1.6640244	*P*
171	OWSMX	today	16.76	May 15, 2017	16.57	1.1466522	17.01	-1.4697266
172	HLPPX	today	14.61	May 15, 2017	14.44	1.1772842	14.87	-1.7484894
173	FINVX	today	10.31	May 15, 2017	10.19	1.1776352	10.58	-2.551979
174	FIRMX	today	60.79	May 15, 2017	60.08	1.1817551	61.09	-0.4910736
175	FIRNX	today	61.01	May 15, 2017	60.29	1.1942291	61.3	-0.4730835
176	FIKFX	today	11.78	May 15, 2017	11.64	1.2027359	11.82	-0.33840942
177	FIRPX	today	64.23	May 15, 2017	63.46	1.2133713	64.6	-0.5727463
178	FVDFX	today	27.45	May 15, 2017	27.12	1.2168198	27.88	-1.5423203
179	FIROX	today	63.15	May 15, 2017	62.39	1.2181549	63.51	-0.5668335
180	ACITX	today	11.63	May 15, 2017	11.49	1.2184525	11.59	0.3451233
181	PRTIX	today	5.81	May 15, 2017	5.74	1.2195129	5.78	0.5190277
182	VIPSX	today	13.23	May 15, 2017	13.07	1.2241745	13.17	0.45558167
183	FCSTX	today	10.71	May 15, 2017	10.58	1.2287369	10.69	0.18709564
184	FVDKX	today	27.46	May 15, 2017	27.12	1.2536774	27.89	-1.5417709
185	VFITX	today	11.27	May 15, 2017	11.13	1.2578583	11.23	0.35620117
186	FINPX	today	12.06	May 15, 2017	11.91	1.2594452	12.01	0.41632843
187	FSRRX	today	8.79	May 15, 2017	8.68	1.2672806	8.81	-0.22702026
188	PRIPX	today	11.96	May 15, 2017	11.81	1.2701035	11.91	0.4198227
189	FFVNX	today	10.34	May 15, 2017	10.21	1.273262	10.6	-2.452835
190	FVIIX	today	10.33	May 15, 2017	10.2	1.2745132	10.3	0.2912674	*BT*
191	FGOVX	today	10.32	May 15, 2017	10.19	1.2757645	10.29	0.29153442
192	PRRDX	today	11.05	May 15, 2017	10.91	1.283226	11.01	0.36330414
193	DODIX	today	13.85	May 15, 2017	13.67	1.3167496	13.87	-0.14418793
194	FICNX	today	11.5	May 15, 2017	11.35	1.321579	11.48	0.17422485
195	PFODX	today	10.63	May 15, 2017	10.49	1.33461	10.6	0.2830124
196	FFIVX	today	12.11	May 15, 2017	11.95	1.338913	12.19	-0.6562805	*BT*
197	USVAX	today	11.35	May 15, 2017	11.2	1.3392944	11.34	0.08818817
198	FIRRX	today	60.48	May 15, 2017	59.68	1.3404846	60.94	-0.75483704
199	FEMEX	today	9.07	May 15, 2017	8.95	1.3407822	9.23	-1.7334747
200	FFKAX	today	12.05	May 15, 2017	11.89	1.3456726	12.1	-0.41322327
201	VAW	Aug 11, 2017	120.4	May 12, 2017	118.8	1.3468018	123.12	-2.2092285
202	FASMX	today	17.99	May 15, 2017	17.75	1.3521042	18.16	-0.9361267
203	SWRSX	today	11.15	May 15, 2017	11.0	1.3636322	11.1	0.45044708
204	FCIFX	today	12.57	May 15, 2017	12.4	1.370964	12.68	-0.86750793	*BT*
205	VO	Aug 11, 2017	141.88	May 12, 2017	139.95	1.3790741	144.54	-1.8403091
206	FJIFX	today	13.19	May 15, 2017	13.01	1.3835449	13.26	-0.5279083
207	FBIDX	today	11.67	May 15, 2017	11.51	1.3900986	11.66	0.08576965
208	FBNDX	today	7.95	May 15, 2017	7.84	1.4030609	7.95	0.0
209	VBMFX	today	10.83	May 15, 2017	10.68	1.4044876	10.81	0.18501282
210	FETKX	today	27.86	May 15, 2017	27.47	1.4197388	28.34	-1.693718
211	FIRSX	today	63.98	May 15, 2017	63.08	1.4267578	64.56	-0.8983841
212	USNYX	today	12.03	May 15, 2017	11.86	1.4333878	12.02	0.08318329
213	FFVIX	today	12.73	May 15, 2017	12.55	1.4342575	12.87	-1.0877991	*BT*
214	FIRUX	today	64.51	May 15, 2017	63.59	1.4467697	65.13	-0.9519348
215	FFKVX	today	13.3	May 15, 2017	13.11	1.4492722	13.39	-0.672142
216	SMTFX	today	10.46	May 15, 2017	10.31	1.4548874	10.46	0.0
217	FFFVX	today	12.44	May 15, 2017	12.26	1.4681854	12.52	-0.6389847
218	FFFCX	today	15.87	May 15, 2017	15.64	1.4705887	16.02	-0.9363327
219	JPI	Aug 11, 2017	24.82	May 12, 2017	24.46	1.4717941	25.1	-1.1155396
220	TGFNX	today	11.03	May 15, 2017	10.87	1.4719391	11.0	0.27272797
221	OAKBX	today	32.33	May 15, 2017	31.86	1.4752045	32.8	-1.4329224
222	FIRVX	today	62.16	May 15, 2017	61.24	1.5022888	62.83	-1.0663757
223	REACX	today	28.24	May 15, 2017	27.82	1.5097046	28.82	-2.0124893
224	FTBFX	today	10.73	May 15, 2017	10.57	1.5137177	10.72	0.09328461
225	PRVAX	today	12.07	May 15, 2017	11.89	1.5138779	12.06	0.08290863
226	FIGFX	today	12.68	May 15, 2017	12.49	1.5212173	12.96	-2.160492
227	BMBSX	today	12.0	May 15, 2017	11.82	1.52285	11.98	0.16695404
228	FKIFX	today	13.97	May 15, 2017	13.76	1.5261688	14.07	-0.7107239
229	FBALX	today	23.93	May 15, 2017	23.57	1.5273666	24.2	-1.1157074
230	FSDPX	today	83.08	May 15, 2017	81.83	1.5275574	84.83	-2.0629501	*P*
231	FFKCX	today	13.28	May 15, 2017	13.08	1.5290527	13.4	-0.8955231
232	FDKQX	today	11.22	May 15, 2017	11.05	1.5384674	11.44	-1.9230728	*BT*
233	XHB	Aug 11, 2017	38.13	May 12, 2017	37.55	1.5446091	38.85	-1.8532715
234	FIRWX	today	63.5	May 15, 2017	62.53	1.5512619	64.23	-1.1365509
235	FDIFX	today	13.7	May 15, 2017	13.49	1.5567093	13.87	-1.2256699	*BT*
236	KYTFX	today	7.81	May 15, 2017	7.69	1.560463	7.79	0.25674438
237	FSITX	today	11.67	May 15, 2017	11.49	1.5665741	11.65	0.17167664
238	FITWX	today	13.61	May 15, 2017	13.4	1.5671616	13.79	-1.3052979	*BT*
239	TGMNX	today	10.36	May 15, 2017	10.2	1.5686264	10.33	0.29042053
240	FTANX	today	10.99	May 15, 2017	10.82	1.571167	11.04	-0.45289612
241	FIXRX	today	63.78	May 15, 2017	62.79	1.576683	64.52	-1.1469269
242	PRTAX	today	10.21	May 15, 2017	10.05	1.592041	10.2	0.09803772
243	MDXBX	today	10.83	May 15, 2017	10.66	1.5947495	10.82	0.092422485
244	RSP	Aug 11, 2017	92.28	May 12, 2017	90.83	1.5963898	93.86	-1.6833572
245	FRESX	today	41.97	May 15, 2017	41.31	1.5976791	42.82	-1.9850464
246	FEFIX	today	14.61	May 15, 2017	14.38	1.5994415	14.86	-1.682373	*P*
247	FHFIX	today	12.7	May 15, 2017	12.5	1.6000061	12.95	-1.9304962	*BT*
248	PYZ	Aug 11, 2017	60.68	May 12, 2017	59.72	1.6074982	62.52	-2.9430542
249	FIFFX	today	15.13	May 15, 2017	14.89	1.6118164	15.42	-1.8806763	*BT*
250	FUSEX	today	85.53	May 15, 2017	84.17	1.6157761	86.86	-1.5312042
251	FFVFX	today	13.12	May 15, 2017	12.91	1.626648	13.26	-1.055809
252	NOITX	today	10.6	May 15, 2017	10.43	1.6299133	10.58	0.18904114
253	PEQKX	today	34.27	May 15, 2017	33.72	1.6310806	34.89	-1.777008	*BT*
254	FFFDX	today	16.1	May 15, 2017	15.84	1.6414185	16.3	-1.2269821
255	PLMDX	today	9.26	May 15, 2017	9.11	1.646553	9.28	-0.21551514
256	FFFIX	today	11.71	May 15, 2017	11.52	1.6492996	11.94	-1.9263	*BT*
257	FIMIX	today	11.69	May 15, 2017	11.5	1.6521683	11.67	0.17137146
258	FITHX	today	14.15	May 15, 2017	13.92	1.652298	14.42	-1.872406	*BT*
259	FLTMX	today	10.45	May 15, 2017	10.28	1.6536942	10.43	0.19174957
260	FFFPX	today	11.66	May 15, 2017	11.47	1.6564941	11.88	-1.85186	*BT*
261	FFIGX	today	15.28	May 15, 2017	15.03	1.6633377	15.62	-2.1766968
262	USTEX	today	13.43	May 15, 2017	13.21	1.6654053	13.42	0.0745163
263	FIGSX	today	15.24	May 15, 2017	14.99	1.6677704	15.58	-2.1822891
264	FKVFX	today	14.0	May 15, 2017	13.77	1.6702881	14.15	-1.0600662
265	VBIIX	today	11.51	May 15, 2017	11.32	1.6784515	11.49	0.17407227
266	FLIFX	today	14.52	May 15, 2017	14.28	1.6806717	14.65	-0.88736725
267	FFANX	today	11.48	May 15, 2017	11.29	1.6828995	11.57	-0.7778778
268	FIBAX	today	10.87	May 15, 2017	10.69	1.6838226	10.82	0.46211243
269	VBTLX	today	10.83	May 15, 2017	10.65	1.6901474	10.81	0.18501282
270	YAFFX	today	21.63	May 15, 2017	21.27	1.6925201	21.86	-1.0521622
271	FFKDX	today	14.98	May 15, 2017	14.73	1.6972198	15.16	-1.1873398
272	FSIGX	today	11.33	May 15, 2017	11.14	1.7055664	11.32	0.08834839
273	NOTEX	today	10.73	May 15, 2017	10.55	1.7061615	10.72	0.09328461
274	FSCHX	today	161.94	May 15, 2017	159.22	1.7083282	166.15	-2.533844
275	VTSMX	today	60.83	May 15, 2017	59.8	1.7224045	61.87	-1.6809387
276	SWNTX	today	11.8	May 15, 2017	11.6	1.7241364	11.78	0.16977692
277	PRNYX	today	11.73	May 15, 2017	11.53	1.7346039	11.71	0.17079163
278	NCATX	today	11.71	May 15, 2017	11.51	1.7376175	11.69	0.17108917
279	VTSAX	today	60.86	May 15, 2017	59.82	1.7385483	61.9	-1.68013
280	PRF	Aug 11, 2017	103.57	May 12, 2017	101.8	1.7387009	105.19	-1.5400696
281	FKTWX	today	15.78	May 15, 2017	15.51	1.7408142	15.99	-1.313324
282	USCBX	today	11.1	May 15, 2017	10.91	1.7415314	11.09	0.090171814
283	GASFX	today	30.14	May 15, 2017	29.62	1.7555695	30.51	-1.2127228
284	GTFBX	today	11.58	May 15, 2017	11.38	1.7574692	11.56	0.17301178
285	FFTWX	today	13.89	May 15, 2017	13.65	1.7582397	14.08	-1.3494339
286	FSTMX	today	70.36	May 15, 2017	69.14	1.764534	71.56	-1.6769104
287	SMDMX	today	11.46	May 15, 2017	11.26	1.7761917	11.44	0.1748352
288	VWELX	today	41.2	May 15, 2017	40.48	1.7786636	41.56	-0.86621857
289	FSTVX	today	70.37	May 15, 2017	69.14	1.779007	71.57	-1.6766815
290	FVSAX	today	18.85	May 15, 2017	18.52	1.7818604	19.2	-1.8229218
291	BCITX	today	11.98	May 15, 2017	11.77	1.784195	11.95	0.25104523
292	YACKX	today	23.29	May 15, 2017	22.88	1.7919693	23.48	-0.80918884
293	FFSMX	today	70.38	May 15, 2017	69.14	1.793457	71.58	-1.6764526
294	FIBFX	today	11.34	May 15, 2017	11.14	1.7953262	11.32	0.17668152
295	PRNHX	today	51.01	May 15, 2017	50.11	1.7960434	52.12	-2.1297073
296	VCAIX	today	11.88	May 15, 2017	11.67	1.7994843	11.85	0.2531662
297	FPIFX	today	15.19	May 15, 2017	14.92	1.8096466	15.34	-0.9778366
298	DRTAX	today	11.81	May 15, 2017	11.6	1.8103485	11.8	0.084747314
299	FPXTX	today	11.23	May 15, 2017	11.03	1.8132324	11.2	0.26785278
300	FFKEX	today	16.26	May 15, 2017	15.97	1.8159027	16.53	-1.6333923
301	BND	Aug 11, 2017	82.14	May 12, 2017	80.67	1.8222427	81.97	0.20738983
302	FGDKX	today	30.72	May 15, 2017	30.17	1.822998	32.08	-4.2394104
303	FDSVX	today	30.7	May 15, 2017	30.15	1.8242111	32.05	-4.212166
304	FMHTX	today	12.27	May 15, 2017	12.05	1.8257294	12.25	0.16326904
305	FFFEX	today	17.26	May 15, 2017	16.95	1.8289108	17.55	-1.6524124
306	FFKHX	today	17.75	May 15, 2017	17.43	1.8359222	18.1	-1.9337082
307	FSAZX	today	12.18	May 15, 2017	11.96	1.8394699	12.16	0.16447449
308	FFTHX	today	14.39	May 15, 2017	14.13	1.8400574	14.67	-1.9086533
309	FQIFX	today	16.05	May 15, 2017	15.76	1.8400879	16.23	-1.1090546
310	NTFIX	today	11.58	May 15, 2017	11.37	1.8469696	11.56	0.17301178
311	FFKGX	today	17.61	May 15, 2017	17.29	1.8507843	17.95	-1.8941498
312	AGTHX	today	47.87	May 15, 2017	47.0	1.851059	48.84	-1.986084
313	FKTHX	today	17.04	May 15, 2017	16.73	1.8529663	17.37	-1.899826
314	FSRFX	today	92.76	May 15, 2017	91.07	1.8557205	93.58	-0.8762512
315	VEIPX	today	34.54	May 15, 2017	33.91	1.8578644	34.97	-1.2296295
316	FFFHX	today	11.48	May 15, 2017	11.27	1.8633499	11.7	-1.8803406
317	FFFGX	today	11.42	May 15, 2017	11.21	1.8733292	11.64	-1.8900375
318	PRINX	today	11.95	May 15, 2017	11.73	1.875534	11.94	0.08375549
319	FZAAX	today	21.18	May 15, 2017	20.79	1.8759003	21.42	-1.1204453	*BT*
320	FLCEX	today	13.56	May 15, 2017	13.31	1.8782883	13.76	-1.4534912
321	FIEUX	today	39.9	May 15, 2017	39.16	1.889679	40.83	-2.2777405
322	NCITX	today	10.78	May 15, 2017	10.58	1.890358	10.76	0.18586731
323	FTFMX	today	13.37	May 15, 2017	13.12	1.9054871	13.35	0.14981079
324	FPCIX	today	10.67	May 15, 2017	10.47	1.9102249	10.65	0.18780518
325	FFKFX	today	17.07	May 15, 2017	16.75	1.9104462	17.4	-1.896553
326	FOHFX	today	12.25	May 15, 2017	12.02	1.913475	12.23	0.16352844
327	FFFFX	today	10.1	May 15, 2017	9.91	1.9172516	10.3	-1.9417496
328	BCLTX	today	11.68	May 15, 2017	11.46	1.9197235	11.67	0.08568573
329	FFNOX	today	41.86	May 15, 2017	41.07	1.9235458	42.5	-1.5058823
330	FSANX	today	12.17	May 15, 2017	11.94	1.9263	12.31	-1.137291
331	GABUX	today	9.52	May 15, 2017	9.34	1.9272003	9.63	-1.1422577
332	FDSSX	today	41.23	May 15, 2017	40.45	1.9283066	42.05	-1.950058
333	PRXCX	today	11.59	May 15, 2017	11.37	1.9349213	11.57	0.17286682
334	FPURX	today	22.54	May 15, 2017	22.11	1.9448242	22.79	-1.0969696
335	PRFHX	today	12.05	May 15, 2017	11.82	1.9458542	12.03	0.16625214
336	FNCMX	today	82.55	May 15, 2017	80.97	1.9513397	84.19	-1.9479752	*P*
337	FSSKX	today	41.26	May 15, 2017	40.47	1.9520493	42.08	-1.9486771
338	MNBAX	today	17.74	May 15, 2017	17.4	1.9540176	17.91	-0.94918823
339	FBAKX	today	23.93	May 15, 2017	23.47	1.9599533	24.2	-1.1157074
340	VWINX	today	26.44	May 15, 2017	25.93	1.966835	26.56	-0.4518051
341	FSAEX	today	12.93	May 15, 2017	12.68	1.971611	13.15	-1.6730042
342	GTSGX	today	9.3	May 15, 2017	9.12	1.9736862	9.41	-1.1689682
343	FSFFX	today	12.91	May 15, 2017	12.66	1.9747238	13.13	-1.6755524
344	VNQ	Aug 11, 2017	82.1	May 12, 2017	80.51	1.9749069	83.98	-2.2386322
345	USATX	today	13.36	May 15, 2017	13.1	1.984726	13.33	0.22505188
346	NOAZX	today	10.74	May 15, 2017	10.53	1.9943008	10.72	0.18656158
347	FDMMX	today	12.26	May 15, 2017	12.02	1.9966736	12.24	0.16339874
348	FXIFX	today	16.73	May 15, 2017	16.4	2.0121918	16.96	-1.3561325
349	FASGX	today	21.7	May 15, 2017	21.27	2.0216217	22.0	-1.3636322
350	FSICX	today	11.1	May 15, 2017	10.88	2.0220642	11.11	-0.09000397
351	LQD	Aug 11, 2017	120.49	May 12, 2017	118.09	2.0323486	120.74	-0.20705414
352	PRFDX	today	33.07	May 15, 2017	32.41	2.0364075	33.65	-1.7236328
353	TIXRX	today	10.51	May 15, 2017	10.3	2.0388336	10.48	0.28627014
354	PAUDX	today	8.94	May 15, 2017	8.76	2.0547867	9.01	-0.77692413
355	FDCAX	today	35.41	May 15, 2017	34.69	2.075531	36.3	-2.4517899
356	FBIFX	today	17.66	May 15, 2017	17.3	2.0809326	17.95	-1.6156006
357	VFINX	today	225.88	May 15, 2017	221.27	2.083435	229.39	-1.5301437
358	FIHFX	today	17.55	May 15, 2017	17.19	2.0942307	17.83	-1.5703888
359	VOHIX	today	12.65	May 15, 2017	12.39	2.098465	12.63	0.15834808
360	EIERX	today	16.95	May 15, 2017	16.6	2.108429	17.26	-1.796051	*BT*
361	FCSAX	today	16.94	May 15, 2017	16.59	2.109703	17.22	-1.6260071
362	VFIAX	today	225.91	May 15, 2017	221.24	2.1108246	229.42	-1.5299454	*P*
363	FIPFX	today	17.87	May 15, 2017	17.5	2.114296	18.17	-1.6510696
364	FIOFX	today	17.79	May 15, 2017	17.42	2.1240005	18.08	-1.603981
365	FUSVX	today	85.55	May 15, 2017	83.77	2.1248703	86.88	-1.530838
366	XLB	Aug 11, 2017	53.48	May 12, 2017	52.36	2.1390305	54.58	-2.015396	*P*
367	IVV	Aug 11, 2017	245.72	May 12, 2017	240.57	2.140747	249.06	-1.3410416
368	BULIX	today	18.55	May 15, 2017	18.16	2.147583	18.77	-1.1720886
369	VHDYX	today	31.14	May 15, 2017	30.48	2.1653519	31.51	-1.1742325
370	FSLSX	today	41.74	May 15, 2017	40.85	2.1787033	42.63	-2.0877304
371	FLGEX	today	17.3	May 15, 2017	16.93	2.185463	17.52	-1.2557144
372	VIS	Aug 11, 2017	127.46	May 12, 2017	124.73	2.1887207	129.62	-1.6664124
373	FCTFX	today	13.05	May 15, 2017	12.77	2.1926422	13.03	0.15349579
374	VPAIX	today	11.65	May 15, 2017	11.4	2.1929855	11.63	0.17195892
375	FFGCX	today	11.62	May 15, 2017	11.37	2.1987686	11.9	-2.3529434
376	PASDX	today	12.0	May 15, 2017	11.74	2.2146606	12.1	-0.82644653
377	JATTX	today	26.67	May 15, 2017	26.09	2.2230759	27.25	-2.1284409
378	FVSKX	today	41.73	May 15, 2017	40.82	2.2292938	42.62	-2.0882187
379	FILFX	today	10.9	May 15, 2017	10.66	2.2514114	11.13	-2.0664902
380	VWLTX	today	11.7	May 15, 2017	11.44	2.272728	11.68	0.17123413
381	FCBFX	today	11.63	May 15, 2017	11.37	2.2867203	11.64	-0.08591461
382	ANDVX	today	17.4	May 15, 2017	17.01	2.2927628	17.68	-1.5837097	*BT*
383	JIGFX	today	30.67	May 15, 2017	29.98	2.3015366	31.65	-3.096367
384	BCHYX	today	10.62	May 15, 2017	10.38	2.3121338	10.61	0.09426117
385	PBDDX	today	10.61	May 15, 2017	10.37	2.3143616	10.62	-0.09416199
386	VTI	Aug 11, 2017	125.04	May 12, 2017	122.21	2.315689	126.91	-1.4734879
387	FTIEX	today	8.83	May 15, 2017	8.63	2.3174973	9.03	-2.2148361
388	FNJHX	today	11.83	May 15, 2017	11.56	2.3356323	11.78	0.4244461
389	ONEQ	Aug 11, 2017	246.2	May 12, 2017	240.58	2.3360138	249.87	-1.4687653
390	JPS	Aug 11, 2017	10.03	May 12, 2017	9.8	2.3469315	10.34	-2.9980698
391	RPMGX	today	86.23	May 15, 2017	84.25	2.350151	87.86	-1.855217
392	VIG	Aug 11, 2017	92.75	May 12, 2017	90.62	2.3504715	93.47	-0.7703018
393	FPUKX	today	22.53	May 15, 2017	22.01	2.362564	22.77	-1.0540161
394	FSRIX	today	12.55	May 15, 2017	12.26	2.3654099	12.57	-0.1591034	*BT*
395	HDOGX	today	14.19	May 15, 2017	13.86	2.3809586	14.27	-0.56062317
396	ROOF	Aug 11, 2017	26.64	May 12, 2017	26.02	2.382782	27.29	-2.3818283
397	FDIVX	today	39.36	May 15, 2017	38.44	2.393341	40.19	-2.0651855
398	FHIGX	today	13.26	May 15, 2017	12.95	2.3938293	13.22	0.30257416
399	DGRO	Aug 11, 2017	31.5	May 12, 2017	30.76	2.4057236	31.81	-0.9745331
400	FRIFX	today	12.31	May 15, 2017	12.02	2.4126434	12.38	-0.5654297
401	FDIKX	today	39.3	May 15, 2017	38.37	2.4237747	40.13	-2.068283
402	FDEQX	today	36.68	May 15, 2017	35.81	2.4294891	37.31	-1.6885605
403	VWAHX	today	11.38	May 15, 2017	11.11	2.430252	11.36	0.17606354
404	VMATX	today	10.85	May 15, 2017	10.59	2.4551544	10.83	0.18467712
405	FDEKX	today	36.64	May 15, 2017	35.76	2.460846	37.27	-1.6903687
406	PTTDX	today	10.34	May 15, 2017	10.09	2.477707	10.29	0.4859085
407	FOHIX	today	16.08	May 15, 2017	15.69	2.4856567	16.3	-1.3496857
408	FIDU	Aug 11, 2017	34.61	May 12, 2017	33.77	2.4874191	35.19	-1.6481857
409	PARWX	today	35.72	May 15, 2017	34.85	2.4964218	36.22	-1.380455
410	VCITX	today	12.22	May 15, 2017	11.92	2.5167847	12.19	0.24610901
411	FLPSX	today	54.01	May 15, 2017	52.68	2.5246735	54.72	-1.2975235
412	FLPKX	today	53.99	May 15, 2017	52.65	2.545105	54.7	-1.2979889
413	FTABX	today	11.59	May 15, 2017	11.3	2.5663757	11.57	0.17286682
414	VTRIX	today	37.17	May 15, 2017	36.23	2.5945282	37.92	-1.9778519
415	VUG	Aug 11, 2017	128.75	May 12, 2017	125.49	2.597824	130.31	-1.1971436
416	FSIIX	today	41.06	May 15, 2017	40.01	2.6243591	41.92	-2.0515213
417	FSHCX	today	89.56	May 15, 2017	87.26	2.6358032	91.14	-1.7336044
418	FBGRX	today	82.55	May 15, 2017	80.42	2.6486053	84.42	-2.2151108
419	SPY	Aug 11, 2017	244.12	May 12, 2017	237.82	2.6490555	247.41	-1.3297806	*P*
420	FSIVX	today	41.07	May 15, 2017	40.01	2.6493454	41.93	-2.0510406
421	VOO	Aug 11, 2017	224.23	May 12, 2017	218.42	2.6600113	227.26	-1.3332748	*P*
422	FZANX	today	31.02	May 15, 2017	30.21	2.6812286	31.64	-1.9595413	*BT*
423	FSCSX	today	152.76	May 15, 2017	148.76	2.6888962	154.87	-1.3624344	*P*
424	FWRLX	today	9.91	May 15, 2017	9.65	2.6943054	10.04	-1.2948227	*P*
425	EFA	Aug 11, 2017	65.95	May 12, 2017	64.2	2.725853	67.46	-2.2383728
426	FDYSX	today	9.42	May 15, 2017	9.17	2.7262802	9.52	-1.0504227
427	FUSIX	today	10.06	May 15, 2017	9.79	2.7579193	10.27	-2.0447922
428	VTV	Aug 11, 2017	97.04	May 12, 2017	94.42	2.7748337	98.48	-1.4622269
429	VGT	Aug 11, 2017	146.0	May 12, 2017	142.03	2.7951813	147.44	-0.9766693
430	QQQ	Aug 11, 2017	142.1	May 12, 2017	138.22	2.807129	143.65	-1.0790024
431	FDFFX	today	38.15	May 15, 2017	37.1	2.8301926	38.92	-1.9784088
432	VTMGX	today	13.44	May 15, 2017	13.07	2.8309097	13.73	-2.1121597
433	VGTSX	today	16.98	May 15, 2017	16.51	2.846756	17.37	-2.2452621
434	PCBIX	today	25.6	May 15, 2017	24.89	2.852562	26.07	-1.8028412	*BT**P*
435	FTEC	Aug 11, 2017	44.31	May 12, 2017	43.07	2.879036	44.75	-0.9832382
436	FSGFX	today	17.4	May 15, 2017	16.91	2.8976898	17.72	-1.8058624
437	FMAGX	today	97.66	May 15, 2017	94.88	2.9300232	99.62	-1.9674759
438	VTIAX	today	28.41	May 15, 2017	27.6	2.9347763	29.05	-2.2030945	*P*
439	VT	Aug 11, 2017	68.36	May 12, 2017	66.41	2.9363022	69.6	-1.7816086
440	FMGKX	today	97.54	May 15, 2017	94.75	2.9445877	99.51	-1.9797058
441	FTRNX	today	97.16	May 15, 2017	94.33	3.0001068	99.42	-2.273178
442	FSTCX	today	69.17	May 15, 2017	67.14	3.023529	69.85	-0.9735184
443	FOSFX	today	47.65	May 15, 2017	46.25	3.027031	48.57	-1.8941727
444	FOSKX	today	47.56	May 15, 2017	46.16	3.032936	48.49	-1.917923
445	FSGDX	today	12.73	May 15, 2017	12.35	3.076912	13.02	-2.2273483	*BT*
446	FSGEX	today	12.48	May 15, 2017	12.1	3.1404877	12.77	-2.270958
447	SCHF	Aug 11, 2017	32.15	May 12, 2017	31.17	3.1440506	32.86	-2.1606827
448	RTM	Aug 11, 2017	97.92	May 12, 2017	94.92	3.1605606	100.3	-2.3728867
449	EMLC	Aug 11, 2017	19.01	May 12, 2017	18.42	3.2030487	19.09	-0.41906738
450	EEMV	Aug 11, 2017	56.58	May 12, 2017	54.82	3.2105103	57.5	-1.5999985
451	SCHD	Aug 11, 2017	45.64	May 12, 2017	44.22	3.2112122	45.98	-0.7394562
452	VOOG	Aug 11, 2017	124.97	May 12, 2017	121.08	3.2127533	126.29	-1.0452118
453	FCPGX	today	23.44	May 15, 2017	22.71	3.2144547	24.24	-3.3003235	*P*
454	ACWV	Aug 11, 2017	80.17	May 12, 2017	77.66	3.2320251	80.75	-0.71826935
455	FIENX	today	9.53	May 15, 2017	9.23	3.2502747	9.72	-1.9547424
456	PRGTX	today	17.45	May 15, 2017	16.9	3.254448	17.79	-1.9111862
457	VEU	Aug 11, 2017	50.93	May 12, 2017	49.3	3.3062897	52.07	-2.1893616
458	VXUS	Aug 11, 2017	52.91	May 12, 2017	51.18	3.3802261	54.06	-2.127266
459	EEH	Aug 11, 2017	18.01	May 12, 2017	17.41	3.446289	18.15	-0.77134705
460	ANWPX	today	42.08	May 15, 2017	40.67	3.4669418	43.01	-2.1622772
461	FNORX	today	52.44	May 15, 2017	50.68	3.4727707	53.3	-1.6135101	*P*
462	XMPT	Aug 11, 2017	27.21	May 12, 2017	26.29	3.4994278	27.34	-0.47549438
463	FCNTX	today	117.13	May 15, 2017	113.16	3.5083084	119.39	-1.8929596	*P*
464	FEMSX	today	19.71	May 15, 2017	19.04	3.5189056	20.28	-2.8106537
465	FCNKX	today	117.11	May 15, 2017	113.11	3.536377	119.36	-1.8850555
466	FEMFX	today	19.77	May 15, 2017	19.09	3.5620804	20.34	-2.8023605
467	MLAIX	today	10.36	May 15, 2017	10.0	3.5999985	10.56	-1.8939514	*BT*
468	NBB	Aug 11, 2017	21.27	May 12, 2017	20.53	3.6044846	21.29	-0.093940735
469	VSS	Aug 11, 2017	109.96	May 12, 2017	106.05	3.686943	112.22	-2.0139008
470	FIVFX	today	19.67	May 15, 2017	18.97	3.6900406	20.08	-2.041832
471	PRPFX	today	40.39	May 15, 2017	38.95	3.697052	40.33	0.14875793
472	SPLV	Aug 11, 2017	45.13	May 12, 2017	43.5	3.7471313	45.5	-0.81318665	*P*
473	FWWFX	today	25.61	May 15, 2017	24.68	3.7682266	26.19	-2.2145844
474	FOCPX	today	104.79	May 15, 2017	100.97	3.7832947	107.3	-2.339241
475	WIP	Aug 11, 2017	57.43	May 12, 2017	55.3	3.8517227	57.02	0.71904755
476	PRGFX	today	65.1	May 15, 2017	62.68	3.860878	66.51	-2.1199875
477	FICDX	today	51.31	May 15, 2017	49.4	3.8664017	52.01	-1.3458939
478	FGBLX	today	24.9	May 15, 2017	23.97	3.87986	25.17	-1.0727081
479	NAD	Aug 11, 2017	14.19	May 12, 2017	13.66	3.8799438	14.25	-0.42105103
480	PRHSX	today	69.79	May 15, 2017	67.17	3.9005508	71.45	-2.3233032
481	FSAMX	today	10.38	May 15, 2017	9.99	3.9039001	10.67	-2.7179031
482	EWJ	Aug 11, 2017	54.07	May 12, 2017	52.03	3.9208145	55.14	-1.9405136
483	GWX	Aug 11, 2017	33.81	May 12, 2017	32.53	3.9348373	34.39	-1.6865311
484	FSPHX	today	220.55	May 15, 2017	212.19	3.939865	225.7	-2.281784	*P*
485	DIAX	Aug 11, 2017	16.58	May 12, 2017	15.95	3.9498444	16.89	-1.8354034
486	JPC	Aug 11, 2017	10.32	May 12, 2017	9.92	4.032257	10.65	-3.098587
487	FGCKX	today	166.59	May 15, 2017	160.13	4.034218	171.32	-2.7609253
488	RERGX	today	53.21	May 15, 2017	51.14	4.047714	54.58	-2.510086
489	OAKIX	today	27.39	May 15, 2017	26.32	4.065346	28.04	-2.3181229
490	FIGRX	today	44.18	May 15, 2017	42.45	4.075386	45.16	-2.1700592
491	FZAIX	today	44.06	May 15, 2017	42.33	4.086937	45.04	-2.1758423	*BT*
492	FIDKX	today	44.09	May 15, 2017	42.35	4.1086197	45.07	-2.1743927
493	FSMEX	today	45.18	May 15, 2017	43.35	4.221466	45.71	-1.1594849
494	JMIEX	today	26.73	May 15, 2017	25.64	4.2511673	27.4	-2.445259	*BT*
495	SWHFX	today	24.93	May 15, 2017	23.91	4.265999	25.24	-1.2282104
496	VWO	Aug 11, 2017	42.41	May 12, 2017	40.67	4.2783356	43.24	-1.9195251
497	ROBO	Aug 11, 2017	35.51	May 12, 2017	34.02	4.379776	36.09	-1.6070938
498	VBLTX	today	14.19	May 15, 2017	13.59	4.4150085	14.17	0.1411438
499	FBSOX	today	48.65	May 15, 2017	46.57	4.4664	49.37	-1.458374
500	FHLC	Aug 11, 2017	37.74	May 12, 2017	36.12	4.4850616	38.23	-1.2817078
501	PRULX	today	12.78	May 15, 2017	12.23	4.4971313	12.66	0.94786835
502	FTQGX	today	21.37	May 15, 2017	20.45	4.4987793	21.87	-2.2862396
503	FSPTX	today	168.43	May 15, 2017	161.15	4.5175323	172.38	-2.2914581	*P*
504	VWESX	today	10.54	May 15, 2017	10.08	4.563484	10.56	-0.18939972
505	XT	Aug 11, 2017	32.36	May 12, 2017	30.94	4.589531	32.9	-1.6413422
506	MOO	Aug 11, 2017	56.16	May 12, 2017	53.69	4.6004868	57.36	-2.0920486
507	EEM	Aug 11, 2017	42.92	May 12, 2017	41.03	4.606392	43.95	-2.3435745
508	VHT	Aug 11, 2017	145.61	May 12, 2017	139.19	4.6123962	147.41	-1.2210846
509	VFH	Aug 11, 2017	62.35	May 12, 2017	59.6	4.61409	64.12	-2.76046
510	FJPNX	today	13.93	May 15, 2017	13.31	4.6581497	14.28	-2.4509811
511	FSCOX	today	17.71	May 15, 2017	16.92	4.6690216	18.0	-1.6111145
512	FATIX	today	55.37	May 15, 2017	52.9	4.669174	56.69	-2.328453	*BT**P*
513	IBB	Aug 11, 2017	306.41	May 12, 2017	292.71	4.6804047	315.58	-2.905754
514	UGA	Aug 11, 2017	26.35	May 12, 2017	25.17	4.688118	26.82	-1.7524185
515	FNCL	Aug 11, 2017	36.27	May 12, 2017	34.64	4.705551	37.31	-2.7874603
516	FIUIX	today	26.78	May 15, 2017	25.57	4.732109	27.07	-1.0712891
517	FBMPX	today	83.17	May 15, 2017	79.39	4.761299	83.3	-0.1560669
518	FIDSX	today	102.87	May 15, 2017	98.19	4.7662735	105.28	-2.2891312
519	FSVLX	today	14.25	May 15, 2017	13.6	4.7794113	14.59	-2.3303604
520	FLBIX	today	13.25	May 15, 2017	12.64	4.8259506	13.13	0.9139404
521	VUSTX	today	12.38	May 15, 2017	11.81	4.826416	12.26	0.9787903
522	FLBAX	today	13.26	May 15, 2017	12.64	4.90506	13.13	0.9901047
523	DRA	Aug 11, 2017	17.74	May 12, 2017	16.91	4.908333	17.88	-0.78299713
524	FSEAX	today	39.75	May 15, 2017	37.89	4.908943	40.85	-2.6927795	*P*
525	FBIOX	today	209.1	May 15, 2017	199.31	4.911949	216.89	-3.5916824	*P*
526	JDD	Aug 11, 2017	12.6	May 12, 2017	12.01	4.9125824	13.05	-3.4482727
527	VPU	Aug 11, 2017	118.09	May 12, 2017	112.56	4.9129333	118.3	-0.17752075
528	FEMKX	today	28.79	May 15, 2017	27.43	4.958084	29.52	-2.4728928	*P*
529	FFSTX	today	17.27	May 15, 2017	16.45	4.9847946	17.56	-1.651474
530	FSTSX	today	17.23	May 15, 2017	16.41	4.996956	17.51	-1.5990906
531	THD	Aug 11, 2017	79.21	May 12, 2017	75.41	5.0391083	79.33	-0.151268
532	IAU	Aug 11, 2017	12.41	May 12, 2017	11.81	5.0804367	12.11	2.4772873
533	GLD	Aug 11, 2017	122.79	May 12, 2017	116.83	5.101433	119.65	2.624321
534	ITB	Aug 11, 2017	34.09	May 12, 2017	32.43	5.1187134	34.82	-2.096489
535	FIREX	today	11.08	May 15, 2017	10.54	5.1233444	11.25	-1.5111084
536	FSAIX	today	79.98	May 15, 2017	76.07	5.140007	81.71	-2.117241
537	VNQI	Aug 11, 2017	57.87	May 12, 2017	54.99	5.2373047	58.84	-1.6485367
538	DIA	Aug 11, 2017	218.7	May 12, 2017	207.78	5.255554	220.57	-0.84780884	*P*
539	RYU	Aug 11, 2017	88.09	May 12, 2017	83.65	5.307831	88.19	-0.11339569	*P*
540	XLF	Aug 11, 2017	24.73	May 12, 2017	23.47	5.368553	25.39	-2.5994492
541	FISMX	today	28.14	May 15, 2017	26.7	5.393257	28.52	-1.3324051
542	FPBFX	today	32.3	May 15, 2017	30.64	5.417755	32.89	-1.7938614	*P*
543	EPU	Aug 11, 2017	35.84	May 12, 2017	33.95	5.5670166	35.67	0.47660065
544	PRMTX	today	92.79	May 15, 2017	87.72	5.7797546	94.8	-2.1202545
545	FSPCX	today	84.45	May 15, 2017	79.83	5.7872925	86.06	-1.8707886	*P*
546	CGMRX	today	33.26	May 15, 2017	31.44	5.788788	34.37	-3.2295609
547	FBT	Aug 11, 2017	113.09	May 12, 2017	106.84	5.8498764	116.54	-2.9603577
548	FSLBX	today	74.29	May 15, 2017	70.12	5.946945	76.07	-2.3399506
549	NKX	Aug 11, 2017	15.8	May 12, 2017	14.91	5.9691544	15.92	-0.7537689
550	RYGBX	today	53.66	May 15, 2017	50.56	6.131325	52.95	1.340889
551	GVPIX	today	55.34	May 15, 2017	52.14	6.1373215	54.61	1.3367538
552	PFBDX	today	10.08	May 15, 2017	9.48	6.329117	10.03	0.49851227
553	XTN	Aug 11, 2017	55.12	May 12, 2017	51.6	6.821701	55.02	0.18174744
554	IGOV	Aug 11, 2017	99.24	May 12, 2017	92.46	7.332901	98.43	0.8229141
555	MERKX	today	10.09	May 15, 2017	9.4	7.340431	10.04	0.49800873
556	FSUTX	today	83.38	May 15, 2017	77.67	7.351616	83.9	-0.61979675
557	FXI	Aug 11, 2017	41.81	May 12, 2017	38.89	7.508362	42.84	-2.4042892
558	PTM	Aug 11, 2017	10.35	May 12, 2017	9.62	7.5883636	10.08	2.6785736
559	FHKCX	today	31.45	May 15, 2017	29.07	8.187141	32.41	-2.9620438	*P*
560	FSDAX	today	151.18	May 15, 2017	139.61	8.287369	152.83	-1.0796356
561	XBI	Aug 11, 2017	75.77	May 12, 2017	69.92	8.366707	78.23	-3.144577
562	FJSCX	today	17.6	May 15, 2017	16.22	8.508026	17.77	-0.95666504
563	HAO	Aug 11, 2017	26.85	May 12, 2017	24.67	8.836655	27.34	-1.792244
564	BOTZ	Aug 11, 2017	19.7	May 12, 2017	18.09	8.899948	20.02	-1.5983963
565	ASHR	Aug 11, 2017	27.42	May 12, 2017	24.52	11.827072	27.92	-1.7908325
