
1	PSCE	Sep 08, 2017	12.14	Jun 09, 2017	13.9	-12.661865	12.09	0.41355896	*P*
2	CHAD	Sep 08, 2017	32.86	Jun 09, 2017	37.41	-12.162521	33.4	-1.6167679
3	KRE	Sep 08, 2017	50.16	Jun 09, 2017	55.53	-9.670448	52.02	-3.575554
4	FSESX	today	42.45	Jun 12, 2017	46.11	-7.937538	41.72	1.7497559
5	IBM	Sep 08, 2017	142.45	Jun 09, 2017	152.49	-6.5840454	143.03	-0.40550995
6	FSNGX	today	22.33	Jun 12, 2017	23.75	-5.9789505	22.38	-0.22341156
7	FCPVX	today	18.2	Jun 12, 2017	19.35	-5.9431458	19.0	-4.210518
8	FSRBX	today	30.7	Jun 12, 2017	32.52	-5.5965576	31.91	-3.7919083
9	FSENX	today	37.45	Jun 12, 2017	39.65	-5.548546	37.63	-0.47834778
10	RWJ	Sep 08, 2017	62.8	Jun 09, 2017	66.46	-5.5070724	62.72	0.12754059
11	ICENX	today	11.19	Jun 12, 2017	11.81	-5.249794	11.39	-1.7559357
12	FSCRX	today	29.79	Jun 12, 2017	31.19	-4.488617	30.14	-1.1612396
13	FCPEX	today	13.41	Jun 12, 2017	14.03	-4.419098	13.64	-1.6862183
14	AMLP	Sep 08, 2017	11.11	Jun 09, 2017	11.62	-4.3889847	11.2	-0.8035736
15	STCEX	today	10.91	Jun 12, 2017	11.39	-4.214226	10.96	-0.45620728
16	FNARX	today	25.47	Jun 12, 2017	26.59	-4.2121124	25.58	-0.4300232
17	NOSGX	today	23.46	Jun 12, 2017	24.45	-4.0490875	23.79	-1.387146
18	RZV	Sep 08, 2017	63.72	Jun 09, 2017	66.31	-3.9058914	63.39	0.5205841
19	FSTCX	today	66.39	Jun 12, 2017	69.08	-3.8940353	69.63	-4.65316
20	BRSVX	today	23.96	Jun 12, 2017	24.85	-3.5814972	24.54	-2.3634949
21	CHTTX	today	41.37	Jun 12, 2017	42.81	-3.3637085	41.76	-0.93390656
22	FDFAX	today	97.5	Jun 12, 2017	100.87	-3.3409348	97.25	0.25707245
23	FSDCX	today	33.32	Jun 12, 2017	34.47	-3.3362427	34.15	-2.430458
24	IJS	Sep 08, 2017	137.15	Jun 09, 2017	141.53	-3.094757	137.04	0.08026123
25	VDE	Sep 08, 2017	87.43	Jun 09, 2017	90.15	-3.0171967	85.72	1.9948578
26	POGSX	today	59.84	Jun 12, 2017	61.68	-2.983139	60.81	-1.5951309
27	JDSNX	today	22.44	Jun 12, 2017	23.13	-2.9831314	22.76	-1.4059753	*BT*
28	ANFVX	today	26.04	Jun 12, 2017	26.83	-2.9444656	26.41	-1.4009857	*BT*
29	GSSUX	today	60.13	Jun 12, 2017	61.93	-2.9065094	60.99	-1.4100647
30	FENY	Sep 08, 2017	17.74	Jun 09, 2017	18.27	-2.9009323	17.39	2.0126572
31	EES	Sep 08, 2017	32.06	Jun 09, 2017	32.99	-2.8190384	32.25	-0.58914185
32	JASCX	today	33.48	Jun 12, 2017	34.45	-2.8156738	33.98	-1.4714508
33	SLYV	Sep 08, 2017	116.88	Jun 09, 2017	120.24	-2.7944107	116.68	0.1714096
34	CXXRX	today	24.01	Jun 12, 2017	24.61	-2.438034	24.24	-0.9488373	*BT*
35	XLE	Sep 08, 2017	64.4	Jun 09, 2017	65.97	-2.3798676	62.97	2.2709274
36	PSCM	Sep 08, 2017	46.19	Jun 09, 2017	47.3	-2.3467255	45.5	1.5164871
37	FSCDX	today	26.79	Jun 12, 2017	27.4	-2.2262726	27.21	-1.5435486
38	RFV	Sep 08, 2017	61.03	Jun 09, 2017	62.39	-2.17984	62.08	-1.6913681
39	FSOFX	today	14.15	Jun 08, 2017	14.44	-2.008316	14.15	0.0
40	PHK	Sep 08, 2017	8.38	Jun 09, 2017	8.55	-1.9883041	8.4	-0.23809052	*P*
41	RYURX	today	67.07	Jun 12, 2017	68.17	-1.6136093	66.67	0.59996796
42	FNCL	Sep 08, 2017	35.28	Jun 09, 2017	35.82	-1.5075378	36.17	-2.4606018
43	BULIX	today	18.49	Jun 12, 2017	18.77	-1.491745	18.65	-0.85791016
44	HLPPX	today	14.65	Jun 12, 2017	14.87	-1.4794922	14.77	-0.81246185
45	VFH	Sep 08, 2017	60.74	Jun 09, 2017	61.58	-1.3640823	62.26	-2.441368
46	IWM	Sep 08, 2017	139.22	Jun 09, 2017	141.0	-1.2624054	139.73	-0.3649826
47	LEXCX	today	33.79	Jun 12, 2017	34.22	-1.2565765	33.88	-0.2656479
48	FVDFX	today	26.95	Jun 12, 2017	27.29	-1.2458801	27.56	-2.2133484
49	FEQIX	today	58.76	Jun 12, 2017	59.49	-1.2271042	59.39	-1.0607834
50	FVDKX	today	26.96	Jun 12, 2017	27.29	-1.2092438	27.57	-2.212555
51	RYTRX	today	13.84	Jun 12, 2017	14.0	-1.1428528	13.91	-0.50322723	*BT*
52	FSLCX	today	18.67	Jun 12, 2017	18.87	-1.0598907	18.86	-1.0074234
53	FSCPX	today	38.32	Jun 12, 2017	38.72	-1.0330582	38.61	-0.75109863
54	FSELX	today	104.91	Jun 12, 2017	105.97	-1.0002823	107.58	-2.4818726	*P*
55	JQC	Sep 08, 2017	8.4	Jun 09, 2017	8.48	-0.9433899	8.46	-0.7092209
56	FLSAX	today	52.01	Jun 12, 2017	52.5	-0.93333435	52.89	-1.6638336
57	FDSCX	today	26.65	Jun 12, 2017	26.89	-0.8925247	26.88	-0.85565186
58	FDLSX	today	158.34	Jun 12, 2017	159.6	-0.7894821	160.35	-1.2535172
59	FSOPX	today	14.28	Jun 12, 2017	14.39	-0.7644272	14.4	-0.8333359
60	FSRPX	today	119.33	Jun 12, 2017	120.21	-0.73205566	118.14	1.0072861
61	FEIKX	today	58.74	Jun 12, 2017	59.13	-0.65956116	59.36	-1.0444717
62	FSPCX	today	82.2	Jun 12, 2017	82.66	-0.5565033	83.09	-1.0711288
63	FRESX	today	42.41	Jun 12, 2017	42.64	-0.5393982	43.06	-1.5095215
64	FEQTX	today	27.81	Jun 12, 2017	27.95	-0.50090027	28.01	-0.71403503
65	NAESX	today	64.72	Jun 12, 2017	65.0	-0.43077087	65.37	-0.994339
66	VB	Sep 08, 2017	135.16	Jun 09, 2017	135.73	-0.41994476	135.87	-0.5225525
67	XLF	Sep 08, 2017	24.1	Jun 09, 2017	24.2	-0.41322327	24.7	-2.4291534
68	QQQX	Sep 08, 2017	21.82	Jun 09, 2017	21.91	-0.41077423	22.02	-0.90826416
69	FMEIX	today	14.87	Jun 12, 2017	14.93	-0.40187836	15.0	-0.8666687
70	FCYIX	today	33.49	Jun 12, 2017	33.62	-0.38666534	33.66	-0.50505066
71	VWNFX	today	37.06	Jun 12, 2017	37.2	-0.37634277	37.35	-0.77643585
72	FBMPX	today	80.61	Jun 12, 2017	80.89	-0.34614563	83.33	-3.2641296
73	FSMVX	today	26.08	Jun 12, 2017	26.16	-0.30580902	26.34	-0.98709106
74	FIDSX	today	100.59	Jun 12, 2017	100.81	-0.21823883	103.02	-2.3587646
75	VIG	Sep 08, 2017	93.06	Jun 09, 2017	93.23	-0.18235016	93.01	0.053749084
76	PENNX	today	11.52	Jun 12, 2017	11.54	-0.17330933	11.55	-0.25974274
77	FGRIX	today	34.76	Jun 12, 2017	34.81	-0.14364624	35.1	-0.96865845
78	FMIMX	today	27.44	Jun 12, 2017	27.47	-0.10920715	27.56	-0.43540955
79	FCVSX	today	27.9	Jun 12, 2017	27.93	-0.107414246	28.04	-0.49929047
80	VWNDX	today	22.05	Jun 12, 2017	22.07	-0.09062195	22.28	-1.0323257
81	FFKCX	today	13.15	Jun 12, 2017	13.16	-0.07598877	13.15	0.0
82	ROOF	Sep 08, 2017	27.1	Jun 09, 2017	27.12	-0.07374573	27.11	-0.036888123
83	FKVFX	today	13.85	Jun 12, 2017	13.86	-0.072143555	13.86	-0.072143555
84	FIRJX	today	49.75	May 15, 2017	49.75	0.0	49.75	0.0
85	VEVRX	today	38.05	Jun 12, 2017	38.04	0.026283264	38.37	-0.8339844	*BT**P*
86	FGIKX	today	34.74	Jun 12, 2017	34.73	0.028800964	35.07	-0.94096375
87	DODGX	today	191.95	Jun 12, 2017	191.89	0.03126526	194.85	-1.488327
88	FETKX	today	27.81	Jun 12, 2017	27.8	0.035980225	28.01	-0.71403503
89	FCPGX	today	22.94	Jun 12, 2017	22.93	0.04360962	24.26	-5.4410553	*P*
90	FSLVX	today	19.43	Jun 12, 2017	19.42	0.051498413	19.63	-1.018837
91	FLVEX	today	12.43	Jun 12, 2017	12.42	0.080513	12.55	-0.9561691	*P*
92	FFIPX	today	9.93	Jun 08, 2017	9.92	0.10079956	9.93	0.0
93	POAGX	today	38.65	Jun 12, 2017	38.61	0.10360718	38.92	-0.69371796
94	FFRHX	today	9.62	Jun 12, 2017	9.61	0.10405731	9.63	-0.10384369
95	FDEGX	today	37.69	Jun 12, 2017	37.64	0.13283539	37.89	-0.5278473	*P*
96	FAGKX	today	37.98	Jun 12, 2017	37.91	0.1846466	38.18	-0.5238342
97	FCNVX	today	10.04	Jun 12, 2017	10.02	0.19959259	10.04	0.0
98	PEQKX	today	34.37	Jun 12, 2017	34.3	0.2040863	34.63	-0.7508011	*BT*
99	GABUX	today	9.55	Jun 12, 2017	9.53	0.20986938	9.58	-0.3131485
100	VEXMX	today	77.7	Jun 12, 2017	77.53	0.21926117	78.59	-1.1324615
101	NHINX	today	8.76	Jun 12, 2017	8.74	0.22883606	8.77	-0.11402893
102	FSLEX	today	24.75	Jun 12, 2017	24.69	0.24301147	24.52	0.93801117
103	VEXAX	today	77.67	Jun 12, 2017	77.48	0.24521637	78.56	-1.1328964	*P*
104	FRIFX	today	12.25	Jun 12, 2017	12.22	0.24549866	12.44	-1.5273285
105	FSEVX	today	58.96	Jun 12, 2017	58.8	0.27211	59.63	-1.1236038
106	FSEMX	today	58.95	Jun 12, 2017	58.79	0.27215576	59.62	-1.1237793
107	FBCVX	today	18.19	Jun 12, 2017	18.14	0.27563477	18.4	-1.1412964	*P*
108	FSCFX	today	14.32	Jun 12, 2017	14.28	0.2801056	14.46	-0.9681854
109	PRFDX	today	33.08	Jun 12, 2017	32.97	0.33364105	33.35	-0.8095856
110	FDVLX	today	118.03	Jun 12, 2017	117.63	0.34005737	119.18	-0.9649277
111	FVLKX	today	118.2	Jun 12, 2017	117.77	0.3651123	119.35	-0.9635544
112	FSHFX	today	9.66	Jun 08, 2017	9.62	0.415802	9.66	0.0
113	VTV	Sep 08, 2017	96.96	Jun 09, 2017	96.52	0.45587158	97.59	-0.6455536
114	SHY	Sep 08, 2017	84.69	Jun 09, 2017	84.27	0.49840546	84.61	0.094558716
115	PRF	Sep 08, 2017	104.09	Jun 09, 2017	103.57	0.5020752	104.39	-0.28738403
116	VIS	Sep 08, 2017	128.4	Jun 09, 2017	127.73	0.52453613	128.68	-0.21759033
117	FFKVX	today	13.25	Jun 12, 2017	13.18	0.5310974	13.24	0.075531006
118	PRFSX	today	5.64	Jun 12, 2017	5.61	0.5347519	5.64	0.0
119	PGNDX	today	11.18	Jun 12, 2017	11.12	0.53957367	11.17	0.089523315
120	FSFFX	today	12.97	Jun 08, 2017	12.9	0.5426407	12.97	0.0
121	VSGBX	today	10.73	Jun 12, 2017	10.67	0.5623245	10.71	0.18674469
122	USSTX	today	10.52	Jun 12, 2017	10.46	0.57362366	10.51	0.09515381
123	FSBAX	today	10.46	Jun 12, 2017	10.4	0.5769272	10.44	0.19156647
124	FSHBX	today	8.65	Jun 12, 2017	8.6	0.58138275	8.64	0.115730286
125	FVSAX	today	18.85	Jun 12, 2017	18.74	0.58699036	19.04	-0.9979019
126	VIMSX	today	39.26	Jun 12, 2017	39.03	0.5892868	39.54	-0.7081528
127	SJNK	Sep 08, 2017	27.75	Jun 09, 2017	27.58	0.6163864	27.8	-0.17984772
128	CDSIX	today	16.25	Jun 12, 2017	16.15	0.61919403	16.23	0.12322998	*BT*
129	FSHNX	today	9.68	Jun 12, 2017	9.62	0.623703	9.69	-0.10319519
130	FLCSX	today	31.07	Jun 12, 2017	30.87	0.64788055	31.38	-0.9878845
131	VO	Sep 08, 2017	143.87	Jun 09, 2017	142.94	0.6506195	144.21	-0.23577881
132	FCSTX	today	10.71	Jun 12, 2017	10.64	0.6578903	10.7	0.09346008
133	VFIIX	today	10.6	Jun 12, 2017	10.53	0.66477203	10.57	0.28382874
134	SPHIX	today	8.96	Jun 12, 2017	8.9	0.6741638	8.96	0.0
135	FGMNX	today	11.51	Jun 12, 2017	11.43	0.699913	11.49	0.17407227
136	FFXSX	today	10.01	Jun 12, 2017	9.94	0.70423126	9.98	0.3006134
137	FEXPX	today	22.76	Jun 12, 2017	22.6	0.70796204	22.89	-0.5679321
138	VMLTX	today	11.04	Jun 12, 2017	10.96	0.72992706	11.03	0.090660095
139	FFKDX	today	14.94	Jun 12, 2017	14.83	0.74172974	14.96	-0.13368988
140	USNYX	today	12.05	Jun 12, 2017	11.96	0.7525101	12.03	0.16625214
141	FFKAX	today	12.04	Jun 12, 2017	11.95	0.7531433	12.02	0.16638184
142	FEXKX	today	22.74	Jun 12, 2017	22.57	0.753212	22.86	-0.5249405
143	TWEBX	today	22.68	Jun 12, 2017	22.51	0.7552185	22.86	-0.7873993
144	JNK	Sep 08, 2017	36.93	Jun 09, 2017	36.64	0.79148865	37.1	-0.4582138
145	FGRTX	today	16.46	Jun 12, 2017	16.33	0.79608154	16.65	-1.1411438
146	USVAX	today	11.38	Jun 12, 2017	11.29	0.7971649	11.36	0.17606354
147	PYVLX	today	16.05	Jun 12, 2017	15.92	0.8165741	16.09	-0.24860382
148	BSV	Sep 08, 2017	80.19	Jun 09, 2017	79.53	0.82987213	80.07	0.14987183	*P*
149	RSP	Sep 08, 2017	93.33	Jun 09, 2017	92.56	0.83190155	93.22	0.118003845
150	PRVAX	today	12.1	Jun 12, 2017	12.0	0.8333359	12.08	0.16557312
151	VHDYX	today	31.38	Jun 12, 2017	31.12	0.8354645	31.5	-0.38095856
152	FPIOX	today	9.61	Jun 12, 2017	9.53	0.839447	9.62	-0.1039505
153	FSTFX	today	10.65	Jun 12, 2017	10.56	0.8522644	10.64	0.09397125
154	FDGKX	today	35.03	Jun 12, 2017	34.73	0.86380005	35.17	-0.39806366
155	SMTFX	today	10.49	Jun 12, 2017	10.4	0.86538696	10.47	0.19102478
156	BTTTX	today	104.89	Jun 12, 2017	103.99	0.8654709	104.5	0.3732071
157	JDD	Sep 08, 2017	12.67	Jun 09, 2017	12.56	0.87579346	12.82	-1.170044	*P*
158	KYTFX	today	7.83	Jun 12, 2017	7.76	0.90205383	7.8	0.38461304
159	YACKX	today	23.35	Jun 12, 2017	23.14	0.90753174	23.48	-0.55366516
160	ANDVX	today	17.34	Jun 12, 2017	17.18	0.93131256	17.54	-1.1402512	*BT*
161	PFODX	today	10.67	Jun 12, 2017	10.57	0.94608307	10.66	0.093803406
162	FSTGX	today	10.6	Jun 12, 2017	10.5	0.95238495	10.56	0.37878418
163	SMDMX	today	11.51	Jun 12, 2017	11.4	0.9649124	11.47	0.348732
164	FLVCX	today	36.59	Jun 12, 2017	36.24	0.96577454	37.31	-1.929779
165	FFIGX	today	15.58	Jun 08, 2017	15.43	0.9721298	15.58	0.0
166	FIBFX	today	11.35	Jun 08, 2017	11.24	0.9786453	11.35	0.0
167	FLCKX	today	36.68	Jun 12, 2017	36.32	0.99118805	37.4	-1.9251328
168	BMBSX	today	12.02	Jun 12, 2017	11.9	1.0084152	11.99	0.250206
169	OWSMX	today	17.01	Jun 12, 2017	16.84	1.0094986	17.01	0.0
170	FTHRX	today	10.98	Jun 12, 2017	10.87	1.0119553	10.94	0.36562347
171	MDXBX	today	10.87	Jun 12, 2017	10.76	1.0223007	10.84	0.27674103
172	FIMIX	today	11.74	Jun 12, 2017	11.62	1.0326996	11.71	0.25619507
173	NTFIX	today	11.64	Jun 12, 2017	11.52	1.0416641	11.6	0.34482574
174	GTFBX	today	11.61	Jun 12, 2017	11.49	1.0443802	11.58	0.25906372
175	FSDIX	today	15.44	Jun 12, 2017	15.28	1.0471191	15.47	-0.19393158
176	FICNX	today	11.54	Jun 12, 2017	11.42	1.0507812	11.51	0.26063538
177	YAFFX	today	21.75	Jun 12, 2017	21.52	1.0687714	21.84	-0.4120865
178	VFITX	today	11.33	Jun 12, 2017	11.21	1.0704727	11.27	0.53237915
179	FPXTX	today	11.27	Jun 12, 2017	11.15	1.0762482	11.24	0.26690674
180	DGRO	Sep 08, 2017	31.78	Jun 09, 2017	31.44	1.0814285	31.8	-0.0628891
181	PRTAX	today	10.24	Jun 12, 2017	10.13	1.0858765	10.22	0.19569397
182	USCBX	today	11.14	Jun 12, 2017	11.02	1.0889282	11.11	0.2700348
183	FSLBX	today	73.91	Jun 12, 2017	73.11	1.0942459	75.25	-1.7807236	*P*
184	FIDU	Sep 08, 2017	34.95	Jun 09, 2017	34.57	1.0992203	35.01	-0.17137146
185	SEQUX	today	177.48	Jun 12, 2017	175.55	1.0993958	178.11	-0.353714
186	VEIPX	today	34.82	Jun 12, 2017	34.44	1.103363	34.91	-0.25780487
187	SWNTX	today	11.84	Jun 12, 2017	11.71	1.1101608	11.81	0.2540207
188	PKB	Sep 08, 2017	29.88	Jun 09, 2017	29.55	1.1167526	29.39	1.6672363
189	PRNYX	today	11.77	Jun 12, 2017	11.64	1.1168365	11.74	0.25553894
190	NCITX	today	10.8	Jun 12, 2017	10.68	1.1235962	10.77	0.27854156
191	FTFMX	today	13.42	Jun 12, 2017	13.27	1.1303635	13.38	0.2989502
192	NOITX	today	10.63	Jun 12, 2017	10.51	1.1417618	10.6	0.2830124
193	IEI	Sep 08, 2017	124.88	Jun 09, 2017	123.47	1.1419754	124.5	0.30522156
194	FMHTX	today	12.32	Jun 12, 2017	12.18	1.1494141	12.27	0.4074936
195	FOHFX	today	12.31	Jun 12, 2017	12.17	1.1503677	12.26	0.40782928
196	FSAZX	today	12.25	Jun 12, 2017	12.11	1.1560669	12.21	0.32759857
197	XLB	Sep 08, 2017	55.01	Jun 09, 2017	54.38	1.1585083	55.07	-0.10895538	*P*
198	SSSFX	today	24.32	Jun 12, 2017	24.04	1.1647186	24.45	-0.53170013
199	BCITX	today	12.03	Jun 12, 2017	11.89	1.1774521	12.0	0.24999237
200	GTSGX	today	9.41	Jun 12, 2017	9.3	1.1827927	9.44	-0.3177948
201	VCAIX	today	11.92	Jun 12, 2017	11.78	1.1884537	11.89	0.25230408
202	SCHD	Sep 08, 2017	45.91	Jun 09, 2017	45.37	1.1902237	45.84	0.15270996
203	DRTAX	today	11.88	Jun 12, 2017	11.74	1.1925125	11.84	0.33783722
204	USTEX	today	13.49	Jun 12, 2017	13.33	1.2002945	13.45	0.29740143
205	FSIPX	today	10.0	Jun 12, 2017	9.88	1.2145767	9.94	0.60363007
206	FKTWX	today	15.81	Jun 12, 2017	15.62	1.2163849	15.84	-0.18939209
207	PRXCX	today	11.64	Jun 12, 2017	11.5	1.217392	11.61	0.25839996
208	FSCGX	today	40.47	Jun 12, 2017	39.98	1.2256165	40.61	-0.34474182
209	FDMMX	today	12.32	Jun 12, 2017	12.17	1.232544	12.28	0.32572937
210	VWELX	today	41.49	Jun 12, 2017	40.98	1.2445068	41.52	-0.072250366
211	PRFHX	today	12.1	Jun 12, 2017	11.95	1.2552414	12.07	0.24855042
212	FSRFX	today	95.43	Jun 12, 2017	94.24	1.2627335	94.67	0.8027878
213	FEDFX	today	10.42	Jun 08, 2017	10.29	1.2633667	10.42	0.0
214	FVIIX	today	10.4	Jun 12, 2017	10.27	1.2658081	10.34	0.58026123	*BT*
215	FGOVX	today	10.38	Jun 12, 2017	10.25	1.2682953	10.33	0.48402405
216	VOHIX	today	12.71	Jun 12, 2017	12.55	1.2748947	12.67	0.31570435
217	FHIFX	today	8.72	Jun 12, 2017	8.61	1.2775879	8.71	0.11480713
218	TGFNX	today	11.09	Jun 12, 2017	10.95	1.2785416	11.04	0.45289612
219	FIKFX	today	11.86	Jun 12, 2017	11.71	1.2809525	11.86	0.0
220	CSCO	Sep 08, 2017	31.48	Jun 09, 2017	31.08	1.2869949	32.21	-2.2663803
221	VMATX	today	10.9	Jun 12, 2017	10.76	1.3011093	10.86	0.36832428
222	VBMFX	today	10.89	Jun 12, 2017	10.75	1.3023224	10.84	0.46125793
223	FUSEX	today	86.38	Jun 12, 2017	85.26	1.3136292	86.89	-0.5869522
224	NOTEX	today	10.77	Jun 12, 2017	10.63	1.3170395	10.74	0.2793274
225	NOAZX	today	10.76	Jun 12, 2017	10.62	1.3182755	10.74	0.18622589
226	IVV	Sep 08, 2017	248.19	Jun 09, 2017	244.94	1.3268585	249.14	-0.3813095
227	FXZ	Sep 08, 2017	38.93	Jun 09, 2017	38.42	1.327446	38.79	0.36091614
228	SPLV	Sep 08, 2017	45.48	Jun 09, 2017	44.88	1.3368988	45.52	-0.087875366	*P*
229	TIXRX	today	10.55	Jun 12, 2017	10.41	1.3448563	10.52	0.2851715
230	FLTMX	today	10.49	Jun 12, 2017	10.35	1.3526535	10.47	0.19102478
231	FFVNX	today	10.45	Jun 08, 2017	10.31	1.3579025	10.45	0.0
232	FFKEX	today	16.31	Jun 12, 2017	16.09	1.3673096	16.35	-0.2446518
233	BCLTX	today	11.76	Jun 12, 2017	11.6	1.3793106	11.71	0.4269867
234	FBIDX	today	11.74	Jun 12, 2017	11.58	1.3816986	11.69	0.42771912
235	DODIX	today	13.93	Jun 12, 2017	13.74	1.3828278	13.89	0.2879715
236	PRTIX	today	5.85	Jun 12, 2017	5.77	1.3864746	5.81	0.68846893
237	FIBAX	today	10.95	Jun 12, 2017	10.8	1.3888855	10.88	0.64338684
238	FCTFX	today	13.12	Jun 12, 2017	12.94	1.3910446	13.07	0.3825531
239	FASIX	today	13.58	Jun 12, 2017	13.39	1.4189758	13.57	0.07369232
240	PRINX	today	12.01	Jun 12, 2017	11.84	1.4358139	11.98	0.25041962
241	FIUIX	today	26.8	Jun 12, 2017	26.42	1.4382935	27.17	-1.3618011
242	OIL	Sep 08, 2017	4.93	Jun 09, 2017	4.86	1.4403229	4.86	1.4403229	*P*
243	VBIIX	today	11.6	Jun 12, 2017	11.43	1.4873123	11.54	0.519928
244	VTI	Sep 08, 2017	126.49	Jun 09, 2017	124.62	1.500557	126.98	-0.38589478
245	VTSMX	today	61.53	Jun 12, 2017	60.62	1.501152	61.93	-0.6458969
246	FTBFX	today	10.8	Jun 12, 2017	10.64	1.5037537	10.75	0.4651184
247	USATX	today	13.43	Jun 12, 2017	13.23	1.5117188	13.39	0.29872894
248	BCHYX	today	10.68	Jun 12, 2017	10.52	1.5209045	10.64	0.37593842
249	FSTMX	today	71.14	Jun 12, 2017	70.07	1.5270462	71.63	-0.6840668
250	VTSAX	today	61.56	Jun 12, 2017	60.63	1.5338898	61.96	-0.64556885
251	FIAFX	today	11.22	Jun 12, 2017	11.05	1.5384674	11.21	0.08920288	*BT*
252	FFFAX	today	11.83	Jun 12, 2017	11.65	1.5450745	11.83	0.0
253	FMILX	today	39.31	Jun 12, 2017	38.71	1.5499954	39.54	-0.5816879
254	VAW	Sep 08, 2017	124.35	Jun 09, 2017	122.45	1.551651	124.2	0.120773315
255	FCSFX	today	5.23	Jun 08, 2017	5.15	1.5533905	5.23	0.0
256	VWLTX	today	11.76	Jun 12, 2017	11.58	1.5544052	11.72	0.34129333
257	FFSMX	today	71.17	Jun 12, 2017	70.08	1.5553589	71.65	-0.6699295
258	FSTVX	today	71.16	Jun 12, 2017	70.07	1.5555954	71.64	-0.6700134
259	VPAIX	today	11.72	Jun 12, 2017	11.54	1.5597916	11.68	0.34246826
260	TIP	Sep 08, 2017	115.22	Jun 09, 2017	113.42	1.5870209	114.38	0.7343979
261	FMCSX	today	37.03	Jun 12, 2017	36.45	1.591217	37.22	-0.5104828
262	FJIFX	today	13.31	Jun 12, 2017	13.1	1.6030579	13.29	0.1504898
263	FSIGX	today	11.4	Jun 12, 2017	11.22	1.6042709	11.35	0.44052887
264	FIPAX	today	12.03	Jun 12, 2017	11.84	1.6047211	11.92	0.9228134
265	FKMCX	today	37.05	Jun 12, 2017	36.46	1.6182098	37.24	-0.51020813
266	FBALX	today	24.24	Jun 12, 2017	23.85	1.6352158	24.3	-0.2469101
267	VWINX	today	26.68	Jun 12, 2017	26.25	1.638092	26.61	0.26306152
268	PRRDX	today	11.16	Jun 12, 2017	10.98	1.6393433	11.06	0.9041519
269	FSHOX	today	63.71	Jun 12, 2017	62.68	1.6432648	62.36	2.164856
270	FSLSX	today	42.04	Jun 12, 2017	41.36	1.6440964	42.59	-1.2913818
271	FBNDX	today	8.01	Jun 12, 2017	7.88	1.6497498	7.97	0.50188446
272	VCITX	today	12.29	Jun 12, 2017	12.09	1.6542587	12.24	0.40849304
273	FFKFX	today	17.17	Jun 12, 2017	16.89	1.6577835	17.23	-0.34822845
274	FKTHX	today	17.15	Jun 12, 2017	16.87	1.6597366	17.21	-0.3486328	*P*
275	FINPX	today	12.18	Jun 12, 2017	11.98	1.6694565	12.07	0.91135406
276	PRIPX	today	12.08	Jun 12, 2017	11.88	1.6834946	11.97	0.9189606
277	FIRNX	today	61.53	Jun 12, 2017	60.51	1.685669	61.51	0.03251648
278	FFSTX	today	17.44	Jun 08, 2017	17.15	1.6909714	17.44	0.0
279	FIRMX	today	61.32	Jun 12, 2017	60.3	1.6915436	61.29	0.048950195
280	FVSKX	today	42.03	Jun 12, 2017	41.33	1.6936798	42.58	-1.2916946
281	RWX	Sep 08, 2017	39.61	Jun 09, 2017	38.95	1.6944733	39.22	0.99438477
282	FPCIX	today	10.74	Jun 12, 2017	10.56	1.7045364	10.69	0.46772766
283	FLCEX	today	13.69	Jun 12, 2017	13.46	1.7087555	13.78	-0.65312195
284	FSAEX	today	13.08	Jun 12, 2017	12.86	1.7107391	13.21	-0.98410034
285	VIPSX	today	13.37	Jun 12, 2017	13.14	1.7503738	13.24	0.9818802
286	VOO	Sep 08, 2017	226.4	Jun 09, 2017	222.49	1.75737	227.3	-0.39595032	*P*
287	FIROX	today	63.73	Jun 12, 2017	62.62	1.7725983	63.72	0.015686035
288	FIRPX	today	64.82	Jun 12, 2017	63.69	1.7742157	64.81	0.015434265
289	SPY	Sep 08, 2017	246.58	Jun 09, 2017	242.23	1.7958145	247.49	-0.36769867	*P*
290	LQD	Sep 08, 2017	121.24	Jun 09, 2017	119.1	1.7968063	121.29	-0.041229248
291	FKIFX	today	14.12	Jun 12, 2017	13.87	1.8024597	14.11	0.070869446
292	VFINX	today	228.14	Jun 12, 2017	224.1	1.8027649	229.47	-0.5795975
293	SWRSX	today	11.26	Jun 12, 2017	11.06	1.8083191	11.16	0.8960571
294	ACITX	today	11.76	Jun 12, 2017	11.55	1.8181763	11.65	0.94420624
295	VFIAX	today	228.18	Jun 12, 2017	224.1	1.82061	229.51	-0.57949066	*P*
296	FUSVX	today	86.4	Jun 12, 2017	84.85	1.8267517	86.91	-0.5868149	*P*
297	FTABX	today	11.67	Jun 12, 2017	11.46	1.8324585	11.62	0.43029785
298	EIERX	today	17.08	Jun 12, 2017	16.77	1.8485336	17.22	-0.81300354	*BT*
299	VICEX	today	30.46	Jun 12, 2017	29.9	1.8729095	30.4	0.1973648
300	OAKBX	today	32.59	Jun 12, 2017	31.99	1.8755951	32.69	-0.30590057
301	FHIGX	today	13.35	Jun 12, 2017	13.1	1.9084015	13.3	0.37593842
302	FCBFX	today	11.71	Jun 12, 2017	11.49	1.9147186	11.66	0.42881775
303	FFIVX	today	12.24	Jun 12, 2017	12.01	1.915062	12.23	0.08176422	*BT*
304	FTANX	today	11.1	Jun 12, 2017	10.89	1.9283752	11.08	0.18050385
305	BND	Sep 08, 2017	82.58	Jun 09, 2017	81.01	1.938034	82.35	0.27929688
306	FFFVX	today	12.57	Jun 12, 2017	12.33	1.9464722	12.56	0.0796051
307	FIRRX	today	61.11	Jun 12, 2017	59.94	1.9519577	61.13	-0.032714844
308	FIRQX	today	64.2	Jun 12, 2017	62.97	1.9533005	64.21	-0.015571594
309	VWAHX	today	11.46	Jun 12, 2017	11.24	1.9572983	11.42	0.35025787
310	RTM	Sep 08, 2017	100.66	Jun 09, 2017	98.72	1.9651566	100.36	0.2989273
311	FCSAX	today	17.1	Jun 12, 2017	16.77	1.9677963	17.23	-0.7544937
312	FNORX	today	52.91	Jun 12, 2017	51.88	1.9853439	52.83	0.1514206	*P*
313	FZAAX	today	21.46	Jun 12, 2017	21.04	1.9961853	21.51	-0.23246002	*BT*
314	FFKGX	today	17.78	Jun 12, 2017	17.43	2.0080338	17.85	-0.3921585
315	FLIFX	today	14.69	Jun 12, 2017	14.4	2.0138855	14.68	0.068115234
316	FBAKX	today	24.24	Jun 12, 2017	23.76	2.0202026	24.31	-0.28794098
317	ICF	Sep 08, 2017	103.15	Jun 09, 2017	101.1	2.0277023	102.04	1.0878067
318	FFKHX	today	17.93	Jun 12, 2017	17.57	2.0489426	18.0	-0.3888855
319	FASMX	today	18.25	Jun 12, 2017	17.88	2.0693512	18.23	0.10971069
320	FWRLX	today	9.84	Jun 12, 2017	9.64	2.0746841	10.06	-2.186882	*P*
321	FOHIX	today	16.19	Jun 12, 2017	15.86	2.0807114	16.31	-0.73573303
322	FCIFX	today	12.72	Jun 12, 2017	12.46	2.0866776	12.72	0.0	*BT*
323	FJPNX	today	14.18	Jun 12, 2017	13.89	2.0878296	14.08	0.71022797
324	REACX	today	29.27	Jun 12, 2017	28.67	2.092781	29.12	0.5151062
325	PBDDX	today	10.7	Jun 12, 2017	10.48	2.0992432	10.65	0.46948242
326	FPIFX	today	15.37	Jun 12, 2017	15.05	2.1262436	15.37	0.0
327	FIRUX	today	65.27	Jun 12, 2017	63.91	2.1279907	65.32	-0.076553345
328	FIRSX	today	64.73	Jun 12, 2017	63.38	2.130005	64.76	-0.046325684
329	FFNOX	today	42.44	Jun 12, 2017	41.55	2.1419983	42.49	-0.11768341
330	FFFCX	today	16.07	Jun 12, 2017	15.73	2.1614761	16.07	0.0
331	FSRRX	today	8.89	Jun 12, 2017	8.7	2.1839142	8.87	0.22548676
332	FSICX	today	11.2	Jun 12, 2017	10.96	2.1897812	11.16	0.35842896
333	FFVIX	today	12.9	Jun 12, 2017	12.62	2.2186966	12.91	-0.07746124	*BT*
334	FNJHX	today	11.97	Jun 12, 2017	11.71	2.2203217	11.92	0.4194641
335	FIRVX	today	62.96	Jun 12, 2017	61.58	2.240982	63.02	-0.095214844
336	FSAIX	today	80.49	Jun 12, 2017	78.72	2.2484665	80.98	-0.6050949	*P*
337	FQIFX	today	16.26	Jun 12, 2017	15.9	2.2641525	16.26	0.0
338	FDIFX	today	13.89	Jun 12, 2017	13.58	2.2827759	13.9	-0.07193756	*BT*
339	DIAX	Sep 08, 2017	16.57	Jun 09, 2017	16.2	2.2839432	16.72	-0.89712524
340	EWJ	Sep 08, 2017	54.97	Jun 09, 2017	53.74	2.2887955	54.71	0.4752426
341	FIRWX	today	64.34	Jun 12, 2017	62.9	2.2893448	64.41	-0.108688354
342	FFVFX	today	13.29	Jun 12, 2017	12.99	2.3094635	13.3	-0.07518768
343	XHB	Sep 08, 2017	38.85	Jun 09, 2017	37.97	2.317604	38.18	1.7548447
344	FEDCX	today	10.52	Jun 12, 2017	10.28	2.3346405	10.46	0.57362366
345	FSRIX	today	12.67	Jun 12, 2017	12.38	2.3424835	12.62	0.39619446	*BT*
346	FIXRX	today	64.64	Jun 12, 2017	63.16	2.3432465	64.7	-0.09273529
347	PTTDX	today	10.42	Jun 12, 2017	10.18	2.3575668	10.35	0.67632294
348	HDOGX	today	14.28	Jun 12, 2017	13.95	2.3655853	14.32	-0.2793274
349	FITWX	today	13.8	Jun 12, 2017	13.48	2.3739014	13.82	-0.14471436	*BT*
350	FSVLX	today	14.23	Jun 12, 2017	13.9	2.3740997	14.56	-2.2664871
351	FFANX	today	11.63	Jun 12, 2017	11.36	2.3767624	11.61	0.17227173
352	FFFDX	today	16.33	Jun 12, 2017	15.94	2.4466782	16.35	-0.12232971
353	FNMIX	today	16.62	Jun 12, 2017	16.22	2.4661102	16.52	0.6053314
354	FFTWX	today	14.09	Jun 12, 2017	13.75	2.472725	14.11	-0.14173889
355	VNQ	Sep 08, 2017	84.93	Jun 09, 2017	82.88	2.473465	84.04	1.059021
356	FXIFX	today	16.97	Jun 12, 2017	16.56	2.4758453	16.99	-0.11772156
357	FDEQX	today	37.1	Jun 12, 2017	36.19	2.5145035	37.44	-0.9081192
358	USO	Sep 08, 2017	9.73	Jun 09, 2017	9.49	2.5289764	9.63	1.0384216
359	FEFIX	today	14.85	Jun 12, 2017	14.48	2.555252	14.89	-0.2686386	*P*
360	MOO	Sep 08, 2017	57.17	Jun 09, 2017	55.74	2.5654755	56.28	1.5813828
361	FDEKX	today	37.07	Jun 12, 2017	36.14	2.573326	37.4	-0.88235474
362	FFFIX	today	11.91	Jun 12, 2017	11.61	2.5839844	11.96	-0.4180603	*BT*
363	FIHFX	today	17.82	Jun 12, 2017	17.37	2.5906677	17.85	-0.16807556
364	ONEQ	Sep 08, 2017	250.64	Jun 09, 2017	244.3	2.5951614	253.2	-1.011055
365	FIPFX	today	18.15	Jun 12, 2017	17.69	2.6003342	18.19	-0.21990204
366	ACWV	Sep 08, 2017	81.53	Jun 09, 2017	79.46	2.6050797	81.26	0.33226013
367	FDKQX	today	11.42	Jun 12, 2017	11.13	2.605568	11.46	-0.34903717	*BT*
368	FIOFX	today	18.07	Jun 12, 2017	17.61	2.612152	18.11	-0.2208786
369	FDSSX	today	41.98	Jun 12, 2017	40.91	2.6155014	42.25	-0.63905334
370	FHFIX	today	12.92	Jun 12, 2017	12.59	2.6211243	12.97	-0.38550568	*BT*
371	FBIFX	today	17.94	Jun 12, 2017	17.48	2.6315842	17.97	-0.16693878
372	PARWX	today	36.61	Jun 12, 2017	35.67	2.6352768	36.74	-0.3538437
373	FSSKX	today	42.01	Jun 12, 2017	40.93	2.638649	42.28	-0.6385956
374	FITHX	today	14.39	Jun 12, 2017	14.02	2.6390915	14.44	-0.34625244	*BT*
375	FLPSX	today	54.64	Jun 12, 2017	53.23	2.64888	54.64	0.0
376	FLPKX	today	54.62	Jun 12, 2017	53.21	2.6498795	54.63	-0.018310547
377	FIFFX	today	15.39	Jun 12, 2017	14.99	2.6684494	15.44	-0.32382965	*BT*
378	RYU	Sep 08, 2017	89.43	Jun 09, 2017	87.1	2.6750946	89.47	-0.044708252	*P*
379	FIVLX	today	8.82	Jun 12, 2017	8.59	2.6775208	8.77	0.57012177
380	FFFPX	today	11.86	Jun 12, 2017	11.55	2.6839752	11.9	-0.33613586	*BT*
381	EEH	Sep 08, 2017	18.13	Jun 09, 2017	17.65	2.7195435	18.0	0.72221375
382	JPC	Sep 08, 2017	10.46	Jun 09, 2017	10.18	2.7504883	10.45	0.095703125
383	FFFEX	today	17.55	Jun 12, 2017	17.08	2.7517548	17.59	-0.22740936
384	FPURX	today	22.85	Jun 12, 2017	22.23	2.789032	22.93	-0.3488922
385	FFFFX	today	10.28	Jun 12, 2017	10.0	2.800003	10.31	-0.2909851
386	FFTHX	today	14.64	Jun 12, 2017	14.24	2.8089905	14.7	-0.40815735
387	FFFHX	today	11.68	Jun 12, 2017	11.36	2.8169022	11.72	-0.34129333
388	FSANX	today	12.37	Jun 12, 2017	12.03	2.826271	12.36	0.08090973
389	FFFGX	today	11.62	Jun 12, 2017	11.3	2.8318558	11.66	-0.34305573
390	JPI	Sep 08, 2017	25.0	Jun 09, 2017	24.3	2.8806534	24.89	0.44194794
391	FPHAX	today	19.24	Jun 12, 2017	18.7	2.8876877	19.06	0.94438934
392	GASFX	today	30.94	Jun 12, 2017	30.07	2.8932571	30.76	0.58517456
393	PYZ	Sep 08, 2017	63.18	Jun 09, 2017	61.39	2.9157867	63.17	0.015830994
394	FSHCX	today	91.91	Jun 12, 2017	89.3	2.9227371	92.08	-0.18461609
395	FINVX	today	10.52	Jun 12, 2017	10.22	2.9354248	10.47	0.47755432
396	JATTX	today	27.39	Jun 12, 2017	26.6	2.9699173	27.46	-0.25491333
397	FASGX	today	22.08	Jun 12, 2017	21.44	2.9850693	22.08	0.0
398	JPS	Sep 08, 2017	10.24	Jun 09, 2017	9.94	3.0181046	10.21	0.29382324	*P*
399	FLGEX	today	17.57	Jun 12, 2017	17.05	3.0498505	17.65	-0.4532547
400	RPMGX	today	88.19	Jun 12, 2017	85.57	3.061821	88.25	-0.067985535
401	AGTHX	today	48.7	Jun 12, 2017	47.25	3.068779	48.89	-0.3886261
402	FSAVX	today	36.45	Jun 12, 2017	35.36	3.0825882	36.58	-0.35538483
403	DIA	Sep 08, 2017	218.24	Jun 09, 2017	211.53	3.1721344	219.52	-0.58309174	*P*
404	FNCMX	today	83.97	Jun 12, 2017	81.37	3.1952744	84.97	-1.1768875	*P*
405	FPUKX	today	22.84	Jun 12, 2017	22.13	3.208313	22.91	-0.305542
406	MVALX	today	41.02	Jun 12, 2017	39.72	3.2729034	41.09	-0.17035675
407	FAMRX	today	18.92	Jun 12, 2017	18.32	3.2751083	18.94	-0.10559845
408	VT	Sep 08, 2017	69.8	Jun 09, 2017	67.57	3.3002853	69.61	0.27295685
409	QQQ	Sep 08, 2017	144.21	Jun 09, 2017	139.6	3.3022919	146.2	-1.361145
410	VUG	Sep 08, 2017	131.78	Jun 09, 2017	127.56	3.3082504	131.8	-0.015174866
411	MNBAX	today	18.08	Jun 12, 2017	17.5	3.3142776	18.05	0.16621399
412	IHE	Sep 08, 2017	156.94	Jun 09, 2017	151.84	3.3588028	155.03	1.2320175
413	XMPT	Sep 08, 2017	27.55	Jun 09, 2017	26.65	3.3771057	27.36	0.69444275
414	VOOG	Sep 08, 2017	127.44	Jun 09, 2017	123.26	3.3912048	127.7	-0.20359802
415	EFA	Sep 08, 2017	67.51	Jun 09, 2017	65.25	3.4636002	66.9	0.9118042
416	VGHCX	today	214.11	Jun 12, 2017	206.91	3.4797668	212.08	0.95719147
417	VGHAX	today	90.32	Jun 12, 2017	87.27	3.4949036	89.47	0.9500351
418	NKX	Sep 08, 2017	15.99	Jun 09, 2017	15.45	3.4951477	15.91	0.5028229	*P*
419	VBLTX	today	14.42	Jun 12, 2017	13.93	3.5175934	14.25	1.1929855
420	FZANX	today	31.55	Jun 12, 2017	30.47	3.5444717	31.77	-0.692482	*BT*
421	FIGFX	today	13.1	Jun 12, 2017	12.65	3.557312	13.0	0.7692337
422	VWESX	today	10.69	Jun 12, 2017	10.32	3.585266	10.59	0.94428253
423	FFIDX	today	42.32	Jun 12, 2017	40.85	3.5985336	42.61	-0.6805954
424	FFDKX	today	42.31	Jun 12, 2017	40.82	3.650177	42.6	-0.680748
425	FDYSX	today	9.62	Jun 12, 2017	9.28	3.6637878	9.58	0.41753387
426	NAD	Sep 08, 2017	14.43	Jun 09, 2017	13.9	3.8129578	14.33	0.6978378
427	SCHF	Sep 08, 2017	32.95	Jun 09, 2017	31.73	3.8449402	32.65	0.9188309
428	VUSTX	today	12.62	Jun 12, 2017	12.15	3.8683167	12.41	1.6921844
429	PCBIX	today	26.28	Jun 12, 2017	25.3	3.8735275	26.31	-0.1140213	*BT**P*
430	PRULX	today	13.03	Jun 12, 2017	12.54	3.907486	12.82	1.6380692
431	VPU	Sep 08, 2017	121.58	Jun 09, 2017	117.0	3.9145355	120.69	0.73742676
432	FIGSX	today	15.77	Jun 12, 2017	15.17	3.9551697	15.64	0.83119965
433	FSDPX	today	85.89	Jun 12, 2017	82.61	3.9704666	86.71	-0.9456787
434	FLBAX	today	13.52	Jun 12, 2017	13.0	4.0000076	13.29	1.7306366
435	FILFX	today	11.17	Jun 12, 2017	10.74	4.003731	11.07	0.9033432
436	FSIIX	today	42.02	Jun 12, 2017	40.39	4.035652	41.64	0.9125824
437	FDFFX	today	38.74	Jun 12, 2017	37.23	4.05587	39.08	-0.8700104
438	FIEUX	today	40.92	Jun 12, 2017	39.32	4.0691757	40.42	1.2370148
439	PASDX	today	12.27	Jun 12, 2017	11.79	4.071251	12.21	0.49140167
440	FMAGX	today	99.26	Jun 12, 2017	95.37	4.07885	99.94	-0.6804123
441	FSIVX	today	42.04	Jun 12, 2017	40.39	4.0851746	41.66	0.91215515	*P*
442	FMGKX	today	99.15	Jun 12, 2017	95.25	4.09449	99.83	-0.68115234
443	FDIVX	today	40.36	Jun 12, 2017	38.75	4.1548386	40.03	0.8243942
444	FDCAX	today	36.33	Jun 12, 2017	34.88	4.157112	36.53	-0.54748535
445	FCSSX	today	5.26	Jun 12, 2017	5.05	4.1584167	5.27	-0.18975067
446	DODFX	today	45.43	Jun 12, 2017	43.61	4.1733475	45.31	0.26483154
447	FDIKX	today	40.31	Jun 12, 2017	38.68	4.214073	39.97	0.85063934
448	VTRIX	today	37.95	Jun 12, 2017	36.41	4.2296066	37.69	0.6898422
449	FSGFX	today	17.8	Jun 12, 2017	17.07	4.2765045	17.88	-0.44742584
450	PAUDX	today	9.15	Jun 12, 2017	8.77	4.332947	9.09	0.6600647
451	FTEC	Sep 08, 2017	45.38	Jun 09, 2017	43.49	4.345825	45.86	-1.0466614
452	FCNTX	today	119.19	Jun 12, 2017	114.21	4.3603897	120.2	-0.84026337	*P*
453	VGT	Sep 08, 2017	149.56	Jun 09, 2017	143.28	4.383026	151.22	-1.0977402
454	FCNKX	today	119.18	Jun 12, 2017	114.17	4.388191	120.18	-0.83208466	*P*
455	FUSIX	today	10.34	Jun 12, 2017	9.9	4.4444427	10.25	0.87805176
456	VTMGX	today	13.79	Jun 12, 2017	13.2	4.469696	13.68	0.8040924
457	PRPFX	today	41.4	Jun 12, 2017	39.61	4.519058	41.19	0.5098343
458	ITB	Sep 08, 2017	34.53	Jun 09, 2017	33.03	4.5413284	34.09	1.2907028
459	FDCPX	today	88.75	Jun 12, 2017	84.79	4.6703568	89.54	-0.8822861
460	FSCOX	today	18.26	Jun 12, 2017	17.44	4.701828	18.08	0.99557495
461	ANWPX	today	43.1	Jun 12, 2017	41.16	4.7133102	43.17	-0.16214752
462	PCRIX	today	6.78	Jun 12, 2017	6.47	4.7913513	6.77	0.14771271	*BT*
463	FBGRX	today	84.35	Jun 12, 2017	80.47	4.8216705	84.98	-0.7413559
464	GWX	Sep 08, 2017	34.74	Jun 09, 2017	33.14	4.8280106	34.47	0.78328705
465	FSMEX	today	47.11	Jun 12, 2017	44.92	4.8753357	46.25	1.8594589
466	EMLC	Sep 08, 2017	19.62	Jun 09, 2017	18.7	4.919792	19.32	1.5527954
467	FTIEX	today	9.14	Jun 12, 2017	8.71	4.936859	9.08	0.6607971
468	FOSFX	today	49.02	Jun 12, 2017	46.7	4.9678802	48.41	1.2600632
469	FIREX	today	11.39	Jun 12, 2017	10.85	4.9769516	11.27	1.0647736
470	FGBLX	today	25.51	Jun 12, 2017	24.3	4.979431	25.32	0.7503967
471	PRNHX	today	52.87	Jun 12, 2017	50.36	4.9841156	52.8	0.13257599
472	VXUS	Sep 08, 2017	54.49	Jun 09, 2017	51.89	5.010605	54.01	0.8887329
473	FOCPX	today	107.03	Jun 12, 2017	101.92	5.0137405	108.43	-1.291153
474	FOSKX	today	48.94	Jun 12, 2017	46.6	5.0214615	48.33	1.2621536
475	VEU	Sep 08, 2017	52.49	Jun 09, 2017	49.97	5.04303	52.05	0.8453522
476	PRGFX	today	66.53	Jun 12, 2017	63.32	5.069481	66.98	-0.6718521
477	FSTSX	today	17.73	Jun 12, 2017	16.87	5.0977936	17.56	0.96810913
478	EEMV	Sep 08, 2017	58.15	Jun 09, 2017	55.31	5.1346893	58.14	0.017204285
479	JIGFX	today	31.78	Jun 12, 2017	30.22	5.16214	31.61	0.53780365
480	FSCHX	today	167.09	Jun 12, 2017	158.84	5.193901	168.88	-1.0599289
481	FIENX	today	9.81	Jun 12, 2017	9.32	5.2575226	9.75	0.6153946
482	RYGBX	today	55.1	Jun 12, 2017	52.32	5.3134537	53.84	2.340271
483	FTRNX	today	99.46	Jun 12, 2017	94.43	5.3266983	99.98	-0.5201111
484	FSCSX	today	157.22	Jun 12, 2017	149.23	5.3541565	157.78	-0.35491943	*P*
485	VNQI	Sep 08, 2017	59.95	Jun 09, 2017	56.88	5.397331	59.29	1.1131744	*P*
486	GVPIX	today	56.95	Jun 12, 2017	54.03	5.4044113	55.58	2.4649124
487	VGTSX	today	17.5	Jun 12, 2017	16.6	5.4216843	17.39	0.6325455
488	PRMTX	today	93.88	Jun 12, 2017	89.02	5.45945	95.37	-1.5623398
489	FSGDX	today	13.11	Jun 12, 2017	12.43	5.4706345	13.03	0.61396027	*BT*
490	VTIAX	today	29.28	Jun 12, 2017	27.76	5.4755096	29.08	0.687767	*P*
491	FSGEX	today	12.85	Jun 12, 2017	12.18	5.5008163	12.77	0.62646484
492	NBB	Sep 08, 2017	21.92	Jun 09, 2017	20.77	5.536827	21.85	0.3203659
493	DBC	Sep 08, 2017	15.12	Jun 09, 2017	14.32	5.586586	15.1	0.13243866
494	MLAIX	today	10.64	Jun 12, 2017	10.07	5.6603775	10.67	-0.28115845	*BT**P*
495	FJSCX	today	17.95	Jun 12, 2017	16.98	5.7126007	17.84	0.61660004
496	PFBDX	today	10.28	Jun 12, 2017	9.72	5.7613144	10.12	1.5810242
497	FGCKX	today	171.43	Jun 12, 2017	162.08	5.768753	173.09	-0.9590378
498	XT	Sep 08, 2017	33.59	Jun 09, 2017	31.72	5.89534	33.62	-0.08922577
499	FPBFX	today	33.45	Jun 12, 2017	31.56	5.9886017	33.31	0.42029572	*P*
500	FGDKX	today	31.49	Jun 12, 2017	29.7	6.026932	31.5	-0.03174591
501	FDSVX	today	31.47	Jun 12, 2017	29.68	6.0309906	31.49	-0.06351471
502	RSXJ	Sep 08, 2017	42.84	Jun 09, 2017	40.36	6.144699	43.05	-0.48780823
503	IAU	Sep 08, 2017	12.95	Jun 09, 2017	12.2	6.147537	12.72	1.8081665
504	GLD	Sep 08, 2017	127.97	Jun 09, 2017	120.54	6.163933	125.82	1.7087936
505	ROBO	Sep 08, 2017	37.17	Jun 09, 2017	35.0	6.1999893	36.84	0.8957596
506	WIP	Sep 08, 2017	59.11	Jun 09, 2017	55.63	6.255615	57.69	2.4614334
507	FSUTX	today	85.19	Jun 12, 2017	80.16	6.274948	85.19	0.0
508	VSS	Sep 08, 2017	114.56	Jun 09, 2017	107.7	6.369545	113.08	1.3087997
509	FWWFX	today	26.5	Jun 12, 2017	24.9	6.425705	26.39	0.41682434
510	CGMRX	today	34.26	Jun 12, 2017	32.19	6.430565	34.91	-1.8619385
511	FIGRX	today	45.71	Jun 12, 2017	42.92	6.500473	45.2	1.1283188
512	FIDKX	today	45.62	Jun 12, 2017	42.83	6.514122	45.11	1.1305695
513	FZAIX	today	45.59	Jun 12, 2017	42.8	6.5186996	45.08	1.1313171	*BT*
514	RERGX	today	55.05	Jun 12, 2017	51.67	6.5415115	54.74	0.56630707
515	XTN	Sep 08, 2017	57.65	Jun 09, 2017	54.06	6.64077	56.76	1.5680084	*P*
516	FHLC	Sep 08, 2017	39.72	Jun 09, 2017	37.22	6.7168274	39.17	1.4041443
517	FIVFX	today	20.54	Jun 12, 2017	19.23	6.812271	20.33	1.032959
518	VHT	Sep 08, 2017	153.11	Jun 09, 2017	143.34	6.8159714	151.06	1.3570786
519	DRA	Sep 08, 2017	18.15	Jun 09, 2017	16.99	6.827545	17.79	2.0236053
520	FBSOX	today	50.34	Jun 12, 2017	47.11	6.8563004	50.22	0.238945
521	FISMX	today	29.08	Jun 12, 2017	27.2	6.911766	28.83	0.86714935
522	PRGTX	today	18.17	Jun 12, 2017	16.99	6.9452667	18.25	-0.4383545
523	FFGCX	today	12.1	Jun 12, 2017	11.3	7.079651	12.11	-0.08257294
524	FSEAX	today	41.21	Jun 12, 2017	38.47	7.1224365	41.28	-0.16957855	*P*
525	OAKIX	today	27.99	Jun 12, 2017	26.11	7.200302	27.63	1.3029327
526	FSPTX	today	174.54	Jun 12, 2017	162.56	7.3695908	175.96	-0.80701447
527	FATIX	today	57.41	Jun 12, 2017	53.46	7.3887024	57.84	-0.7434311	*BT**P*
528	FICDX	today	53.44	Jun 12, 2017	49.75	7.4170837	53.1	0.64029694
529	SWHFX	today	26.14	Jun 12, 2017	24.3	7.5720215	25.86	1.082756
530	PTM	Sep 08, 2017	10.57	Jun 09, 2017	9.81	7.7471848	10.52	0.47527313
531	FTQGX	today	22.2	Jun 12, 2017	20.6	7.7669983	22.2	0.0
532	FSDAX	today	152.81	Jun 12, 2017	141.56	7.947159	154.25	-0.933548
533	FSPHX	today	233.35	Jun 12, 2017	216.0	8.032402	230.59	1.1969299
534	MERKX	today	10.33	Jun 12, 2017	9.56	8.05439	10.2	1.2745132
535	FEMFX	today	20.73	Jun 08, 2017	19.16	8.194145	20.73	0.0
536	EEM	Sep 08, 2017	44.89	Jun 09, 2017	41.42	8.377602	44.83	0.13383484
537	USAGX	today	14.26	Jun 12, 2017	13.15	8.441071	13.92	2.4425278
538	FEMEX	today	9.55	Jun 12, 2017	8.79	8.646187	9.57	-0.20897675
539	THD	Sep 08, 2017	83.88	Jun 09, 2017	76.99	8.949211	82.71	1.4145737
540	FSAMX	today	10.88	Jun 12, 2017	9.97	9.12738	10.88	0.0
541	FXI	Sep 08, 2017	43.79	Jun 09, 2017	40.06	9.311035	44.24	-1.0171814
542	FHKCX	today	32.51	Jun 12, 2017	29.74	9.314049	32.67	-0.4897461	*P*
543	JMIEX	today	28.07	Jun 12, 2017	25.67	9.349426	28.0	0.24999237	*BT*
544	VWO	Sep 08, 2017	44.53	Jun 09, 2017	40.71	9.383438	44.3	0.51919556
545	PRHSX	today	74.28	Jun 12, 2017	67.85	9.476791	73.65	0.8554001
546	FEMSX	today	20.63	Jun 12, 2017	18.82	9.617424	20.71	-0.38628387
547	FEMKX	today	30.37	Jun 12, 2017	27.69	9.678589	30.2	0.5629196	*P*
548	FSAGX	today	22.67	Jun 12, 2017	20.64	9.835281	22.28	1.7504425	*P*
549	BOTZ	Sep 08, 2017	20.87	Jun 09, 2017	18.94	10.190071	20.5	1.8048782	*P*
550	EPU	Sep 08, 2017	38.15	Jun 09, 2017	34.34	11.09494	37.44	1.8963699
551	RSX	Sep 08, 2017	21.63	Jun 09, 2017	19.39	11.552345	21.32	1.4540329
552	ERUS	Sep 08, 2017	32.68	Jun 09, 2017	29.15	12.109779	32.18	1.5537643
553	HAO	Sep 08, 2017	28.48	Jun 09, 2017	25.31	12.524704	28.05	1.5329819
554	ASHR	Sep 08, 2017	29.86	Jun 09, 2017	26.46	12.849594	29.41	1.530098
555	IBB	Sep 08, 2017	334.1	Jun 09, 2017	293.95	13.658783	333.35	0.22498322
556	FBT	Sep 08, 2017	123.62	Jun 09, 2017	108.03	14.431175	124.21	-0.47499847
557	FBIOX	today	228.5	Jun 12, 2017	197.55	15.666916	229.77	-0.55272675	*P*
558	XBI	Sep 08, 2017	83.82	Jun 09, 2017	71.24	17.65863	83.83	-0.011932373
559	UGA	Sep 08, 2017	28.62	Jun 09, 2017	24.04	19.051575	30.66	-6.653618
560	FLATX	today	26.03	Jun 12, 2017	21.43	21.46524	25.22	3.2117386
561	EWZ	Sep 08, 2017	41.92	Jun 09, 2017	33.96	23.439339	40.0	4.7999954
562	SHOP	Sep 08, 2017	113.61	Jun 09, 2017	91.45	24.231827	110.92	2.425171	*P*
