1	CHAD	Sep 22, 2017	33.29	Jun 23, 2017	37.08	-10.221146	32.96	1.0012131
2	IBM	Sep 22, 2017	145.13	Jun 23, 2017	152.5	-4.8327866	144.82	0.2140503
3	FDFAX	today	95.44	Jun 26, 2017	100.28	-4.826477	97.96	-2.5724792
4	FSHCX	today	89.35	Jun 26, 2017	92.14	-3.0279999	90.53	-1.3034363
5	RYURX	today	65.96	Jun 26, 2017	67.88	-2.8285217	65.91	0.07585144
6	HLPPX	today	14.47	Jun 26, 2017	14.86	-2.6244965	14.64	-1.1612015
7	IHE	Sep 22, 2017	155.8	Jun 23, 2017	159.71	-2.4481888	156.8	-0.63775635
8	ICF	Sep 22, 2017	100.85	Jun 23, 2017	103.09	-2.1728592	103.24	-2.3149872
9	FSOFX	today	14.15	Jun 08, 2017	14.44	-2.008316	14.15	0.0
10	GVPIX	today	55.29	Jun 26, 2017	56.41	-1.9854584	55.23	0.10863495
11	FSDCX	today	34.37	Jun 26, 2017	35.05	-1.9400864	34.35	0.05821991
12	PHK	Sep 22, 2017	8.33	Jun 23, 2017	8.48	-1.7688599	8.34	-0.119903564	*P*
13	RYGBX	today	53.49	Jun 26, 2017	54.44	-1.7450333	53.45	0.07483673
14	VGHCX	today	211.81	Jun 26, 2017	215.38	-1.6575394	212.31	-0.23550415
15	VGHAX	today	89.36	Jun 26, 2017	90.85	-1.6400604	89.56	-0.22331238
16	REACX	today	28.63	Jun 26, 2017	29.1	-1.6151276	29.21	-1.9856186
17	FPHAX	today	19.27	Jun 26, 2017	19.56	-1.4826126	19.28	-0.051864624
18	QQQX	Sep 22, 2017	21.53	Jun 23, 2017	21.84	-1.4194107	21.67	-0.6460495
19	FRESX	today	41.69	Jun 26, 2017	42.22	-1.255333	42.51	-1.9289551
20	AMLP	Sep 22, 2017	11.11	Jun 23, 2017	11.25	-1.2444458	11.27	-1.4197083
21	ROOF	Sep 22, 2017	26.77	Jun 23, 2017	27.08	-1.1447525	27.02	-0.92523956
22	BULIX	today	18.33	Jun 26, 2017	18.51	-0.97245026	18.41	-0.43454742
23	VNQ	Sep 22, 2017	82.49	Jun 23, 2017	83.29	-0.9605026	84.47	-2.3440323
24	PRULX	today	12.75	Jun 26, 2017	12.87	-0.93240356	12.75	0.0
25	FLBIX	today	13.22	Jun 26, 2017	13.34	-0.89954376	13.23	-0.07557678
26	VUSTX	today	12.35	Jun 26, 2017	12.46	-0.8828201	12.35	0.0
27	FLBAX	today	13.23	Jun 26, 2017	13.34	-0.8245926	13.23	0.0
28	GABUX	today	9.44	Jun 26, 2017	9.51	-0.73607635	9.53	-0.94438934
29	CHTTX	today	42.41	Jun 26, 2017	42.71	-0.70240784	42.39	0.047180176
30	JQC	Sep 22, 2017	8.35	Jun 23, 2017	8.4	-0.5952301	8.38	-0.35799408
31	VIPSX	today	13.15	Jun 26, 2017	13.19	-0.3032608	13.28	-0.97892
32	FSMEX	today	46.2	Jun 26, 2017	46.3	-0.21598053	46.99	-1.6812057
33	FIBAX	today	10.8	Jun 26, 2017	10.82	-0.18483734	10.83	-0.27700806
34	PRTIX	today	5.78	Jun 26, 2017	5.79	-0.1727066	5.79	-0.1727066
35	FKVFX	today	13.85	Jun 15, 2017	13.86	-0.072143555	13.87	-0.14418793
36	FFKCX	today	13.15	Jun 15, 2017	13.15	0.0	13.17	-0.1518631
37	FSCRX	today	30.77	Jun 26, 2017	30.76	0.03250885	30.65	0.39151764
38	IEI	Sep 22, 2017	123.78	Jun 23, 2017	123.71	0.05658722	124.08	-0.24178314
39	VBLTX	today	14.23	Jun 26, 2017	14.22	0.07032013	14.21	0.14073944
40	FCVSX	today	28.1	Jun 26, 2017	28.08	0.07122803	28.09	0.035598755
41	FSCPX	today	38.56	Jun 26, 2017	38.53	0.0778656	38.6	-0.10361481
42	FSTGX	today	10.51	Jun 26, 2017	10.5	0.09523773	10.53	-0.18993378
43	FFXSX	today	9.95	Jun 26, 2017	9.94	0.1006012	9.96	-0.10040283
44	FFIPX	today	9.93	Jun 08, 2017	9.92	0.10079956	9.93	0.0
45	BTTTX	today	104.22	Jun 26, 2017	104.11	0.105651855	104.33	-0.10543823
46	SHY	Sep 22, 2017	84.44	Jun 23, 2017	84.34	0.11857605	84.55	-0.13009644
47	FDLSX	today	161.2	Jun 26, 2017	160.94	0.16155243	159.54	1.0404968
48	VBIIX	today	11.47	Jun 26, 2017	11.45	0.17467499	11.49	-0.174057
49	VSGBX	today	10.69	Jun 26, 2017	10.67	0.18743134	10.7	-0.09346008
50	FSBAX	today	10.41	Jun 26, 2017	10.39	0.19248962	10.42	-0.095970154
51	FVIIX	today	10.3	Jun 26, 2017	10.28	0.19456482	10.31	-0.09699249	*BT*
52	BSV	Sep 22, 2017	79.83	Jun 23, 2017	79.64	0.23857117	79.95	-0.15009308	*P*
53	FIPAX	today	11.91	Jun 26, 2017	11.88	0.2525177	11.95	-0.33472443
54	FBIDX	today	11.65	Jun 26, 2017	11.62	0.25817108	11.66	-0.085762024
55	VBILX	today	11.47	Jun 26, 2017	11.44	0.26224518	11.49	-0.174057
56	TGFNX	today	11.01	Jun 26, 2017	10.98	0.27322388	11.02	-0.09075165
57	NCITX	today	10.74	Jun 26, 2017	10.71	0.2801056	10.75	-0.09302521
58	VFIIX	today	10.53	Jun 26, 2017	10.5	0.28570557	10.56	-0.2841034
59	FCPEX	today	13.97	Jun 26, 2017	13.93	0.28715515	13.89	0.5759506
60	FCNVX	today	10.04	Jun 26, 2017	10.01	0.29969025	10.04	0.0
61	FSIPX	today	9.92	Jun 26, 2017	9.89	0.30332947	9.96	-0.4016037
62	FINPX	today	12.06	Jun 26, 2017	12.02	0.3327713	12.1	-0.33058167
63	PRIPX	today	11.97	Jun 26, 2017	11.93	0.335289	12.01	-0.3330536
64	NCATX	today	11.68	Jun 26, 2017	11.64	0.3436432	11.69	-0.08554077
65	FSHBX	today	8.62	Jun 26, 2017	8.59	0.34923553	8.63	-0.115875244
66	SWRSX	today	11.15	Jun 26, 2017	11.11	0.36003876	11.19	-0.35746002
67	FTHRX	today	10.9	Jun 26, 2017	10.86	0.36832428	10.91	-0.091659546
68	VBMFX	today	10.81	Jun 26, 2017	10.77	0.37139893	10.82	-0.092414856
69	POGSX	today	61.94	Jun 26, 2017	61.71	0.37271118	61.33	0.99461365
70	NOTEX	today	10.72	Jun 26, 2017	10.68	0.3745346	10.73	-0.093193054
71	NOAZX	today	10.71	Jun 26, 2017	10.67	0.37487793	10.72	-0.09328461
72	NOITX	today	10.58	Jun 26, 2017	10.54	0.37950134	10.59	-0.094429016
73	TGMNX	today	10.35	Jun 26, 2017	10.31	0.38796997	10.36	-0.09651947
74	TIP	Sep 22, 2017	114.03	Jun 23, 2017	113.56	0.4138794	114.5	-0.41047668
75	FSHFX	today	9.66	Jun 08, 2017	9.62	0.415802	9.66	0.0
76	USNYX	today	11.99	Jun 26, 2017	11.94	0.4187622	11.99	0.0
77	BMBSX	today	11.96	Jun 26, 2017	11.91	0.4198227	11.98	-0.16693878
78	CDSIX	today	16.22	Jun 26, 2017	16.15	0.43343353	16.22	0.0	*BT*
79	FGMNX	today	11.46	Jun 26, 2017	11.41	0.43821716	11.48	-0.1742096
80	SMDMX	today	11.44	Jun 26, 2017	11.39	0.4389801	11.46	-0.1745224
81	PGNDX	today	11.14	Jun 26, 2017	11.09	0.45085907	11.16	-0.17920685
82	FCSTX	today	10.68	Jun 26, 2017	10.63	0.47036743	10.69	-0.09353638
83	PFODX	today	10.63	Jun 26, 2017	10.58	0.4725952	10.63	0.0
84	FBMPX	today	80.67	Jun 26, 2017	80.29	0.47328186	80.1	0.7116089
85	PRVAX	today	12.04	Jun 26, 2017	11.98	0.5008316	12.05	-0.082984924
86	FBNDX	today	7.95	Jun 26, 2017	7.91	0.5056839	7.96	-0.12562561
87	KYTFX	today	7.79	Jun 26, 2017	7.75	0.51612854	7.8	-0.12821198
88	FICNX	today	11.48	Jun 26, 2017	11.42	0.5253906	11.49	-0.08703613
89	FFKVX	today	13.25	Jun 15, 2017	13.18	0.5310974	13.26	-0.075416565
90	USVAX	today	11.33	Jun 26, 2017	11.27	0.53237915	11.33	0.0
91	FMSFX	today	11.29	Jun 26, 2017	11.23	0.5342865	11.3	-0.08849335
92	PRFSX	today	5.63	Jun 26, 2017	5.6	0.5357132	5.63	0.0
93	FSFFX	today	12.97	Jun 08, 2017	12.9	0.5426407	12.97	0.0
94	USCBX	today	11.07	Jun 26, 2017	11.01	0.5449524	11.08	-0.09025574
95	PRRDX	today	11.06	Jun 26, 2017	11.0	0.54545593	11.1	-0.3603592
96	VMLTX	today	11.01	Jun 26, 2017	10.95	0.5479431	11.02	-0.09075165
97	FSRPX	today	120.37	Jun 26, 2017	119.71	0.55133057	120.51	-0.11617279
98	MDXBX	today	10.81	Jun 26, 2017	10.75	0.558136	10.81	0.0
99	VWESX	today	10.59	Jun 26, 2017	10.53	0.56980896	10.57	0.18922424
100	FOHFX	today	12.24	Jun 26, 2017	12.17	0.5751877	12.25	-0.08163452
101	GASFX	today	30.25	Jun 26, 2017	30.07	0.5986099	30.72	-1.5299454
102	FIMIX	today	11.68	Jun 26, 2017	11.61	0.6029358	11.7	-0.17093658
103	FTFMX	today	13.34	Jun 26, 2017	13.26	0.60331726	13.35	-0.074905396
104	FSIGX	today	11.32	Jun 26, 2017	11.25	0.6222229	11.33	-0.088264465
105	FPXTX	today	11.21	Jun 26, 2017	11.14	0.62836456	11.22	-0.08912659
106	LQD	Sep 22, 2017	120.98	Jun 23, 2017	120.22	0.63217926	121.02	-0.033042908
107	FMHTX	today	12.25	Jun 26, 2017	12.17	0.65735626	12.26	-0.08156586
108	FSAZX	today	12.18	Jun 26, 2017	12.1	0.6611557	12.19	-0.08203125
109	FSTFX	today	10.62	Jun 26, 2017	10.55	0.66350555	10.63	-0.094070435
110	USSTX	today	10.51	Jun 26, 2017	10.44	0.6705017	10.51	0.0
111	SWNTX	today	11.78	Jun 26, 2017	11.7	0.6837616	11.79	-0.08481598
112	PRNYX	today	11.71	Jun 26, 2017	11.63	0.68787384	11.71	0.0
113	FCBFX	today	11.64	Jun 26, 2017	11.56	0.6920471	11.64	0.0
114	GTFBX	today	11.56	Jun 26, 2017	11.48	0.6968765	11.57	-0.08642578
115	PTM	Sep 22, 2017	9.8	Jun 23, 2017	9.73	0.719429	10.25	-4.3902435
116	XHB	Sep 22, 2017	38.47	Jun 23, 2017	38.19	0.7331848	38.77	-0.7737961
117	FDMMX	today	12.25	Jun 26, 2017	12.16	0.7401352	12.26	-0.08156586
118	FRIFX	today	12.22	Jun 26, 2017	12.13	0.7419586	12.26	-0.32626343
119	VMATX	today	10.83	Jun 26, 2017	10.75	0.7441864	10.84	-0.09224701
120	FTBFX	today	10.73	Jun 26, 2017	10.65	0.7511749	10.74	-0.09311676
121	FFKAX	today	12.04	Jun 15, 2017	11.95	0.7531433	12.05	-0.082984924
122	FPCIX	today	10.67	Jun 26, 2017	10.59	0.7554321	10.68	-0.09363556
123	BCITX	today	11.97	Jun 26, 2017	11.88	0.757576	11.98	-0.083465576
124	SMTFX	today	10.46	Jun 26, 2017	10.38	0.7707138	10.47	-0.09551239
125	NTFIX	today	11.59	Jun 26, 2017	11.5	0.78260803	11.6	-0.08620453
126	BND	Sep 22, 2017	82.04	Jun 23, 2017	81.4	0.78624725	82.17	-0.15820312
127	PRTAX	today	10.19	Jun 26, 2017	10.11	0.7912979	10.2	-0.09804535
128	VWINX	today	26.64	Jun 26, 2017	26.43	0.79455566	26.81	-0.63409424
129	DODIX	today	13.91	Jun 26, 2017	13.8	0.7971039	13.9	0.07194519
130	FFKDX	today	14.94	Jun 15, 2017	14.82	0.8097153	14.96	-0.13368988
131	RWX	Sep 22, 2017	38.58	Jun 23, 2017	38.27	0.8100357	39.01	-1.102272
132	RYU	Sep 22, 2017	86.68	Jun 23, 2017	85.97	0.8258667	88.48	-2.0343628	*P*
133	VCAIX	today	11.86	Jun 26, 2017	11.76	0.85033417	11.88	-0.16835022
134	FCTFX	today	13.04	Jun 26, 2017	12.93	0.8507385	13.06	-0.15314484
135	DRTAX	today	11.82	Jun 26, 2017	11.72	0.85324097	11.82	0.0
136	TIXRX	today	10.5	Jun 26, 2017	10.41	0.86455536	10.51	-0.09514618
137	PRXCX	today	11.58	Jun 26, 2017	11.48	0.8710861	11.58	0.0
138	VOHIX	today	12.65	Jun 26, 2017	12.54	0.87718964	12.66	-0.07898712
139	FFRHX	today	9.63	Jun 26, 2017	9.54	0.9433975	9.62	0.1039505
140	BCLTX	today	11.69	Jun 26, 2017	11.58	0.9499054	11.7	-0.08547211
141	POAGX	today	39.71	Jun 26, 2017	39.33	0.9661789	39.55	0.40454865
142	FFIGX	today	15.58	Jun 08, 2017	15.43	0.9721298	15.58	0.0
143	USTEX	today	13.44	Jun 26, 2017	13.31	0.97670746	13.44	0.0
144	FIBFX	today	11.35	Jun 08, 2017	11.24	0.9786453	11.35	0.0
145	PRFHX	today	12.05	Jun 26, 2017	11.93	1.005867	12.05	0.0
146	PRINX	today	11.95	Jun 26, 2017	11.83	1.0143661	11.96	-0.083610535
147	VWLTX	today	11.7	Jun 26, 2017	11.58	1.0362625	11.7	0.0
148	PBDDX	today	10.64	Jun 26, 2017	10.53	1.0446396	10.64	0.0
149	BCHYX	today	10.62	Jun 26, 2017	10.51	1.0466232	10.63	-0.094070435
150	FLTMX	today	10.45	Jun 26, 2017	10.34	1.0638275	10.46	-0.09560394
151	STCEX	today	11.3	Jun 26, 2017	11.18	1.073349	11.23	0.6233368
152	VCITX	today	12.21	Jun 26, 2017	12.08	1.0761642	12.22	-0.081840515
153	YAFFX	today	22.0	Jun 26, 2017	21.76	1.1029358	22.07	-0.31717682
154	VPU	Sep 22, 2017	118.05	Jun 23, 2017	116.76	1.1048279	121.24	-2.6311417
155	FASIX	today	13.57	Jun 26, 2017	13.42	1.1177292	13.58	-0.073638916
156	FCPVX	today	18.93	Jun 26, 2017	18.72	1.1217957	18.73	1.0678024
157	VPAIX	today	11.66	Jun 26, 2017	11.53	1.1274948	11.66	0.0
158	VICEX	today	30.53	Jun 26, 2017	30.18	1.1597061	30.58	-0.16349792
159	PTTDX	today	10.34	Jun 26, 2017	10.22	1.1741638	10.35	-0.09661865
160	FIKFX	today	11.87	Jun 26, 2017	11.73	1.1935272	11.88	-0.08418274
161	YACKX	today	23.57	Jun 26, 2017	23.29	1.2022247	23.62	-0.21169281
162	USATX	today	13.37	Jun 26, 2017	13.21	1.2112045	13.38	-0.07473755
163	FSCDX	today	27.65	Jun 26, 2017	27.31	1.2449646	27.43	0.8020401
164	FEDFX	today	10.42	Jun 08, 2017	10.29	1.2633667	10.42	0.0
165	FKTWX	today	15.81	Jun 15, 2017	15.61	1.2812347	15.83	-0.12633514
166	PARWX	today	37.13	Jun 26, 2017	36.66	1.2820587	36.99	0.378479
167	FSMVX	today	26.48	Jun 26, 2017	26.14	1.3006897	26.5	-0.07546997
168	FSDIX	today	15.54	Jun 26, 2017	15.34	1.3037796	15.61	-0.44843292
169	SJNK	Sep 22, 2017	27.89	Jun 23, 2017	27.53	1.3076553	27.88	0.035873413
170	FTABX	today	11.6	Jun 26, 2017	11.45	1.310051	11.61	-0.086128235
171	FDEGX	today	38.32	Jun 26, 2017	37.82	1.322052	38.18	0.36668396	*P*
172	FFVNX	today	10.45	Jun 08, 2017	10.31	1.3579025	10.45	0.0
173	FAGKX	today	38.62	Jun 26, 2017	38.1	1.36483	38.47	0.38990784
174	FSHOX	today	63.76	Jun 26, 2017	62.88	1.3994827	63.59	0.2673416
175	FFKEX	today	16.31	Jun 15, 2017	16.08	1.4303436	16.33	-0.12247467
176	ACWV	Sep 22, 2017	81.11	Jun 23, 2017	79.96	1.4382248	81.69	-0.7100067
177	FIAFX	today	11.24	Jun 26, 2017	11.08	1.4440384	11.24	0.0	*BT*
178	FFFAX	today	11.85	Jun 26, 2017	11.68	1.4554825	11.85	0.0
179	FJIFX	today	13.35	Jun 26, 2017	13.15	1.5209198	13.35	0.0
180	FHIGX	today	13.29	Jun 26, 2017	13.09	1.5278778	13.29	0.0
181	VHT	Sep 22, 2017	152.21	Jun 23, 2017	149.91	1.534256	153.82	-1.0466766
182	FBCVX	today	18.45	Jun 26, 2017	18.17	1.541008	18.43	0.10851288	*P*
183	FHLC	Sep 22, 2017	39.39	Jun 23, 2017	38.79	1.5467911	39.78	-0.98039246
184	FCSFX	today	5.23	Jun 08, 2017	5.15	1.5533905	5.23	0.0
185	VWNFX	today	38.11	Jun 26, 2017	37.52	1.5724869	37.94	0.44808197
186	FIRMX	today	57.83	Jun 26, 2017	56.93	1.5808945	57.86	-0.051849365
187	FIRNX	today	57.76	Jun 26, 2017	56.86	1.5828247	57.79	-0.05191803
188	JNK	Sep 22, 2017	37.2	Jun 23, 2017	36.61	1.6115799	37.17	0.080718994
189	FVDKX	today	27.52	Jun 26, 2017	27.08	1.6248245	27.44	0.29154968
190	FVDFX	today	27.51	Jun 26, 2017	27.07	1.6254196	27.43	0.29164886
191	RWJ	Sep 22, 2017	65.95	Jun 23, 2017	64.88	1.6492004	64.9	1.6178589
192	VIMSX	today	39.84	Jun 26, 2017	39.19	1.6585922	39.87	-0.07524109
193	FMEIX	today	15.2	Jun 26, 2017	14.95	1.6722412	15.21	-0.06575012
194	FFSTX	today	17.44	Jun 08, 2017	17.15	1.6909714	17.44	0.0
195	VWAHX	today	11.41	Jun 26, 2017	11.22	1.6934052	11.41	0.0
196	FIUIX	today	26.86	Jun 26, 2017	26.41	1.7039032	26.82	0.1491394
197	FIROX	today	58.84	Jun 26, 2017	57.85	1.711319	58.88	-0.06793976
198	FIRPX	today	58.11	Jun 26, 2017	57.13	1.7153854	58.14	-0.051597595
199	NHINX	today	8.78	Jun 26, 2017	8.63	1.738121	8.78	0.0
200	FTANX	today	11.11	Jun 26, 2017	10.92	1.7399216	11.12	-0.0899353
201	FSLCX	today	19.26	Jun 26, 2017	18.93	1.7432709	19.13	0.6795654
202	XMPT	Sep 22, 2017	27.34	Jun 23, 2017	26.87	1.7491608	27.62	-1.0137634
203	FSLEX	today	25.26	Jun 26, 2017	24.82	1.7727585	25.1	0.6374512
204	FFKFX	today	17.17	Jun 15, 2017	16.87	1.778305	17.19	-0.11634827
205	FSPHX	today	230.41	Jun 26, 2017	226.37	1.7846909	232.85	-1.0478821
206	FJPNX	today	14.2	Jun 26, 2017	13.95	1.7921066	14.29	-0.62981415
207	RFV	Sep 22, 2017	63.04	Jun 23, 2017	61.92	1.8087845	62.73	0.49417877
208	ACITX	today	11.66	Jun 26, 2017	11.45	1.8340607	11.7	-0.3418808
209	FKTHX	today	17.15	Jun 15, 2017	16.84	1.8408508	17.17	-0.116485596	*P*
210	FKIFX	today	14.18	Jun 26, 2017	13.92	1.8678207	14.18	0.0
211	JDSNX	today	23.28	Jun 26, 2017	22.85	1.8818359	23.1	0.7792206	*BT*
212	FFIVX	today	12.28	Jun 26, 2017	12.05	1.9087067	12.28	0.0	*BT*
213	NAD	Sep 22, 2017	14.24	Jun 23, 2017	13.97	1.9327011	14.38	-0.9735794
214	FFFVX	today	12.62	Jun 26, 2017	12.38	1.9386063	12.62	0.0
215	VO	Sep 22, 2017	145.95	Jun 23, 2017	143.15	1.9560013	145.81	0.0960083
216	FSRRX	today	8.85	Jun 26, 2017	8.68	1.9585266	8.88	-0.3378296
217	SPLV	Sep 22, 2017	45.75	Jun 23, 2017	44.87	1.9612198	45.84	-0.19633484	*P*
218	ANFVX	today	27.07	Jun 26, 2017	26.54	1.9969788	26.84	0.85692596	*BT*
219	FIRQX	today	56.56	Jun 26, 2017	55.45	2.0018082	56.59	-0.053009033
220	VIG	Sep 22, 2017	94.1	Jun 23, 2017	92.25	2.0054245	94.16	-0.06372833
221	FEQIX	today	60.44	Jun 26, 2017	59.24	2.02565	60.24	0.33200073
222	FIRRX	today	53.0	Jun 26, 2017	51.94	2.0408173	53.03	-0.05657196
223	VWELX	today	41.9	Jun 26, 2017	41.06	2.045784	41.98	-0.19055939
224	FASMX	today	18.34	Jun 26, 2017	17.97	2.058998	18.36	-0.108932495
225	NKX	Sep 22, 2017	15.76	Jun 23, 2017	15.44	2.072548	15.85	-0.5678253	*P*
226	FSTCX	today	68.78	Jun 26, 2017	67.38	2.077774	67.6	1.7455597
227	FHIFX	today	8.75	Jun 26, 2017	8.57	2.1003494	8.74	0.11441803
228	FFANX	today	11.66	Jun 26, 2017	11.42	2.1015778	11.67	-0.08569336
229	FSICX	today	11.16	Jun 26, 2017	10.93	2.1042938	11.16	0.0
230	FPIOX	today	9.65	Jun 26, 2017	9.45	2.1164093	9.64	0.10372162
231	JDD	Sep 22, 2017	12.51	Jun 23, 2017	12.25	2.1224518	12.5	0.08000183	*P*
232	FBALX	today	24.45	Jun 26, 2017	23.94	2.130333	24.48	-0.122543335
233	FNJHX	today	11.93	Jun 26, 2017	11.68	2.1404114	11.93	0.0
234	FFKHX	today	17.93	Jun 15, 2017	17.55	2.165245	17.96	-0.16703033
235	FFKGX	today	17.78	Jun 15, 2017	17.4	2.1839142	17.81	-0.16843414
236	FSRIX	today	12.62	Jun 26, 2017	12.35	2.186226	12.62	0.0	*BT*
237	PRHSX	today	73.33	Jun 26, 2017	71.76	2.187851	73.84	-0.6906738
238	OWSMX	today	17.22	Jun 26, 2017	16.85	2.1958313	17.2	0.11626434
239	MNBAX	today	18.05	Jun 26, 2017	17.66	2.208374	18.1	-0.27625275
240	FLIFX	today	14.78	Jun 26, 2017	14.46	2.2129974	14.78	0.0
241	USAGX	today	13.31	Jun 26, 2017	13.02	2.2273407	13.41	-0.74570465
242	FCIFX	today	12.79	Jun 26, 2017	12.51	2.238205	12.79	0.0	*BT*
243	FLSAX	today	43.31	Jun 26, 2017	42.36	2.2426834	43.17	0.3243103
244	FDVLX	today	120.25	Jun 26, 2017	117.6	2.2534027	119.98	0.22502899
245	SPHIX	today	9.0	Jun 26, 2017	8.8	2.272728	8.98	0.22271729
246	FVLKX	today	120.43	Jun 26, 2017	117.75	2.276001	120.16	0.22470093
247	FFFCX	today	16.15	Jun 26, 2017	15.79	2.2799225	16.16	-0.06188202
248	FIRSX	today	53.6	Jun 26, 2017	52.4	2.2900696	53.63	-0.05594635
249	NOSGX	today	24.56	Jun 26, 2017	24.01	2.2907104	24.27	1.1948853
250	TWEBX	today	23.02	Jun 26, 2017	22.5	2.3111115	22.97	0.21767426
251	BRSVX	today	25.23	Jun 26, 2017	24.65	2.3529434	24.88	1.4067535
252	FNMIX	today	16.49	Jun 26, 2017	16.11	2.35878	16.55	-0.36253357
253	PKB	Sep 22, 2017	30.34	Jun 23, 2017	29.64	2.361679	29.97	1.2345657
254	FIRUX	today	58.17	Jun 26, 2017	56.82	2.3759232	58.2	-0.05155182
255	QQQ	Sep 22, 2017	144.32	Jun 23, 2017	140.93	2.4054642	145.74	-0.97434235
256	FIGFX	today	13.17	Jun 26, 2017	12.86	2.4105759	13.17	0.0
257	NAESX	today	66.46	Jun 26, 2017	64.88	2.4352646	66.12	0.51420593
258	FFVIX	today	12.99	Jun 26, 2017	12.68	2.4447937	12.99	0.0	*BT*
259	FPIFX	today	15.49	Jun 26, 2017	15.12	2.4470901	15.49	0.0
260	FOCPX	today	102.91	Jun 26, 2017	100.45	2.4489899	104.08	-1.1241302
261	RSP	Sep 22, 2017	94.55	Jun 23, 2017	92.28	2.4599075	94.37	0.19073486
262	EIERX	today	17.34	Jun 26, 2017	16.92	2.4822693	17.36	-0.11521149	*BT*
263	FZAAX	today	21.64	Jun 26, 2017	21.11	2.5106583	21.67	-0.138443	*BT*
264	FBAKX	today	24.45	Jun 26, 2017	23.85	2.5157242	24.48	-0.122543335
265	ONEQ	Sep 22, 2017	252.11	Jun 23, 2017	245.92	2.5170822	253.25	-0.45014954
266	FSAGX	today	21.15	Jun 26, 2017	20.63	2.520607	21.28	-0.6109085	*P*
267	FSLSX	today	42.69	Jun 26, 2017	41.64	2.5216064	42.71	-0.046829224
268	FSHNX	today	9.73	Jun 26, 2017	9.49	2.5289764	9.71	0.20597076
269	FIRVX	today	51.8	Jun 26, 2017	50.52	2.5336533	51.83	-0.057891846
270	EWJ	Sep 22, 2017	55.43	Jun 23, 2017	54.05	2.5531921	55.24	0.343956
271	FNORX	today	53.97	Jun 26, 2017	52.62	2.5655746	53.44	0.9917755	*P*
272	SEQUX	today	181.08	Jun 26, 2017	176.55	2.5658493	180.14	0.52181244
273	FVSKX	today	42.69	Jun 26, 2017	41.62	2.570877	42.7	-0.023422241
274	FUSEX	today	87.87	Jun 26, 2017	85.65	2.5919418	87.92	-0.056861877
275	VTSMX	today	62.48	Jun 26, 2017	60.9	2.5944138	62.71	-0.36676788
276	FFVFX	today	13.39	Jun 26, 2017	13.05	2.6053696	13.39	0.0
277	VTSAX	today	62.5	Jun 26, 2017	60.91	2.6104126	62.74	-0.38253784
278	FEIKX	today	60.41	Jun 26, 2017	58.87	2.615944	60.21	0.3321762
279	FEQTX	today	28.6	Jun 26, 2017	27.87	2.6193008	28.48	0.4213562
280	FQIFX	today	16.4	Jun 26, 2017	15.98	2.6282883	16.4	0.0
281	FIRWX	today	58.22	Jun 26, 2017	56.72	2.644577	58.24	-0.034347534
282	IVV	Sep 22, 2017	252.37	Jun 23, 2017	245.85	2.6520157	252.14	0.09121704
283	VUG	Sep 22, 2017	131.79	Jun 23, 2017	128.38	2.6561737	132.45	-0.49830627
284	FIXRX	today	53.35	Jun 26, 2017	51.96	2.6751251	53.38	-0.05620575
285	CXXRX	today	25.05	Jun 26, 2017	24.39	2.7060242	24.83	0.8860245	*BT*
286	VWNDX	today	22.74	Jun 26, 2017	22.14	2.7100296	22.62	0.5305023
287	FDIFX	today	14.01	Jun 26, 2017	13.64	2.7126083	14.01	0.0	*BT*
288	FIGSX	today	15.85	Jun 26, 2017	15.43	2.721962	15.86	-0.06304932
289	FEDCX	today	10.47	Jun 26, 2017	10.19	2.747795	10.51	-0.38058472
290	DGRO	Sep 22, 2017	32.44	Jun 23, 2017	31.57	2.7557755	32.41	0.092567444
291	VB	Sep 22, 2017	138.73	Jun 23, 2017	134.97	2.7858047	137.34	1.012085
292	FFFDX	today	16.47	Jun 26, 2017	16.02	2.8089752	16.47	0.0
293	FEXPX	today	23.21	Jun 26, 2017	22.57	2.835617	23.15	0.25917053
294	FEXKX	today	23.18	Jun 26, 2017	22.54	2.8394012	23.13	0.21617126
295	VEIPX	today	35.47	Jun 26, 2017	34.49	2.8414001	35.62	-0.42110443
296	VEXMX	today	79.9	Jun 26, 2017	77.69	2.8446426	79.56	0.4273529
297	IWM	Sep 22, 2017	144.3	Jun 23, 2017	140.3	2.851036	142.41	1.3271561
298	FSCFX	today	14.75	Jun 26, 2017	14.34	2.8591385	14.68	0.47683716
299	FMIMX	today	28.36	Jun 26, 2017	27.57	2.8654327	28.02	1.213417
300	FITWX	today	13.94	Jun 26, 2017	13.55	2.8782272	13.94	0.0	*BT*
301	PYVLX	today	16.41	Jun 26, 2017	15.95	2.884018	16.35	0.36697388
302	VEXAX	today	79.86	Jun 26, 2017	77.62	2.8858566	79.52	0.42756653	*P*
303	FSANX	today	12.45	Jun 26, 2017	12.1	2.8925552	12.46	-0.08026123
304	DIAX	Sep 22, 2017	16.71	Jun 23, 2017	16.24	2.894081	16.46	1.518837
305	FSEVX	today	60.78	Jun 26, 2017	59.07	2.894867	60.52	0.42960358
306	FSEMX	today	60.78	Jun 26, 2017	59.06	2.9122849	60.51	0.44621277
307	IBB	Sep 22, 2017	329.94	Jun 23, 2017	320.56	2.9261322	331.82	-0.5665741
308	FSAEX	today	13.27	Jun 26, 2017	12.89	2.948021	13.29	-0.15048218
309	FFTWX	today	14.23	Jun 26, 2017	13.82	2.966713	14.24	-0.07022858
310	FSPCX	today	84.72	Jun 26, 2017	82.27	2.9780045	83.86	1.0255203
311	VOOG	Sep 22, 2017	128.4	Jun 23, 2017	124.67	2.99189	128.83	-0.33377838
312	SWHFX	today	26.08	Jun 26, 2017	25.32	3.0015793	26.24	-0.60975647
313	FSTMX	today	72.54	Jun 26, 2017	70.39	3.0544128	72.52	0.02758789
314	VOO	Sep 22, 2017	229.04	Jun 23, 2017	222.23	3.064392	228.92	0.05241394	*P*
315	FFNOX	today	43.02	Jun 26, 2017	41.74	3.066597	42.98	0.093063354
316	FFSMX	today	72.56	Jun 26, 2017	70.4	3.0681763	72.54	0.027557373
317	FSTVX	today	72.55	Jun 26, 2017	70.39	3.0686264	72.53	0.02758789
318	VFINX	today	230.92	Jun 26, 2017	224.04	3.070877	231.06	-0.060585022
319	RPMGX	today	89.5	Jun 26, 2017	86.83	3.0749664	89.12	0.4263916
320	FNCMX	today	84.87	Jun 26, 2017	82.33	3.0851517	85.24	-0.43406677	*P*
321	FUSVX	today	87.89	Jun 26, 2017	85.25	3.0967712	87.94	-0.056861877	*P*
322	VFIAX	today	230.92	Jun 26, 2017	223.98	3.0984879	231.05	-0.056266785	*P*
323	VTI	Sep 22, 2017	128.37	Jun 23, 2017	124.51	3.1001434	128.05	0.24990082
324	SPY	Sep 22, 2017	249.44	Jun 23, 2017	241.93	3.10421	249.19	0.10032654	*P*
325	PEQKX	today	34.98	Jun 26, 2017	33.92	3.125	34.95	0.08583069	*BT*
326	FPURX	today	23.08	Jun 26, 2017	22.38	3.1278	23.08	0.0
327	SCHD	Sep 22, 2017	46.67	Jun 23, 2017	45.25	3.138115	46.6	0.15021515
328	JPI	Sep 22, 2017	24.94	Jun 23, 2017	24.18	3.143097	25.03	-0.35957336
329	FDGKX	today	33.64	Jun 26, 2017	32.61	3.1585312	33.57	0.20851898
330	FDEQX	today	37.53	Jun 26, 2017	36.38	3.1610718	37.65	-0.31873322
331	FETKX	today	28.6	Jun 26, 2017	27.72	3.1746063	28.49	0.3861084
332	PLMDX	today	9.41	Jun 26, 2017	9.12	3.1798248	9.41	0.0
333	FXIFX	today	17.17	Jun 26, 2017	16.64	3.1851044	17.16	0.058280945
334	GLD	Sep 22, 2017	123.24	Jun 23, 2017	119.43	3.1901474	125.53	-1.8242645
335	FDEKX	today	37.5	Jun 26, 2017	36.34	3.1920776	37.61	-0.29248047
336	FDSCX	today	27.56	Jun 26, 2017	26.7	3.2209625	27.36	0.73098755
337	KRE	Sep 22, 2017	54.4	Jun 23, 2017	52.7	3.2257996	52.37	3.8762665
338	IAU	Sep 22, 2017	12.47	Jun 23, 2017	12.08	3.228485	12.7	-1.8110199
339	FASGX	today	22.26	Jun 26, 2017	21.56	3.2467575	22.3	-0.17936707
340	FSLVX	today	19.98	Jun 26, 2017	19.35	3.255806	19.91	0.3515854
341	FEFIX	today	15.04	Jun 26, 2017	14.56	3.2966995	15.04	0.0	*P*
342	FDYSX	today	9.66	Jun 26, 2017	9.35	3.3154984	9.68	-0.20661163
343	FCSAX	today	17.42	Jun 26, 2017	16.86	3.3214722	17.42	0.0
344	FSOPX	today	13.68	Jun 26, 2017	13.24	3.3232727	13.58	0.73638153
345	FWRLX	today	9.92	Jun 26, 2017	9.6	3.3333282	10.02	-0.9980087	*P*
346	PRF	Sep 22, 2017	106.1	Jun 23, 2017	102.67	3.340805	105.53	0.540123
347	FGRIX	today	35.83	Jun 26, 2017	34.66	3.3756485	35.62	0.58956146
348	IJS	Sep 22, 2017	143.71	Jun 23, 2017	139.01	3.3810577	141.0	1.9219894
349	VHDYX	today	31.99	Jun 26, 2017	30.94	3.3936615	31.93	0.18791199
350	AGTHX	today	49.32	Jun 26, 2017	47.69	3.4179077	49.38	-0.12151337
351	RZV	Sep 22, 2017	67.3	Jun 23, 2017	65.07	3.4270859	65.89	2.1399384
352	FFFEX	today	17.76	Jun 26, 2017	17.17	3.4362335	17.77	-0.056282043
353	FDCPX	today	89.51	Jun 26, 2017	86.53	3.4438934	90.33	-0.9077835
354	FOHIX	today	16.49	Jun 26, 2017	15.93	3.5153732	16.48	0.060676575
355	SLYV	Sep 22, 2017	121.96	Jun 23, 2017	117.81	3.5226212	119.59	1.9817734
356	FLPSX	today	51.11	Jun 26, 2017	49.37	3.524414	51.34	-0.44799805
357	FPUKX	today	23.07	Jun 26, 2017	22.28	3.5457764	23.06	0.04336548
358	FLPKX	today	51.07	Jun 26, 2017	49.32	3.548256	51.29	-0.42893982
359	FGIKX	today	35.81	Jun 26, 2017	34.58	3.5569687	35.59	0.61815643
360	FIOFX	today	18.33	Jun 26, 2017	17.7	3.5593185	18.33	0.0
361	FLVEX	today	12.79	Jun 26, 2017	12.35	3.5627518	12.78	0.07824707	*P*
362	VEVRX	today	39.22	Jun 26, 2017	37.87	3.5648346	39.0	0.5641098	*BT**P*
363	FBIFX	today	18.2	Jun 26, 2017	17.57	3.5856628	18.2	0.0
364	PASDX	today	12.11	Jun 26, 2017	11.69	3.5928116	12.12	-0.0825119
365	FIPFX	today	18.42	Jun 26, 2017	17.78	3.5995483	18.41	0.05432129
366	GSSUX	today	62.96	Jun 26, 2017	60.77	3.6037445	62.12	1.3522263
367	FIHFX	today	18.08	Jun 26, 2017	17.45	3.6103134	18.07	0.055336
368	JPS	Sep 22, 2017	10.33	Jun 23, 2017	9.97	3.6108246	10.26	0.6822586	*P*
369	FITHX	today	14.61	Jun 26, 2017	14.1	3.617012	14.6	0.068489075	*BT*
370	FMCSX	today	37.81	Jun 26, 2017	36.49	3.6174316	37.6	0.55851746
371	VTV	Sep 22, 2017	99.18	Jun 23, 2017	95.71	3.625534	98.47	0.72102356
372	FBT	Sep 22, 2017	122.99	Jun 23, 2017	118.68	3.6316147	123.35	-0.29185486
373	FLCEX	today	13.98	Jun 26, 2017	13.49	3.6323166	14.0	-0.14286041
374	FKMCX	today	37.83	Jun 26, 2017	36.5	3.6438446	37.62	0.5582199
375	FGRTX	today	16.93	Jun 26, 2017	16.33	3.6742249	16.85	0.47477722
376	FFFIX	today	12.1	Jun 26, 2017	11.67	3.6846619	12.1	0.0	*BT*
377	PAUDX	today	8.99	Jun 26, 2017	8.67	3.6908875	9.01	-0.22197723
378	FSGFX	today	17.97	Jun 26, 2017	17.33	3.6930084	18.05	-0.44321442
379	PRPFX	today	40.95	Jun 26, 2017	39.49	3.697136	41.06	-0.2679062
380	FFFPX	today	12.04	Jun 26, 2017	11.61	3.7037048	12.04	0.0	*BT*
381	PRFDX	today	34.13	Jun 26, 2017	32.91	3.7070847	33.97	0.4710083
382	FHFIX	today	13.13	Jun 26, 2017	12.66	3.7124863	13.12	0.07622528	*BT*
383	FSCSX	today	158.09	Jun 26, 2017	152.43	3.7131805	158.04	0.0316391	*P*
384	FIFFX	today	15.63	Jun 26, 2017	15.07	3.7159882	15.62	0.06402588	*BT*
385	OAKBX	today	33.18	Jun 26, 2017	31.99	3.7199173	33.16	0.060317993
386	JATTX	today	28.03	Jun 26, 2017	27.02	3.737976	27.83	0.7186508
387	FDKQX	today	11.6	Jun 26, 2017	11.18	3.7567139	11.59	0.08628082	*BT*
388	FDSSX	today	42.74	Jun 26, 2017	41.19	3.763054	42.86	-0.27998352
389	FFTHX	today	14.86	Jun 26, 2017	14.32	3.7709503	14.87	-0.06725311
390	GTSGX	today	9.63	Jun 26, 2017	9.28	3.771553	9.56	0.7322159
391	FFFFX	today	10.43	Jun 26, 2017	10.05	3.7810898	10.44	-0.09577942
392	FSSKX	today	42.78	Jun 26, 2017	41.22	3.7845612	42.89	-0.25646973
393	FLGEX	today	17.81	Jun 26, 2017	17.16	3.7878723	17.85	-0.2240982
394	FSCOX	today	18.27	Jun 26, 2017	17.6	3.806816	18.37	-0.54437256
395	FGBLX	today	25.44	Jun 26, 2017	24.5	3.8367386	25.54	-0.39154053
396	JASCX	today	35.34	Jun 26, 2017	34.03	3.849556	34.99	1.0002823
397	FFFHX	today	11.86	Jun 26, 2017	11.42	3.85289	11.87	-0.084243774
398	FAMRX	today	19.13	Jun 26, 2017	18.42	3.8544998	19.17	-0.20866394
399	ANWPX	today	43.47	Jun 26, 2017	41.85	3.8709793	43.59	-0.27529144
400	FFFGX	today	11.8	Jun 26, 2017	11.36	3.8732376	11.8	0.0
401	FVSAX	today	19.46	Jun 26, 2017	18.73	3.8974915	19.37	0.46463013
402	NBB	Sep 22, 2017	21.71	Jun 23, 2017	20.89	3.9253235	21.81	-0.45851135
403	FLVCX	today	32.53	Jun 26, 2017	31.3	3.9297104	32.31	0.6809006
404	FBGRX	today	83.37	Jun 26, 2017	80.2	3.9526215	84.07	-0.832634
405	FLCKX	today	32.6	Jun 26, 2017	31.36	3.9540787	32.38	0.6794205
406	LEXCX	today	34.96	Jun 26, 2017	33.62	3.9857254	34.57	1.1281509
407	PRGFX	today	66.93	Jun 26, 2017	64.35	4.0093307	67.22	-0.43141937
408	FLCSX	today	32.04	Jun 26, 2017	30.8	4.0259857	31.84	0.6281357
409	JPC	Sep 22, 2017	10.5	Jun 23, 2017	10.09	4.063431	10.5	0.0
410	EEH	Sep 22, 2017	18.35	Jun 23, 2017	17.63	4.083954	18.14	1.1576691
411	DODGX	today	200.05	Jun 26, 2017	192.14	4.1167984	196.27	1.9259186
412	ANDVX	today	17.82	Jun 26, 2017	17.11	4.1496124	17.68	0.7918472	*BT*
413	FTEC	Sep 22, 2017	45.74	Jun 23, 2017	43.91	4.167618	45.95	-0.457016
414	VGT	Sep 22, 2017	151.0	Jun 23, 2017	144.92	4.1954193	151.81	-0.5335617
415	EES	Sep 22, 2017	33.83	Jun 23, 2017	32.46	4.2205963	33.0	2.5151596
416	ITB	Sep 22, 2017	35.01	Jun 23, 2017	33.59	4.2274475	34.79	0.63235474
417	FDIVX	today	40.73	Jun 26, 2017	39.07	4.248787	40.78	-0.12260437
418	FDIKX	today	40.67	Jun 26, 2017	39.01	4.2553177	40.72	-0.122795105
419	FZANX	today	32.05	Jun 26, 2017	30.73	4.295479	32.03	0.062438965	*BT*
420	FIREX	today	11.08	Jun 26, 2017	10.62	4.331444	11.12	-0.3597107
421	FSELX	today	109.41	Jun 26, 2017	104.85	4.3490753	110.55	-1.0312042
422	FSTSX	today	17.75	Jun 26, 2017	17.01	4.3503723	17.86	-0.61590576
423	FCNTX	today	120.61	Jun 26, 2017	115.55	4.379059	121.0	-0.3223114	*P*
424	FCYIX	today	35.02	Jun 26, 2017	33.55	4.381523	34.46	1.6250763
425	MLAIX	today	10.7	Jun 26, 2017	10.25	4.3902435	10.74	-0.37243652	*BT**P*
426	FCNKX	today	120.6	Jun 26, 2017	115.51	4.4065475	120.98	-0.31410217	*P*
427	RYTRX	today	14.45	Jun 26, 2017	13.84	4.4075165	14.26	1.3323898	*BT*
428	PFBDX	today	10.14	Jun 26, 2017	9.71	4.428421	10.15	-0.09851074
429	FBIOX	today	227.9	Jun 26, 2017	218.1	4.493347	229.71	-0.78795624	*P*
430	PSCM	Sep 22, 2017	48.1	Jun 23, 2017	46.03	4.4970627	46.42	3.619133
431	FDSVX	today	31.63	Jun 26, 2017	30.26	4.5274277	31.75	-0.37795258
432	XBI	Sep 22, 2017	83.91	Jun 23, 2017	80.27	4.534706	83.66	0.29883575
433	FIVLX	today	8.99	Jun 26, 2017	8.6	4.534874	8.93	0.67189026
434	FSRBX	today	33.1	Jun 26, 2017	31.66	4.5483246	32.38	2.223587
435	FGDKX	today	31.65	Jun 26, 2017	30.27	4.5589676	31.77	-0.37771606
436	FTRNX	today	100.14	Jun 26, 2017	95.76	4.573929	100.6	-0.45726013
437	FIEUX	today	41.69	Jun 26, 2017	39.86	4.591057	41.6	0.21633911
438	EMLC	Sep 22, 2017	19.52	Jun 23, 2017	18.66	4.608795	19.54	-0.10235596
439	FUSIX	today	10.44	Jun 26, 2017	9.98	4.609215	10.44	0.0
440	FILFX	today	11.31	Jun 26, 2017	10.81	4.6253433	11.29	0.17715454
441	FJSCX	today	17.81	Jun 26, 2017	17.02	4.641594	17.95	-0.779953
442	VIS	Sep 22, 2017	133.87	Jun 23, 2017	127.92	4.6513443	131.08	2.1284714
443	FINVX	today	10.73	Jun 26, 2017	10.25	4.6829224	10.66	0.65665436
444	GWX	Sep 22, 2017	34.81	Jun 23, 2017	33.25	4.6917343	34.92	-0.31500244
445	FGCKX	today	173.92	Jun 26, 2017	166.09	4.7143097	175.47	-0.8833389
446	PRNHX	today	53.74	Jun 26, 2017	51.3	4.75634	53.38	0.6744156
447	WIP	Sep 22, 2017	58.21	Jun 23, 2017	55.56	4.7696075	58.16	0.08597565
448	HDOGX	today	14.66	Jun 26, 2017	13.99	4.789139	14.55	0.75601196
449	VT	Sep 22, 2017	70.84	Jun 23, 2017	67.6	4.7928925	70.63	0.2973175
450	FXZ	Sep 22, 2017	39.96	Jun 23, 2017	38.13	4.799362	39.45	1.292778
451	FFIDX	today	43.0	Jun 26, 2017	41.03	4.8013687	43.06	-0.13934326
452	FFDKX	today	42.98	Jun 26, 2017	41.0	4.829262	43.05	-0.16259766
453	FSNGX	today	24.03	Jun 26, 2017	22.92	4.8429337	23.51	2.2118225
454	FSIIX	today	42.49	Jun 26, 2017	40.52	4.8617935	42.37	0.283226
455	PENNX	today	12.04	Jun 26, 2017	11.48	4.8780594	11.93	0.9220505
456	FSIVX	today	42.51	Jun 26, 2017	40.53	4.885269	42.39	0.28308868	*P*
457	FMILX	today	40.48	Jun 26, 2017	38.58	4.92482	40.12	0.89730835
458	CSCO	Sep 22, 2017	33.37	Jun 23, 2017	31.79	4.970108	32.44	2.866829
459	EFA	Sep 22, 2017	68.39	Jun 23, 2017	65.14	4.989258	68.06	0.4848709
460	DIA	Sep 22, 2017	223.2	Jun 23, 2017	212.55	5.010582	222.45	0.3371582	*P*
461	FOSFX	today	49.47	Jun 26, 2017	47.1	5.031845	49.45	0.04045105
462	PRMTX	today	94.54	Jun 26, 2017	90.0	5.044449	94.84	-0.3163147
463	FOSKX	today	49.39	Jun 26, 2017	47.01	5.0627594	49.36	0.060775757
464	FTIEX	today	9.25	Jun 26, 2017	8.8	5.11364	9.25	0.0
465	PCBIX	today	26.69	Jun 26, 2017	25.39	5.1201324	26.6	0.3383484	*BT**P*
466	SSSFX	today	25.39	Jun 26, 2017	24.15	5.1345673	25.21	0.7140045
467	RTM	Sep 22, 2017	102.73	Jun 23, 2017	97.62	5.2345886	101.58	1.1321182
468	FDFFX	today	39.49	Jun 26, 2017	37.51	5.2786026	39.55	-0.15170288
469	FSVLX	today	14.85	Jun 26, 2017	14.1	5.319153	14.61	1.6427155
470	SCHF	Sep 22, 2017	33.41	Jun 23, 2017	31.72	5.3278656	33.22	0.5719452
471	FPBFX	today	33.74	Jun 26, 2017	32.01	5.4045715	33.77	-0.08883667	*P*
472	FSRFX	today	99.6	Jun 26, 2017	94.45	5.4526215	97.43	2.227234
473	VTMGX	today	13.91	Jun 26, 2017	13.19	5.458687	13.86	0.3607483
474	FENY	Sep 22, 2017	18.56	Jun 23, 2017	17.59	5.514488	18.19	2.0340805
475	FDCAX	today	36.96	Jun 26, 2017	35.02	5.539688	36.9	0.16259003
476	XLB	Sep 22, 2017	56.55	Jun 23, 2017	53.56	5.5825195	56.07	0.8560791	*P*
477	EEMV	Sep 22, 2017	58.6	Jun 23, 2017	55.5	5.5855865	58.72	-0.20436859
478	FIDSX	today	105.96	Jun 26, 2017	100.3	5.6430664	104.46	1.4359589
479	FIVFX	today	20.68	Jun 26, 2017	19.57	5.6719513	20.78	-0.48123932
480	FMAGX	today	101.31	Jun 26, 2017	95.86	5.685379	101.39	-0.0789032
481	FMGKX	today	101.2	Jun 26, 2017	95.73	5.713974	101.28	-0.07898712
482	PRGTX	today	18.39	Jun 26, 2017	17.39	5.7504272	18.5	-0.59459686
483	FSLBX	today	77.52	Jun 26, 2017	73.3	5.7571564	76.28	1.6255875	*P*
484	XLE	Sep 22, 2017	67.2	Jun 23, 2017	63.54	5.760147	65.84	2.0656128
485	XT	Sep 22, 2017	34.27	Jun 23, 2017	32.4	5.771599	34.16	0.32202148
486	VDE	Sep 22, 2017	92.71	Jun 23, 2017	87.61	5.821251	90.82	2.0810394
487	JIGFX	today	32.23	Jun 26, 2017	30.43	5.9152145	32.25	-0.06201935
488	VAW	Sep 22, 2017	128.37	Jun 23, 2017	121.09	6.0120544	126.97	1.1026154
489	VGTSX	today	17.6	Jun 26, 2017	16.6	6.0241013	17.59	0.056854248
490	FSGDX	today	13.27	Jun 26, 2017	12.51	6.075142	13.26	0.075408936	*BT*
491	VTIAX	today	29.45	Jun 26, 2017	27.76	6.0878983	29.42	0.10197449	*P*
492	FSGEX	today	13.01	Jun 26, 2017	12.26	6.1174545	13.0	0.076927185
493	CGMRX	today	34.29	Jun 26, 2017	32.31	6.1281357	34.8	-1.4655151
494	MVALX	today	42.52	Jun 26, 2017	40.05	6.1672897	42.18	0.8060684
495	FWWFX	today	26.67	Jun 26, 2017	25.12	6.1703796	26.81	-0.5221939
496	RERGX	today	55.71	Jun 26, 2017	52.41	6.296501	55.69	0.03591919
497	VXUS	Sep 22, 2017	54.84	Jun 23, 2017	51.59	6.299675	54.7	0.2559433
498	FSCGX	today	42.31	Jun 26, 2017	39.8	6.3065414	41.7	1.4628296
499	FNCL	Sep 22, 2017	37.29	Jun 23, 2017	35.07	6.3302	36.32	2.6707077
500	VFH	Sep 22, 2017	64.46	Jun 23, 2017	60.62	6.3345413	62.74	2.7414703
501	VEU	Sep 22, 2017	52.84	Jun 23, 2017	49.68	6.36071	52.65	0.36087036
502	FSEAX	today	41.79	Jun 26, 2017	39.29	6.362938	42.14	-0.8305588	*P*
503	FISMX	today	29.23	Jun 26, 2017	27.48	6.368271	29.23	0.0
504	MOO	Sep 22, 2017	58.78	Jun 23, 2017	55.26	6.3698883	58.31	0.8060303
505	FIENX	today	9.93	Jun 26, 2017	9.33	6.4308777	9.9	0.30303955
506	VNQI	Sep 22, 2017	60.2	Jun 23, 2017	56.56	6.435646	60.45	-0.4135666	*P*
507	VTRIX	today	38.67	Jun 26, 2017	36.32	6.4702606	38.45	0.57216644
508	FCSSX	today	5.26	Jun 26, 2017	4.94	6.4777374	5.27	-0.18975067
509	FSAIX	today	84.08	Jun 26, 2017	78.92	6.538269	82.27	2.2000809	*P*
510	DRA	Sep 22, 2017	18.1	Jun 23, 2017	16.98	6.5960083	18.1	0.0
511	FCPGX	today	23.62	Jun 26, 2017	22.15	6.636574	23.49	0.55342865	*P*
512	FSPTX	today	177.14	Jun 26, 2017	165.94	6.749428	179.49	-1.3092728
513	DODFX	today	46.85	Jun 26, 2017	43.87	6.7927933	46.57	0.60124207
514	MERKX	today	10.19	Jun 26, 2017	9.54	6.8134155	10.21	-0.19589233
515	FATIX	today	58.27	Jun 26, 2017	54.54	6.839012	59.03	-1.2874756	*BT**P*
516	XLF	Sep 22, 2017	25.43	Jun 23, 2017	23.79	6.8936462	24.77	2.6645203
517	VSS	Sep 22, 2017	114.76	Jun 23, 2017	107.35	6.9026566	115.03	-0.23471832
518	FTQGX	today	22.27	Jun 26, 2017	20.83	6.9131165	22.5	-1.0222168
519	FNARX	today	27.26	Jun 26, 2017	25.49	6.9439087	26.81	1.678482
520	FIGRX	today	46.28	Jun 26, 2017	43.24	7.030525	46.25	0.06486511
521	ICENX	today	12.15	Jun 26, 2017	11.35	7.0484543	11.91	2.0151138
522	FZAIX	today	46.17	Jun 26, 2017	43.12	7.0732803	46.14	0.0650177	*BT*
523	FSENX	today	40.47	Jun 26, 2017	37.79	7.09182	39.69	1.9652405
524	FIDKX	today	46.2	Jun 26, 2017	43.14	7.093193	46.17	0.06497955
525	PCRIX	today	6.61	Jun 26, 2017	6.17	7.131279	6.64	-0.4518051	*BT*
526	FBSOX	today	51.53	Jun 26, 2017	47.8	7.8033447	51.11	0.82175446
527	FSDPX	today	88.57	Jun 26, 2017	82.1	7.880638	88.26	0.3512268
528	FEMFX	today	20.73	Jun 08, 2017	19.16	8.194145	20.73	0.0
529	PYZ	Sep 22, 2017	65.17	Jun 23, 2017	60.18	8.291794	64.19	1.5267105
530	FEMEX	today	9.49	Jun 26, 2017	8.74	8.58123	9.45	0.4232788
531	PSCE	Sep 22, 2017	14.03	Jun 23, 2017	12.86	9.097984	13.32	5.3303375	*P*
532	FSAMX	today	11.02	Jun 26, 2017	10.09	9.217049	11.1	-0.7207184
533	FHKCX	today	33.28	Jun 26, 2017	30.47	9.222183	33.45	-0.5082245	*P*
534	THD	Sep 22, 2017	85.6	Jun 23, 2017	78.36	9.239403	85.96	-0.41880035
535	FICDX	today	54.43	Jun 26, 2017	49.8	9.297195	53.83	1.1146164
536	JMIEX	today	28.55	Jun 26, 2017	26.12	9.303215	28.83	-0.97120667	*BT*
537	XTN	Sep 22, 2017	58.95	Jun 23, 2017	53.92	9.328636	57.5	2.5217438	*P*
538	EEM	Sep 22, 2017	45.38	Jun 23, 2017	41.5	9.349403	45.59	-0.4606247
539	FSAVX	today	38.52	Jun 26, 2017	35.19	9.4629135	38.09	1.1289139
540	FSESX	today	46.78	Jun 26, 2017	42.73	9.478119	46.06	1.5631714
541	FEMKX	today	30.86	Jun 26, 2017	28.15	9.626999	30.99	-0.419487	*P*
542	VWO	Sep 22, 2017	44.18	Jun 23, 2017	40.26	9.736717	44.54	-0.8082657
543	FEMSX	today	20.92	Jun 26, 2017	19.04	9.873947	21.09	-0.8060684
544	OAKIX	today	28.86	Jun 26, 2017	26.21	10.110649	28.56	1.0504227
545	ROBO	Sep 22, 2017	38.44	Jun 23, 2017	34.88	10.206413	38.22	0.5756149
546	ASHR	Sep 22, 2017	29.53	Jun 23, 2017	26.72	10.5164795	29.78	-0.8394928
547	RSXJ	Sep 22, 2017	42.65	Jun 23, 2017	38.53	10.692978	42.7	-0.11709595
548	FSCHX	today	175.12	Jun 26, 2017	157.37	11.279152	174.16	0.5512085
549	DBC	Sep 22, 2017	15.42	Jun 23, 2017	13.82	11.577431	15.34	0.5215149
550	FXI	Sep 22, 2017	44.58	Jun 23, 2017	39.77	12.094543	44.34	0.54128265
551	FFGCX	today	12.41	Jun 26, 2017	11.0	12.818184	12.33	0.64881897
552	EPU	Sep 22, 2017	38.26	Jun 23, 2017	33.84	13.061462	38.24	0.0522995
553	BOTZ	Sep 22, 2017	21.45	Jun 23, 2017	18.94	13.25238	21.43	0.09333038	*P*
554	FSDAX	today	160.97	Jun 26, 2017	141.71	13.591133	158.26	1.7123795
555	USO	Sep 22, 2017	10.24	Jun 23, 2017	8.86	15.575623	10.2	0.39215088
556	RSX	Sep 22, 2017	21.83	Jun 23, 2017	18.85	15.809013	21.95	-0.5466995
557	ERUS	Sep 22, 2017	32.89	Jun 23, 2017	28.33	16.096008	33.08	-0.57437134
558	HAO	Sep 22, 2017	29.89	Jun 23, 2017	25.59	16.803429	29.61	0.9456253
559	OIL	Sep 22, 2017	5.28	Jun 23, 2017	4.5	17.333344	5.26	0.38023376	*P*
560	FLATX	today	26.44	Jun 26, 2017	21.75	21.563217	26.41	0.113594055	*P*
561	UGA	Sep 22, 2017	28.95	Jun 23, 2017	22.8	26.973686	28.8	0.5208359
562	SHOP	Sep 22, 2017	120.27	Jun 23, 2017	94.48	27.296768	120.26	0.008308411	*P*
563	EWZ	Sep 22, 2017	42.73	Jun 23, 2017	33.04	29.32808	43.35	-1.4302216
