1	FLSAX	today	42.97	Jun 19, 2017	52.79	-18.602005	52.01	-17.381271
2	FIRVX	today	51.77	Jun 19, 2017	61.86	-16.311028	62.96	-17.773186
3	FIXRX	today	53.31	Jun 19, 2017	63.47	-16.00756	64.64	-17.52784
4	FIRSX	today	53.58	Jun 19, 2017	63.63	-15.794434	64.73	-17.225395
5	CHAD	Sep 15, 2017	32.96	Jun 16, 2017	38.0	-13.263161	32.86	0.3043213
6	FIRRX	today	52.99	Jun 19, 2017	60.14	-11.888924	61.11	-13.287514
7	FLCKX	today	32.23	Jun 19, 2017	36.55	-11.81942	36.68	-12.13195
8	FLVCX	today	32.16	Jun 19, 2017	36.47	-11.81794	36.59	-12.107132
9	FIRQX	today	56.55	Jun 19, 2017	63.18	-10.493828	64.2	-11.915886
10	FIRUX	today	58.14	Jun 19, 2017	64.17	-9.396912	65.27	-10.923851
11	FIRPX	today	58.11	Jun 19, 2017	63.86	-9.004066	64.82	-10.351738
12	FIRWX	today	58.17	Jun 19, 2017	63.2	-7.9588623	64.34	-9.589676
13	FSOPX	today	13.48	Jun 19, 2017	14.39	-6.323845	14.28	-5.6022415
14	FIROX	today	58.85	Jun 19, 2017	62.78	-6.2599564	63.73	-7.6573105
15	IBM	Sep 15, 2017	144.82	Jun 16, 2017	153.76	-5.814247	142.45	1.6637421
16	FIRNX	today	57.77	Jun 19, 2017	60.65	-4.748558	61.53	-6.110832
17	KRE	Sep 15, 2017	52.37	Jun 16, 2017	54.85	-4.5214233	49.96	4.82386
18	FIRMX	today	57.83	Jun 19, 2017	60.44	-4.318329	61.32	-5.691452
19	FDGKX	today	33.51	Jun 19, 2017	35.02	-4.3118286	35.03	-4.339142
20	FLPKX	today	51.31	Jun 19, 2017	53.44	-3.9857712	54.62	-6.0600433
21	FLPSX	today	51.35	Jun 19, 2017	53.46	-3.9468765	54.64	-6.0212326
22	FCPVX	today	18.68	Jun 19, 2017	19.29	-3.162262	18.2	2.6373596
23	FDFAX	today	98.03	Jun 19, 2017	100.71	-2.66111	97.5	0.54359436
24	FSDCX	today	34.13	Jun 19, 2017	35.04	-2.5970306	33.32	2.4309769
25	RYURX	today	66.01	Jun 19, 2017	67.48	-2.178421	66.34	-0.4974289
26	FSOFX	today	14.15	Jun 08, 2017	14.44	-2.008316	14.15	0.0
27	POGSX	today	61.05	Jun 19, 2017	62.29	-1.9906921	60.68	0.60975647
28	FSRBX	today	31.94	Jun 19, 2017	32.58	-1.9643936	30.7	4.0390854
29	FDLSX	today	159.64	Jun 19, 2017	162.62	-1.832489	158.34	0.8210144
30	PHK	Sep 15, 2017	8.34	Jun 16, 2017	8.46	-1.4184341	8.38	-0.47732544	*P*
31	FSCRX	today	30.52	Jun 19, 2017	30.94	-1.3574677	29.79	2.4504929
32	FBMPX	today	80.12	Jun 19, 2017	81.21	-1.3421936	80.61	-0.60785675
33	BULIX	today	18.65	Jun 19, 2017	18.9	-1.3227539	18.64	0.053642273
34	FSTCX	today	67.57	Jun 19, 2017	68.45	-1.2856064	66.39	1.7773743
35	HLPPX	today	14.65	Jun 19, 2017	14.83	-1.2137604	14.73	-0.5431137
36	STCEX	today	11.18	Jun 19, 2017	11.3	-1.061943	11.01	1.5440445
37	FCPEX	today	13.81	Jun 19, 2017	13.95	-1.0035782	13.41	2.9828568
38	FSHOX	today	63.45	Jun 19, 2017	64.05	-0.9367676	63.71	-0.4080963
39	CHTTX	today	42.31	Jun 19, 2017	42.66	-0.8204422	41.86	1.0750198
40	AMLP	Sep 15, 2017	11.27	Jun 16, 2017	11.36	-0.79224396	11.11	1.440155
41	FSCDX	today	27.29	Jun 19, 2017	27.5	-0.7636337	26.79	1.8663635
42	FRESX	today	42.7	Jun 19, 2017	43.02	-0.7438431	42.41	0.6838074
43	JQC	Sep 15, 2017	8.38	Jun 16, 2017	8.44	-0.7108917	8.35	0.35927582
44	JDSNX	today	22.96	Jun 19, 2017	23.11	-0.64907837	22.69	1.189949	*BT*
45	FSCPX	today	38.74	Jun 19, 2017	38.95	-0.5391464	38.32	1.0960312
46	NOSGX	today	24.13	Jun 19, 2017	24.25	-0.49485016	23.76	1.5572281
47	RWJ	Sep 15, 2017	64.9	Jun 16, 2017	65.22	-0.49064636	62.8	3.3439484
48	FSRPX	today	121.13	Jun 19, 2017	121.59	-0.37832642	119.33	1.5084152
49	FVDFX	today	27.34	Jun 19, 2017	27.44	-0.3644333	26.95	1.4471207
50	FVDKX	today	27.35	Jun 19, 2017	27.45	-0.36429596	26.96	1.4465942
51	PSCE	Sep 15, 2017	13.32	Jun 16, 2017	13.36	-0.29940033	12.14	9.719933	*P*
52	FSLCX	today	19.0	Jun 19, 2017	19.04	-0.21009064	18.67	1.76754
53	FSNGX	today	23.4	Jun 19, 2017	23.44	-0.1706543	22.33	4.7917633
54	FDEGX	today	38.02	Jun 19, 2017	38.08	-0.15756226	37.69	0.8755646	*P*
55	FAGKX	today	38.31	Jun 19, 2017	38.36	-0.13034058	37.98	0.8688812
56	FCPGX	today	23.26	Jun 19, 2017	23.29	-0.1288147	22.94	1.3949432	*P*
57	ROOF	Sep 15, 2017	27.33	Jun 16, 2017	27.36	-0.10964966	27.1	0.8487091
58	GABUX	today	9.58	Jun 19, 2017	9.59	-0.104278564	9.61	-0.31217194
59	FOCPX	today	104.16	Jun 19, 2017	104.25	-0.0863266	107.03	-2.681488
60	FSLEX	today	25.02	Jun 19, 2017	25.04	-0.07987976	24.75	1.0909119
61	RWX	Sep 15, 2017	39.01	Jun 16, 2017	39.04	-0.07685089	39.27	-0.6620865
62	ANFVX	today	26.65	Jun 19, 2017	26.67	-0.07499695	26.32	1.2537994	*BT*
63	FKVFX	today	13.85	Jun 15, 2017	13.86	-0.072143555	13.87	-0.14418793
64	FFKCX	today	13.15	Jun 15, 2017	13.15	0.0	13.17	-0.1518631
65	FCYIX	today	34.18	Jun 19, 2017	34.17	0.029266357	33.49	2.060318
66	FSHCX	today	91.35	Jun 19, 2017	91.26	0.098609924	91.91	-0.6092987
67	FFIPX	today	9.93	Jun 08, 2017	9.92	0.10079956	9.93	0.0
68	FCNVX	today	10.04	Jun 19, 2017	10.02	0.19959259	10.04	0.0
69	BRSVX	today	24.74	Jun 19, 2017	24.69	0.20251465	24.26	1.9785614
70	FCVSX	today	28.05	Jun 19, 2017	27.99	0.2143631	27.9	0.5376358
71	GSSUX	today	61.74	Jun 19, 2017	61.59	0.24354553	60.9	1.3793106
72	ICF	Sep 15, 2017	103.24	Jun 16, 2017	102.96	0.27194977	103.15	0.087249756
73	VSGBX	today	10.7	Jun 19, 2017	10.67	0.28115845	10.72	-0.18656921
74	SHY	Sep 15, 2017	84.55	Jun 16, 2017	84.31	0.28466797	84.69	-0.16530609
75	FSBAX	today	10.42	Jun 19, 2017	10.39	0.28873444	10.46	-0.38240814
76	VICEX	today	30.53	Jun 19, 2017	30.44	0.29566193	30.58	-0.16349792
77	FFXSX	today	9.97	Jun 19, 2017	9.94	0.30181122	10.01	-0.3996048
78	FFRHX	today	9.62	Jun 19, 2017	9.59	0.31282806	9.62	0.0
79	IEI	Sep 15, 2017	124.08	Jun 16, 2017	123.68	0.32341766	124.88	-0.64060974
80	FEQIX	today	60.01	Jun 19, 2017	59.81	0.3343811	58.76	2.127304
81	USNYX	today	12.0	Jun 19, 2017	11.96	0.3344574	12.04	-0.33222198
82	FSHBX	today	8.63	Jun 19, 2017	8.6	0.34883118	8.65	-0.2312088
83	PRFSX	today	5.63	Jun 19, 2017	5.61	0.35650635	5.64	-0.1772995
84	FIBAX	today	10.85	Jun 19, 2017	10.81	0.37002563	10.95	-0.9132385
85	LEXCX	today	34.62	Jun 19, 2017	34.49	0.37691498	34.11	1.4951553
86	FSTGX	today	10.54	Jun 19, 2017	10.5	0.38095856	10.6	-0.56604004
87	POAGX	today	39.4	Jun 19, 2017	39.25	0.38217163	39.18	0.5615082
88	FGOVX	today	10.31	Jun 19, 2017	10.27	0.3894806	10.38	-0.6743698
89	BSV	Sep 15, 2017	79.95	Jun 16, 2017	79.63	0.40185547	80.19	-0.29930115	*P*
90	FSHFX	today	9.66	Jun 08, 2017	9.62	0.415802	9.66	0.0
91	PRVAX	today	12.05	Jun 19, 2017	12.0	0.41667175	12.09	-0.33085632
92	BTTTX	today	104.37	Jun 19, 2017	103.93	0.42336273	104.72	-0.3342209
93	CDSIX	today	16.22	Jun 19, 2017	16.15	0.43343353	16.23	-0.06161499	*BT*
94	SMDMX	today	11.46	Jun 19, 2017	11.41	0.43821716	11.51	-0.43440247
95	USVAX	today	11.34	Jun 19, 2017	11.29	0.4428711	11.37	-0.26385498
96	FTHRX	today	10.92	Jun 19, 2017	10.87	0.45998383	10.98	-0.5464401
97	MDXBX	today	10.82	Jun 19, 2017	10.77	0.46424866	10.85	-0.27650452
98	FCSTX	today	10.69	Jun 19, 2017	10.64	0.46992493	10.71	-0.18674469
99	PFODX	today	10.63	Jun 19, 2017	10.58	0.4725952	10.66	-0.28142548
100	VFIIX	today	10.56	Jun 19, 2017	10.51	0.47573853	10.57	-0.09459686
101	FVIIX	today	10.33	Jun 19, 2017	10.28	0.48638916	10.4	-0.6730728	*BT*
102	KYTFX	today	7.8	Jun 19, 2017	7.76	0.51545715	7.82	-0.25575256
103	PRTIX	today	5.8	Jun 19, 2017	5.77	0.519928	5.82	-0.3436432
104	FFKVX	today	13.25	Jun 15, 2017	13.18	0.5310974	13.26	-0.075416565
105	PGNDX	today	11.16	Jun 19, 2017	11.1	0.54052734	11.17	-0.089523315
106	FSFFX	today	12.97	Jun 08, 2017	12.9	0.5426407	12.97	0.0
107	TGFNX	today	11.03	Jun 19, 2017	10.97	0.54694366	11.06	-0.2712555
108	VMLTX	today	11.02	Jun 19, 2017	10.96	0.5474472	11.04	-0.18115997
109	VBMFX	today	10.83	Jun 19, 2017	10.77	0.5570984	10.85	-0.1843338
110	NHINX	today	8.77	Jun 19, 2017	8.72	0.5733948	8.76	0.114151
111	USSTX	today	10.51	Jun 19, 2017	10.45	0.574173	10.52	-0.09505463
112	FOHFX	today	12.25	Jun 19, 2017	12.18	0.57470703	12.31	-0.4874115
113	VWNFX	today	37.84	Jun 19, 2017	37.62	0.5847931	37.44	1.0683746
114	BMBSX	today	11.98	Jun 19, 2017	11.91	0.58773804	12.01	-0.249794
115	PRNYX	today	11.72	Jun 19, 2017	11.65	0.6008606	11.75	-0.2553177
116	FIMIX	today	11.7	Jun 19, 2017	11.63	0.60189056	11.74	-0.34072113
117	FTFMX	today	13.36	Jun 19, 2017	13.28	0.60240936	13.42	-0.44709778
118	FSITX	today	11.67	Jun 19, 2017	11.6	0.60344696	11.74	-0.59625244
119	GTFBX	today	11.57	Jun 19, 2017	11.5	0.608696	11.6	-0.25862122
120	XLE	Sep 15, 2017	65.84	Jun 16, 2017	65.44	0.6112366	63.56	3.5871506
121	VBIIX	today	11.51	Jun 19, 2017	11.44	0.6118927	11.55	-0.3463211
122	FICNX	today	11.5	Jun 19, 2017	11.43	0.61242676	11.54	-0.34661865
123	FGMNX	today	11.49	Jun 19, 2017	11.42	0.6129608	11.51	-0.17376709
124	FMSFX	today	11.31	Jun 19, 2017	11.24	0.6227875	11.35	-0.35242462
125	USCBX	today	11.09	Jun 19, 2017	11.02	0.63520813	11.12	-0.26978302
126	FSMVX	today	26.47	Jun 19, 2017	26.3	0.6463852	26.08	1.4953995
127	VMATX	today	10.84	Jun 19, 2017	10.77	0.64995575	10.88	-0.36764526
128	VBTLX	today	10.83	Jun 19, 2017	10.76	0.65055084	10.85	-0.1843338
129	TWEBX	today	22.89	Jun 19, 2017	22.74	0.6596298	22.88	0.043701172
130	FSAZX	today	12.2	Jun 19, 2017	12.12	0.6600647	12.25	-0.40816498
131	FSTFX	today	10.63	Jun 19, 2017	10.56	0.6628723	10.65	-0.18778992
132	FENY	Sep 15, 2017	18.19	Jun 16, 2017	18.07	0.664093	17.53	3.7649765
133	SMTFX	today	10.47	Jun 19, 2017	10.4	0.67308044	10.49	-0.19065094
134	TGMNX	today	10.37	Jun 19, 2017	10.3	0.6796112	10.39	-0.19249725
135	FBIDX	today	11.68	Jun 19, 2017	11.6	0.6896515	11.74	-0.51107025
136	PRTAX	today	10.2	Jun 19, 2017	10.13	0.6910095	10.23	-0.29325867
137	CXXRX	today	24.65	Jun 19, 2017	24.48	0.69444275	24.26	1.6075821	*BT*
138	FPXTX	today	11.23	Jun 19, 2017	11.15	0.7174835	11.27	-0.3549347
139	FDMMX	today	12.27	Jun 19, 2017	12.18	0.7389221	12.32	-0.405838
140	NCITX	today	10.76	Jun 19, 2017	10.68	0.7490616	10.79	-0.2780304
141	FFKAX	today	12.04	Jun 15, 2017	11.95	0.7531433	12.05	-0.082984924
142	NOITX	today	10.59	Jun 19, 2017	10.51	0.76117706	10.62	-0.28248596
143	DRTAX	today	11.83	Jun 19, 2017	11.74	0.7666092	11.86	-0.25295258
144	SWNTX	today	11.8	Jun 19, 2017	11.71	0.7685776	11.83	-0.25358582
145	NTFIX	today	11.61	Jun 19, 2017	11.52	0.78123474	11.62	-0.08605957
146	PRXCX	today	11.59	Jun 19, 2017	11.5	0.78260803	11.63	-0.3439331
147	VDE	Sep 15, 2017	90.82	Jun 16, 2017	90.1	0.7991104	87.43	3.877388
148	FFKDX	today	14.94	Jun 15, 2017	14.82	0.8097153	14.96	-0.13368988
149	USTEX	today	13.45	Jun 19, 2017	13.34	0.82458496	13.47	-0.14848328
150	PRFHX	today	12.06	Jun 19, 2017	11.96	0.8361206	12.09	-0.2481308
151	BCITX	today	11.99	Jun 19, 2017	11.89	0.84103394	12.02	-0.24958801
152	NOTEX	today	10.73	Jun 19, 2017	10.64	0.84586334	10.76	-0.27881622
153	VCAIX	today	11.88	Jun 19, 2017	11.78	0.84889984	11.91	-0.2518921
154	PRULX	today	12.82	Jun 19, 2017	12.71	0.86546326	12.88	-0.4658432
155	VOHIX	today	12.67	Jun 19, 2017	12.56	0.87579346	12.7	-0.23622131
156	XHB	Sep 15, 2017	38.77	Jun 16, 2017	38.43	0.88471985	38.78	-0.025787354
157	FEIKX	today	59.98	Jun 19, 2017	59.45	0.89151	58.74	2.1109924
158	FLBAX	today	13.29	Jun 19, 2017	13.17	0.91116333	13.52	-1.7011871
159	IJS	Sep 15, 2017	141.0	Jun 16, 2017	139.72	0.9161148	137.15	2.8071518
160	FEQTX	today	28.39	Jun 19, 2017	28.13	0.92427826	27.81	2.085579
161	FCTFX	today	13.06	Jun 19, 2017	12.94	0.92736816	13.12	-0.45731354
162	PRINX	today	11.96	Jun 19, 2017	11.85	0.92826843	11.99	-0.250206
163	FSHNX	today	9.7	Jun 19, 2017	9.61	0.93653107	9.68	0.206604
164	FTBFX	today	10.74	Jun 19, 2017	10.64	0.93984985	10.8	-0.55555725
165	LQD	Sep 15, 2017	121.02	Jun 16, 2017	119.89	0.9425278	121.24	-0.18145752
166	BCLTX	today	11.71	Jun 19, 2017	11.6	0.9482727	11.74	-0.25553894
167	NCATX	today	11.7	Jun 19, 2017	11.59	0.9490967	11.73	-0.25575256
168	BCHYX	today	10.63	Jun 19, 2017	10.53	0.9496689	10.67	-0.37488556
169	FCBFX	today	11.65	Jun 19, 2017	11.54	0.9532013	11.71	-0.5123825
170	GVPIX	today	55.62	Jun 19, 2017	55.09	0.9620514	55.98	-0.6430893
171	FFIGX	today	15.58	Jun 08, 2017	15.43	0.9721298	15.58	0.0
172	RYGBX	today	53.84	Jun 19, 2017	53.32	0.9752426	54.19	-0.6458664
173	VUSTX	today	12.41	Jun 19, 2017	12.29	0.9764099	12.48	-0.5608978
174	FIBFX	today	11.35	Jun 08, 2017	11.24	0.9786453	11.35	0.0
175	FSIGX	today	11.34	Jun 19, 2017	11.23	0.9795227	11.4	-0.52630615
176	FMEIX	today	15.18	Jun 19, 2017	15.03	0.9980087	14.87	2.084732
177	PSCM	Sep 15, 2017	46.5	Jun 16, 2017	46.04	0.99913025	46.19	0.6711502
178	FDSCX	today	27.16	Jun 19, 2017	26.89	1.0040894	26.65	1.9137039
179	SPHIX	today	8.98	Jun 19, 2017	8.89	1.0123596	8.96	0.22320557
180	FBNDX	today	7.97	Jun 19, 2017	7.89	1.0139465	8.01	-0.49938202
181	FMIMX	today	27.87	Jun 19, 2017	27.59	1.0148621	27.62	0.90514374
182	DODIX	today	13.9	Jun 19, 2017	13.76	1.0174408	13.9	0.0
183	VWLTX	today	11.71	Jun 19, 2017	11.59	1.0353699	11.75	-0.34042358
184	NOAZX	today	10.73	Jun 19, 2017	10.62	1.0357742	10.75	-0.18605042
185	VPAIX	today	11.67	Jun 19, 2017	11.55	1.0389557	11.7	-0.2564087
186	RYU	Sep 15, 2017	88.48	Jun 16, 2017	87.57	1.0391693	88.75	-0.3042221	*P*
187	RZV	Sep 15, 2017	65.89	Jun 16, 2017	65.21	1.0427856	63.51	3.7474365
188	FPIOX	today	9.63	Jun 19, 2017	9.53	1.0493317	9.61	0.20811462
189	TIXRX	today	10.52	Jun 19, 2017	10.41	1.0566864	10.55	-0.28435516
190	BND	Sep 15, 2017	82.17	Jun 16, 2017	81.31	1.0576859	82.58	-0.4964981
191	FLTMX	today	10.46	Jun 19, 2017	10.35	1.0627975	10.49	-0.28598022
192	VWNDX	today	22.54	Jun 19, 2017	22.3	1.0762482	22.34	0.8952637
193	FIKFX	today	11.87	Jun 19, 2017	11.74	1.1073227	11.86	0.08432007
194	SLYV	Sep 15, 2017	119.59	Jun 16, 2017	118.28	1.1075363	116.45	2.696434
195	VIMSX	today	39.8	Jun 19, 2017	39.36	1.1178818	39.66	0.35300446
196	NAESX	today	66.02	Jun 19, 2017	65.29	1.1180878	65.44	0.88629913
197	USATX	today	13.39	Jun 19, 2017	13.24	1.132927	13.41	-0.1491394
198	FPCIX	today	10.69	Jun 19, 2017	10.57	1.135292	10.74	-0.46555328
199	VCITX	today	12.23	Jun 19, 2017	12.09	1.1579742	12.27	-0.32600403
200	FASIX	today	13.58	Jun 19, 2017	13.42	1.1922455	13.58	0.0
201	FBCVX	today	18.38	Jun 19, 2017	18.16	1.2114563	18.19	1.0445251	*P*
202	FSCGX	today	41.21	Jun 19, 2017	40.71	1.2282028	40.47	1.8285141
203	SJNK	Sep 15, 2017	27.88	Jun 16, 2017	27.54	1.2345657	27.75	0.4684677
204	PBDDX	today	10.65	Jun 19, 2017	10.52	1.235733	10.66	-0.093811035
205	DODGX	today	195.84	Jun 19, 2017	193.41	1.2563934	193.62	1.1465759
206	JASCX	today	34.65	Jun 19, 2017	34.22	1.2565765	33.86	2.3331375
207	SPLV	Sep 15, 2017	45.92	Jun 16, 2017	45.35	1.256897	45.48	0.967453	*P*
208	FEDFX	today	10.42	Jun 08, 2017	10.29	1.2633667	10.42	0.0
209	FIREX	today	11.12	Jun 19, 2017	10.98	1.2750473	11.39	-2.3705063
210	FHIFX	today	8.73	Jun 19, 2017	8.62	1.2761002	8.72	0.1146698
211	VBLTX	today	14.26	Jun 19, 2017	14.08	1.2784119	14.28	-0.1400528
212	FIUIX	today	26.89	Jun 19, 2017	26.55	1.2806091	26.8	0.33582306
213	FKTWX	today	15.81	Jun 15, 2017	15.61	1.2812347	15.83	-0.12633514
214	JDD	Sep 15, 2017	12.5	Jun 16, 2017	12.34	1.2965927	12.4	0.8064499	*P*
215	VGHCX	today	212.95	Jun 19, 2017	210.22	1.298645	215.23	-1.0593262
216	FTABX	today	11.61	Jun 19, 2017	11.46	1.3088913	11.67	-0.5141449
217	PKB	Sep 15, 2017	29.98	Jun 16, 2017	29.59	1.318016	29.88	0.33467102
218	VGHAX	today	89.84	Jun 19, 2017	88.67	1.3194885	90.8	-1.0572739
219	FSIPX	today	9.96	Jun 19, 2017	9.83	1.3224869	10.0	-0.40000153
220	VIS	Sep 15, 2017	131.08	Jun 16, 2017	129.36	1.329628	128.4	2.0872345
221	FDVLX	today	119.73	Jun 19, 2017	118.14	1.3458633	118.03	1.4403076
222	VIG	Sep 15, 2017	94.59	Jun 16, 2017	93.33	1.3500443	93.06	1.6440964
223	FFVNX	today	10.45	Jun 08, 2017	10.31	1.3579025	10.45	0.0
224	RYTRX	today	14.16	Jun 19, 2017	13.97	1.3600616	13.97	1.3600616	*BT*
225	FPHAX	today	19.27	Jun 19, 2017	19.01	1.3676987	19.24	0.15592957
226	FVLKX	today	119.9	Jun 19, 2017	118.28	1.3696289	118.2	1.4382477
227	TIP	Sep 15, 2017	114.5	Jun 16, 2017	112.94	1.3812637	115.22	-0.6248932
228	FGRIX	today	35.5	Jun 19, 2017	35.01	1.3995972	34.76	2.128891
229	VWINX	today	26.8	Jun 19, 2017	26.43	1.3999252	26.72	0.29940796
230	EES	Sep 15, 2017	33.0	Jun 16, 2017	32.54	1.4136429	32.06	2.9319992
231	YACKX	today	23.6	Jun 19, 2017	23.27	1.4181366	23.57	0.12728119
232	OWSMX	today	17.16	Jun 19, 2017	16.92	1.4184341	17.11	0.29222107
233	FINPX	today	12.11	Jun 19, 2017	11.94	1.42379	12.18	-0.5747223
234	VNQ	Sep 15, 2017	85.34	Jun 16, 2017	84.14	1.4261932	84.93	0.48274994
235	FFKEX	today	16.31	Jun 15, 2017	16.08	1.4303436	16.33	-0.12247467
236	PRIPX	today	12.01	Jun 19, 2017	11.84	1.4358139	12.04	-0.2491684
237	FIPAX	today	11.96	Jun 19, 2017	11.79	1.4418945	12.03	-0.58187866
238	FIAFX	today	11.24	Jun 19, 2017	11.08	1.4440384	11.22	0.17825317	*BT*
239	FHIGX	today	13.29	Jun 19, 2017	13.1	1.450386	13.35	-0.44944
240	REACX	today	29.35	Jun 19, 2017	28.93	1.4517822	29.53	-0.6095505
241	RFV	Sep 15, 2017	62.73	Jun 16, 2017	61.83	1.4556046	60.81	3.1573792
242	FSCFX	today	14.59	Jun 19, 2017	14.38	1.4603577	14.32	1.8854752
243	FETKX	today	28.39	Jun 19, 2017	27.98	1.465332	27.81	2.085579
244	FSESX	today	45.46	Jun 19, 2017	44.79	1.4958649	42.45	7.0906906
245	FIDSX	today	103.58	Jun 19, 2017	102.04	1.5092163	100.59	2.9724731
246	VWAHX	today	11.42	Jun 19, 2017	11.25	1.5111084	11.45	-0.26200104
247	FJIFX	today	13.34	Jun 19, 2017	13.14	1.5220642	13.31	0.22538757
248	VIPSX	today	13.29	Jun 19, 2017	13.09	1.5278778	13.32	-0.22521973
249	VWESX	today	10.59	Jun 19, 2017	10.43	1.5340347	10.6	-0.09434509
250	PEQKX	today	34.98	Jun 19, 2017	34.45	1.5384521	34.74	0.6908417	*BT*
251	FFFAX	today	11.85	Jun 19, 2017	11.67	1.5424118	11.83	0.16905975
252	FGIKX	today	35.48	Jun 19, 2017	34.94	1.5455093	34.74	2.130104
253	FCSFX	today	5.23	Jun 08, 2017	5.15	1.5533905	5.23	0.0
254	PTTDX	today	10.36	Jun 19, 2017	10.2	1.5686264	10.38	-0.19268036
255	VFH	Sep 15, 2017	62.74	Jun 16, 2017	61.76	1.586792	60.74	3.2927246
256	JNK	Sep 15, 2017	37.17	Jun 16, 2017	36.58	1.6128922	36.93	0.6498718
257	FSDIX	today	15.61	Jun 19, 2017	15.36	1.6276016	15.44	1.1010437
258	SWRSX	today	11.2	Jun 19, 2017	11.02	1.6333923	11.23	-0.26714325
259	PRRDX	today	11.1	Jun 19, 2017	10.92	1.6483536	11.16	-0.5376282
260	VWELX	today	41.93	Jun 19, 2017	41.25	1.6484833	41.73	0.47927094
261	PRFDX	today	33.83	Jun 19, 2017	33.28	1.6526566	33.44	1.166275
262	PYVLX	today	16.32	Jun 19, 2017	16.05	1.6822433	16.22	0.61652374
263	SEQUX	today	180.15	Jun 19, 2017	177.16	1.6877289	179.14	0.563797
264	FFSTX	today	17.44	Jun 08, 2017	17.15	1.6909714	17.44	0.0
265	FNCL	Sep 15, 2017	36.32	Jun 16, 2017	35.71	1.7082062	35.11	3.4463043
266	GTSGX	today	9.52	Jun 19, 2017	9.36	1.7094116	9.48	0.4219513
267	FIDU	Sep 15, 2017	35.49	Jun 16, 2017	34.89	1.7197037	34.75	2.129509
268	FTANX	today	11.11	Jun 19, 2017	10.92	1.7399216	11.1	0.09008789
269	FSLVX	today	19.85	Jun 19, 2017	19.51	1.7426987	19.43	2.1616135
270	FSLBX	today	75.7	Jun 19, 2017	74.4	1.7473068	73.91	2.4218597	*P*
271	YAFFX	today	22.04	Jun 19, 2017	21.66	1.7543945	21.98	0.27297974
272	FFKFX	today	17.17	Jun 15, 2017	16.87	1.778305	17.19	-0.11634827
273	VEXMX	today	79.31	Jun 19, 2017	77.92	1.7838821	78.57	0.9418335
274	VO	Sep 15, 2017	145.81	Jun 16, 2017	143.25	1.7870789	143.87	1.3484344
275	FKIFX	today	14.17	Jun 19, 2017	13.92	1.7959747	14.12	0.35411072
276	VEXAX	today	79.29	Jun 19, 2017	77.87	1.8235474	78.54	0.95492554	*P*
277	ACITX	today	11.71	Jun 19, 2017	11.5	1.8260803	11.72	-0.08532715
278	FKTHX	today	17.15	Jun 15, 2017	16.84	1.8408508	17.17	-0.116485596	*P*
279	FSMEX	today	47.0	Jun 19, 2017	46.15	1.8418198	47.11	-0.23349762
280	FSEVX	today	60.19	Jun 19, 2017	59.1	1.8443375	58.96	2.0861664
281	FSEMX	today	60.18	Jun 19, 2017	59.09	1.8446426	58.95	2.0865097
282	DIAX	Sep 15, 2017	16.46	Jun 16, 2017	16.16	1.8564377	16.3	0.9815903
283	EIERX	today	17.32	Jun 19, 2017	17.0	1.8823471	17.25	0.40579987	*BT*
284	FEXPX	today	23.12	Jun 19, 2017	22.69	1.8951035	22.76	1.5817261
285	FUSEX	today	87.79	Jun 19, 2017	86.15	1.903656	86.38	1.6323242
286	FFIVX	today	12.28	Jun 19, 2017	12.05	1.9087067	12.24	0.3267975	*BT*
287	FSICX	today	11.17	Jun 19, 2017	10.96	1.9160614	11.2	-0.2678604
288	FFFVX	today	12.61	Jun 19, 2017	12.37	1.9401779	12.57	0.31821442
289	FEXKX	today	23.09	Jun 19, 2017	22.65	1.9426117	22.74	1.5391388
290	VB	Sep 15, 2017	137.87	Jun 16, 2017	135.23	1.9522324	135.16	2.0050278
291	FBALX	today	24.46	Jun 19, 2017	23.99	1.9591446	24.24	0.90758514
292	VPU	Sep 15, 2017	121.24	Jun 16, 2017	118.88	1.9851913	121.58	-0.27965546
293	FLCSX	today	31.72	Jun 19, 2017	31.1	1.9935608	31.07	2.0920486
294	FSRIX	today	12.63	Jun 19, 2017	12.38	2.0193787	12.67	-0.31570435	*BT*
295	IWM	Sep 15, 2017	142.41	Jun 16, 2017	139.59	2.0202026	139.22	2.291336
296	FNORX	today	53.49	Jun 19, 2017	52.43	2.0217438	52.91	1.096199	*P*
297	RSP	Sep 15, 2017	94.37	Jun 16, 2017	92.48	2.043686	92.93	1.5495529
298	FNJHX	today	11.94	Jun 19, 2017	11.7	2.0512848	11.97	-0.25063324
299	ACWV	Sep 15, 2017	81.69	Jun 16, 2017	80.04	2.0614777	81.53	0.19625092
300	FGRTX	today	16.8	Jun 19, 2017	16.46	2.0656128	16.46	2.0656128
301	FLIFX	today	14.77	Jun 19, 2017	14.47	2.0732498	14.69	0.5445938
302	FCIFX	today	12.78	Jun 19, 2017	12.52	2.0766754	12.72	0.47170258	*BT*
303	VHDYX	today	32.07	Jun 19, 2017	31.41	2.101242	31.74	1.0396957
304	FASMX	today	18.34	Jun 19, 2017	17.96	2.1158218	18.25	0.49315643
305	VEIPX	today	35.54	Jun 19, 2017	34.8	2.126442	35.2	0.96590424
306	ANDVX	today	17.73	Jun 19, 2017	17.36	2.1313324	17.56	0.96810913	*BT*
307	FFKHX	today	17.93	Jun 15, 2017	17.55	2.165245	17.96	-0.16703033
308	FSLSX	today	42.67	Jun 19, 2017	41.76	2.179123	42.04	1.4985657
309	FPIFX	today	15.47	Jun 19, 2017	15.14	2.179657	15.37	0.6506195
310	FFKGX	today	17.78	Jun 15, 2017	17.4	2.1839142	17.81	-0.16843414
311	FFANX	today	11.66	Jun 19, 2017	11.41	2.1910553	11.63	0.25795746
312	FVSKX	today	42.66	Jun 19, 2017	41.74	2.2041168	42.03	1.4989395
313	FFFCX	today	16.14	Jun 19, 2017	15.79	2.216591	16.07	0.43559265
314	FSENX	today	39.42	Jun 19, 2017	38.56	2.2302856	37.45	5.260338
315	GASFX	today	30.97	Jun 19, 2017	30.29	2.2449646	31.16	-0.60975647
316	FLVEX	today	12.74	Jun 19, 2017	12.46	2.2471924	12.43	2.4939651	*P*
317	VTSMX	today	62.57	Jun 19, 2017	61.19	2.255272	62.2	0.59485626
318	RPMGX	today	88.8	Jun 19, 2017	86.83	2.2688065	88.94	-0.15740967
319	VTSAX	today	62.6	Jun 19, 2017	61.21	2.2708664	62.23	0.59456635
320	FFVIX	today	12.98	Jun 19, 2017	12.69	2.285263	12.9	0.6201477	*BT*
321	FSTMX	today	72.35	Jun 19, 2017	70.73	2.29039	71.14	1.7008667
322	VTV	Sep 15, 2017	99.14	Jun 16, 2017	96.92	2.2905502	96.96	2.2483444
323	JATTX	today	27.68	Jun 19, 2017	27.06	2.2911987	27.64	0.14472198
324	FMCSX	today	37.48	Jun 19, 2017	36.64	2.292572	37.03	1.2152328
325	FSRRX	today	8.88	Jun 19, 2017	8.68	2.3041458	8.89	-0.11248779
326	FSTVX	today	72.37	Jun 19, 2017	70.74	2.304222	71.16	1.700386
327	PRF	Sep 15, 2017	106.11	Jun 16, 2017	103.72	2.3042831	104.09	1.940628
328	FSAEX	today	13.26	Jun 19, 2017	12.96	2.3148193	13.08	1.376152
329	FZAAX	today	21.65	Jun 19, 2017	21.16	2.315689	21.46	0.88536835	*BT*
330	FFSMX	today	72.38	Jun 19, 2017	70.74	2.318344	71.17	1.7001495
331	FKMCX	today	37.5	Jun 19, 2017	36.65	2.3192291	37.05	1.2145767
332	FVSAX	today	19.3	Jun 19, 2017	18.86	2.3329773	18.85	2.3872604
333	FIGFX	today	13.15	Jun 19, 2017	12.85	2.3346176	13.1	0.38167572
334	FNMIX	today	16.57	Jun 19, 2017	16.19	2.3471222	16.62	-0.3008499
335	FJPNX	today	14.27	Jun 19, 2017	13.94	2.3672943	14.18	0.63469696
336	FQIFX	today	16.38	Jun 19, 2017	16.0	2.3749924	16.26	0.73799896
337	VFINX	today	231.84	Jun 19, 2017	226.44	2.384735	230.6	0.53772736
338	FBAKX	today	24.46	Jun 19, 2017	23.89	2.3859406	24.24	0.90758514
339	XLF	Sep 15, 2017	24.77	Jun 16, 2017	24.19	2.3976822	24.0	3.2083359
340	FFNOX	today	42.9	Jun 19, 2017	41.89	2.4110794	42.44	1.0838852
341	VFIAX	today	231.9	Jun 19, 2017	226.44	2.411232	230.65	0.5419464	*P*
342	FUSVX	today	87.81	Jun 19, 2017	85.74	2.4142761	86.4	1.6319427	*P*
343	FDIFX	today	13.99	Jun 19, 2017	13.66	2.4158096	13.89	0.7199402	*BT*
344	FEDCX	today	10.51	Jun 19, 2017	10.26	2.4366531	10.52	-0.09505463
345	PARWX	today	36.97	Jun 19, 2017	36.09	2.4383545	37.0	-0.081077576
346	FFVFX	today	13.38	Jun 19, 2017	13.05	2.52874	13.29	0.6772003
347	EWJ	Sep 15, 2017	55.24	Jun 16, 2017	53.87	2.543167	54.97	0.49118042
348	FITWX	today	13.92	Jun 19, 2017	13.57	2.5792236	13.8	0.86956024	*BT*
349	FPURX	today	23.04	Jun 19, 2017	22.46	2.5823746	22.85	0.83151245
350	FSRFX	today	97.59	Jun 19, 2017	95.12	2.5967102	95.43	2.2634354
351	FCSAX	today	17.38	Jun 19, 2017	16.94	2.5973892	17.1	1.6374207
352	FFFDX	today	16.45	Jun 19, 2017	16.03	2.6200867	16.33	0.73485565
353	FIGSX	today	15.83	Jun 19, 2017	15.42	2.6588821	15.77	0.38047028
354	SCHD	Sep 15, 2017	46.94	Jun 16, 2017	45.72	2.668419	45.91	2.243515
355	FXIFX	today	17.13	Jun 19, 2017	16.68	2.6978378	16.97	0.9428406
356	FOHIX	today	16.46	Jun 19, 2017	16.02	2.7465591	16.19	1.6676941
357	FFTWX	today	14.21	Jun 19, 2017	13.83	2.7476578	14.09	0.8516693
358	FDEQX	today	37.54	Jun 19, 2017	36.53	2.7648544	37.1	1.1859894
359	FDEKX	today	37.5	Jun 19, 2017	36.49	2.7678757	37.07	1.1599655
360	PENNX	today	11.83	Jun 19, 2017	11.51	2.7801895	11.65	1.5450745
361	DGRO	Sep 15, 2017	32.41	Jun 16, 2017	31.53	2.790985	31.78	1.9823761
362	PASDX	today	12.13	Jun 19, 2017	11.8	2.7966156	12.27	-1.1409988
363	IVV	Sep 15, 2017	252.14	Jun 16, 2017	245.18	2.8387299	248.19	1.5915146
364	FBGRX	today	83.99	Jun 19, 2017	81.66	2.8532867	84.35	-0.42679596
365	PAUDX	today	9.01	Jun 19, 2017	8.76	2.8538818	9.15	-1.5300446
366	FEFIX	today	15.01	Jun 19, 2017	14.59	2.8786926	14.85	1.0774384	*P*
367	FSANX	today	12.45	Jun 19, 2017	12.1	2.8925552	12.37	0.6467209
368	EEH	Sep 15, 2017	18.14	Jun 16, 2017	17.63	2.8927917	18.13	0.055160522
369	FSVLX	today	14.51	Jun 19, 2017	14.1	2.9077988	14.23	1.9676819
370	NKX	Sep 15, 2017	15.85	Jun 16, 2017	15.39	2.9889603	15.93	-0.50219727	*P*
371	FIVLX	today	8.91	Jun 19, 2017	8.65	3.0057755	8.82	1.0204086
372	FBIFX	today	18.15	Jun 19, 2017	17.62	3.0079346	17.94	1.1705627
373	JPS	Sep 15, 2017	10.26	Jun 16, 2017	9.96	3.0120468	10.18	0.7858505	*P*
374	FMILX	today	39.98	Jun 19, 2017	38.81	3.0146866	39.31	1.7043915
375	FIHFX	today	18.03	Jun 19, 2017	17.5	3.028572	17.82	1.1784515
376	FIPFX	today	18.37	Jun 19, 2017	17.83	3.0286102	18.15	1.2121353
377	FITHX	today	14.57	Jun 19, 2017	14.14	3.0410156	14.39	1.2508621	*BT*
378	FIOFX	today	18.29	Jun 19, 2017	17.75	3.0422592	18.07	1.2174988
379	FIFFX	today	15.58	Jun 19, 2017	15.12	3.042328	15.39	1.2345657	*BT*
380	FPUKX	today	23.03	Jun 19, 2017	22.35	3.042511	22.84	0.83187866
381	ICENX	today	11.83	Jun 19, 2017	11.48	3.04879	11.32	4.5053024
382	FHFIX	today	13.09	Jun 19, 2017	12.7	3.0708694	12.92	1.3157806	*BT*
383	MNBAX	today	18.12	Jun 19, 2017	17.58	3.0716782	18.14	-0.11024475
384	FFFIX	today	12.07	Jun 19, 2017	11.71	3.0742874	11.91	1.3434067	*BT*
385	FFFPX	today	12.01	Jun 19, 2017	11.65	3.0901337	11.86	1.2647629	*BT*
386	FLCEX	today	13.98	Jun 19, 2017	13.56	3.0973434	13.69	2.1183395
387	OAKBX	today	33.1	Jun 19, 2017	32.1	3.1152573	32.85	0.7610321
388	FDKQX	today	11.57	Jun 19, 2017	11.22	3.119423	11.42	1.3134842	*BT*
389	FFFEX	today	17.74	Jun 19, 2017	17.2	3.139534	17.55	1.0826263
390	VTI	Sep 15, 2017	128.6	Jun 16, 2017	124.68	3.1440506	126.49	1.6681213
391	FASGX	today	22.26	Jun 19, 2017	21.58	3.1510696	22.08	0.8152237
392	NAD	Sep 15, 2017	14.38	Jun 16, 2017	13.94	3.1563873	14.37	0.06959534
393	FNARX	today	26.67	Jun 19, 2017	25.85	3.1721497	25.47	4.711426
394	QQQX	Sep 15, 2017	21.67	Jun 16, 2017	21.0	3.190483	21.45	1.0256424
395	SPY	Sep 15, 2017	249.19	Jun 16, 2017	241.44	3.2099152	245.36	1.5609741	*P*
396	VOO	Sep 15, 2017	230.09	Jun 16, 2017	222.86	3.2441864	226.4	1.6298676	*P*
397	XMPT	Sep 15, 2017	27.62	Jun 16, 2017	26.75	3.2523422	27.55	0.25409698
398	HDOGX	today	14.51	Jun 19, 2017	14.05	3.274025	14.38	0.9040375
399	PLMDX	today	9.43	Jun 19, 2017	9.13	3.2858734	9.45	-0.21163177
400	FINVX	today	10.64	Jun 19, 2017	10.3	3.3009796	10.52	1.1406784
401	FFFGX	today	11.77	Jun 19, 2017	11.39	3.3362656	11.62	1.2908783
402	FFTHX	today	14.83	Jun 19, 2017	14.35	3.3449402	14.64	1.2978058
403	FFFFX	today	10.41	Jun 19, 2017	10.07	3.3763657	10.28	1.264595
404	SSSFX	today	25.1	Jun 19, 2017	24.28	3.3772583	24.52	2.3654099
405	FSSKX	today	42.75	Jun 19, 2017	41.35	3.3857346	42.01	1.7614822
406	FDSSX	today	42.72	Jun 19, 2017	41.32	3.3881912	41.98	1.7627487
407	AGTHX	today	49.33	Jun 19, 2017	47.71	3.395523	49.21	0.24385071
408	PCBIX	today	26.45	Jun 19, 2017	25.58	3.4011002	26.49	-0.15099335	*BT**P*
409	FFFHX	today	11.84	Jun 19, 2017	11.45	3.4061203	11.68	1.3698578
410	FDYSX	today	9.67	Jun 19, 2017	9.35	3.4224548	9.62	0.5197525
411	JPI	Sep 15, 2017	25.03	Jun 16, 2017	24.19	3.4725037	24.86	0.68383026
412	CSCO	Sep 15, 2017	32.44	Jun 16, 2017	31.34	3.5098877	31.48	3.049553
413	FWRLX	today	10.0	Jun 19, 2017	9.66	3.5196686	9.84	1.6260147	*P*
414	FNCMX	today	85.15	Jun 19, 2017	82.22	3.5636063	83.97	1.4052658	*P*
415	FSELX	today	109.78	Jun 19, 2017	106.0	3.56604	104.91	4.642067	*P*
416	FAMRX	today	19.12	Jun 19, 2017	18.46	3.5753098	18.92	1.0570908
417	IHE	Sep 15, 2017	156.8	Jun 16, 2017	151.37	3.5872498	156.94	-0.08920288
418	FZANX	today	31.94	Jun 19, 2017	30.82	3.6340103	31.55	1.2361374	*BT*
419	ITB	Sep 15, 2017	34.79	Jun 16, 2017	33.56	3.6650772	34.53	0.75297546
420	FDIVX	today	40.72	Jun 19, 2017	39.24	3.7716599	40.36	0.8919678
421	FDIKX	today	40.66	Jun 19, 2017	39.18	3.7774353	40.31	0.8682709
422	FILFX	today	11.26	Jun 19, 2017	10.85	3.778801	11.17	0.8057327
423	FLGEX	today	17.85	Jun 19, 2017	17.2	3.779068	17.57	1.5936279
424	FSIIX	today	42.28	Jun 19, 2017	40.74	3.7800674	42.02	0.6187439
425	FXZ	Sep 15, 2017	39.54	Jun 16, 2017	38.09	3.8067703	38.93	1.5669098
426	FSAIX	today	82.48	Jun 19, 2017	79.45	3.8137283	80.49	2.4723663	*P*
427	FSIVX	today	42.3	Jun 19, 2017	40.74	3.829155	42.04	0.618454	*P*
428	PRNHX	today	53.2	Jun 19, 2017	51.17	3.9671783	53.31	-0.20633698
429	FFIDX	today	42.98	Jun 19, 2017	41.32	4.0174255	42.32	1.5595398
430	FFDKX	today	42.96	Jun 19, 2017	41.29	4.0445557	42.31	1.5362701
431	FCNTX	today	120.68	Jun 19, 2017	115.94	4.088318	119.19	1.2500992	*P*
432	ANWPX	today	43.48	Jun 19, 2017	41.77	4.093849	43.47	0.022994995
433	FUSIX	today	10.42	Jun 19, 2017	10.01	4.0959015	10.34	0.77368927
434	EMLC	Sep 15, 2017	19.54	Jun 16, 2017	18.77	4.1022873	19.62	-0.407753
435	FIEUX	today	41.55	Jun 19, 2017	39.91	4.1092377	40.92	1.5395889
436	FCNKX	today	120.67	Jun 19, 2017	115.9	4.115616	119.18	1.250206	*P*
437	FSCOX	today	18.36	Jun 19, 2017	17.63	4.1406784	18.26	0.54764557
438	FSGFX	today	18.03	Jun 19, 2017	17.31	4.1594543	17.8	1.2921448
439	EFA	Sep 15, 2017	68.06	Jun 16, 2017	65.33	4.178772	67.51	0.81468964
440	MOO	Sep 15, 2017	58.31	Jun 16, 2017	55.95	4.2180557	57.17	1.9940643
441	FOSFX	today	49.33	Jun 19, 2017	47.33	4.225647	49.02	0.6323929
442	FOSKX	today	49.25	Jun 19, 2017	47.24	4.2548676	48.94	0.6334305
443	FSCSX	today	158.15	Jun 19, 2017	151.69	4.2586823	157.22	0.59152985	*P*
444	VUG	Sep 15, 2017	132.86	Jun 16, 2017	127.43	4.261162	131.78	0.81954956
445	JPC	Sep 15, 2017	10.5	Jun 16, 2017	10.07	4.270111	10.4	0.9615402
446	FGBLX	today	25.54	Jun 19, 2017	24.48	4.330078	25.51	0.11759949
447	VTMGX	today	13.9	Jun 19, 2017	13.32	4.354355	13.88	0.14408875
448	XLB	Sep 15, 2017	56.07	Jun 16, 2017	53.73	4.35511	54.72	2.4671097	*P*
449	PRPFX	today	41.22	Jun 19, 2017	39.49	4.3808594	41.4	-0.43478394
450	PCRIX	today	6.65	Jun 19, 2017	6.37	4.395607	6.78	-1.9174042	*BT*
451	PRGFX	today	67.17	Jun 19, 2017	64.31	4.447212	67.39	-0.3264618
452	VOOG	Sep 15, 2017	128.83	Jun 16, 2017	123.34	4.4511185	127.44	1.0907059
453	VT	Sep 15, 2017	70.63	Jun 16, 2017	67.62	4.451332	69.8	1.1891022
454	FDCAX	today	36.81	Jun 19, 2017	35.22	4.5144806	36.33	1.3212204
455	SCHF	Sep 15, 2017	33.22	Jun 16, 2017	31.78	4.5311584	32.95	0.81941986
456	RTM	Sep 15, 2017	101.58	Jun 16, 2017	97.15	4.5599594	100.24	1.3367996
457	FSTSX	today	17.84	Jun 19, 2017	17.05	4.633438	17.73	0.62042236
458	FSUTX	today	85.2	Jun 19, 2017	81.42	4.6425934	85.19	0.011734009
459	WIP	Sep 15, 2017	58.16	Jun 16, 2017	55.56	4.679619	59.11	-1.6071701
460	MVALX	today	41.72	Jun 19, 2017	39.85	4.692604	41.32	0.96806335
461	FMAGX	today	100.95	Jun 19, 2017	96.4	4.7199097	99.26	1.702591
462	DIA	Sep 15, 2017	222.45	Jun 16, 2017	212.37	4.746437	217.79	2.139679	*P*
463	FMGKX	today	100.84	Jun 19, 2017	96.27	4.7470703	99.15	1.7044754
464	FTIEX	today	9.22	Jun 19, 2017	8.8	4.7727203	9.14	0.875267
465	FDFFX	today	39.39	Jun 19, 2017	37.59	4.7885056	38.74	1.6778488
466	VAW	Sep 15, 2017	126.97	Jun 16, 2017	121.14	4.812607	124.35	2.1069489
467	FDSVX	today	31.7	Jun 19, 2017	30.24	4.8280487	31.47	0.73085785
468	ONEQ	Sep 15, 2017	253.25	Jun 16, 2017	241.56	4.8393707	250.11	1.255455
469	FGDKX	today	31.72	Jun 19, 2017	30.25	4.8595047	31.49	0.7303848
470	MLAIX	today	10.73	Jun 19, 2017	10.23	4.887581	10.76	-0.27881622	*BT**P*
471	VTRIX	today	38.4	Jun 19, 2017	36.58	4.9753876	38.22	0.47096252
472	FTRNX	today	100.44	Jun 19, 2017	95.66	4.9968567	99.46	0.98532104
473	FSPHX	today	232.91	Jun 19, 2017	221.75	5.032692	233.35	-0.18856049
474	PFBDX	today	10.19	Jun 19, 2017	9.7	5.051544	10.21	-0.19589233
475	PRMTX	today	94.71	Jun 19, 2017	90.08	5.1398773	94.87	-0.1686554
476	GWX	Sep 15, 2017	34.92	Jun 16, 2017	33.2	5.1807175	34.74	0.5181198
477	GLD	Sep 15, 2017	125.53	Jun 16, 2017	119.34	5.1868668	127.97	-1.9067001
478	FDCPX	today	90.04	Jun 19, 2017	85.59	5.1992035	88.75	1.4535217
479	IAU	Sep 15, 2017	12.7	Jun 16, 2017	12.07	5.2195587	12.95	-1.9304962
480	FIENX	today	9.87	Jun 19, 2017	9.37	5.336174	9.81	0.61161804
481	NBB	Sep 15, 2017	21.81	Jun 16, 2017	20.7	5.3623047	21.82	-0.045829773
482	JIGFX	today	32.1	Jun 19, 2017	30.45	5.418709	31.87	0.72167206
483	VGTSX	today	17.65	Jun 19, 2017	16.73	5.4990997	17.62	0.17025757
484	VTIAX	today	29.52	Jun 19, 2017	27.98	5.503937	29.47	0.1696701	*P*
485	FIVFX	today	20.7	Jun 19, 2017	19.62	5.5045853	20.54	0.7789612
486	VNQI	Sep 15, 2017	60.45	Jun 16, 2017	57.29	5.5158005	59.95	0.8340225	*P*
487	FSGEX	today	12.95	Jun 19, 2017	12.27	5.5419693	12.85	0.7782135
488	FSGDX	today	13.22	Jun 19, 2017	12.52	5.591049	13.11	0.8390579	*BT*
489	FCSSX	today	5.28	Jun 19, 2017	5.0	5.5999985	5.26	0.38023376
490	QQQ	Sep 15, 2017	146.06	Jun 16, 2017	138.15	5.7256546	144.21	1.2828445
491	FGCKX	today	174.76	Jun 19, 2017	165.29	5.729332	171.43	1.942482
492	FSDPX	today	87.74	Jun 19, 2017	82.97	5.7490616	85.89	2.153923
493	VEU	Sep 15, 2017	52.95	Jun 16, 2017	50.01	5.87883	52.49	0.87635803
494	FJSCX	today	17.94	Jun 19, 2017	16.94	5.903183	17.95	-0.05570984
495	RERGX	today	55.46	Jun 19, 2017	52.36	5.92054	55.49	-0.05406952
496	PRHSX	today	73.81	Jun 19, 2017	69.68	5.927086	74.69	-1.1782074
497	VXUS	Sep 15, 2017	55.0	Jun 16, 2017	51.92	5.932213	54.49	0.93595123
498	SWHFX	today	26.22	Jun 19, 2017	24.75	5.939392	26.29	-0.26626587
499	FPBFX	today	33.66	Jun 19, 2017	31.77	5.949005	33.45	0.6278076	*P*
500	FWWFX	today	26.76	Jun 19, 2017	25.22	6.10627	26.5	0.9811249
501	FIGRX	today	46.12	Jun 19, 2017	43.43	6.193878	45.71	0.8969574
502	FIDKX	today	46.04	Jun 19, 2017	43.34	6.2298203	45.62	0.9206543
503	FZAIX	today	46.01	Jun 19, 2017	43.31	6.234123	45.59	0.9212494	*BT*
504	DODFX	today	46.38	Jun 19, 2017	43.65	6.2542877	45.82	1.2221832
505	DRA	Sep 15, 2017	18.1	Jun 16, 2017	17.03	6.2830353	18.15	-0.27548218
506	PRGTX	today	18.37	Jun 19, 2017	17.28	6.3078766	18.4	-0.16304016
507	PTM	Sep 15, 2017	10.25	Jun 16, 2017	9.64	6.327797	10.57	-3.0274353
508	FISMX	today	29.24	Jun 19, 2017	27.46	6.4821625	29.08	0.55020905
509	XTN	Sep 15, 2017	57.5	Jun 16, 2017	53.97	6.5406647	57.55	-0.086883545	*P*
510	EEMV	Sep 15, 2017	58.72	Jun 16, 2017	55.11	6.550537	58.15	0.9802246
511	CGMRX	today	34.62	Jun 19, 2017	32.49	6.555855	34.77	-0.43141174
512	FHLC	Sep 15, 2017	39.78	Jun 16, 2017	37.3	6.6487885	39.59	0.4799118
513	VHT	Sep 15, 2017	153.82	Jun 16, 2017	144.14	6.715706	153.11	0.46372223
514	FBSOX	today	50.89	Jun 19, 2017	47.67	6.754776	50.34	1.0925674
515	VGT	Sep 15, 2017	151.81	Jun 16, 2017	141.7	7.134796	149.56	1.5044098
516	FTEC	Sep 15, 2017	45.95	Jun 16, 2017	42.86	7.2095184	45.26	1.5245285
517	VSS	Sep 15, 2017	115.5	Jun 16, 2017	107.69	7.2522964	114.56	0.8205261
518	FTQGX	today	22.46	Jun 19, 2017	20.91	7.4127197	22.2	1.1711578
519	PYZ	Sep 15, 2017	64.32	Jun 16, 2017	59.86	7.450714	63.18	1.8043671
520	MERKX	today	10.23	Jun 19, 2017	9.52	7.4579697	10.25	-0.1951294
521	FSDAX	today	154.73	Jun 19, 2017	143.95	7.488716	152.81	1.2564697
522	FSEAX	today	41.69	Jun 19, 2017	38.76	7.559334	41.21	1.164772	*P*
523	XT	Sep 15, 2017	34.16	Jun 16, 2017	31.7	7.760254	33.59	1.6969299
524	USAGX	today	13.65	Jun 19, 2017	12.66	7.8199005	13.86	-1.515152
525	FSCHX	today	172.87	Jun 19, 2017	159.98	8.057259	167.09	3.4592133
526	FSAVX	today	38.02	Jun 19, 2017	35.15	8.165001	36.45	4.307266
527	FEMFX	today	20.73	Jun 08, 2017	19.16	8.194145	20.73	0.0
528	FSPTX	today	178.47	Jun 19, 2017	164.86	8.255493	174.54	2.2516403
529	FATIX	today	58.69	Jun 19, 2017	54.21	8.26416	57.41	2.2295685	*BT**P*
530	FICDX	today	54.06	Jun 19, 2017	49.85	8.445343	53.44	1.1601791
531	OAKIX	today	28.51	Jun 19, 2017	26.28	8.485542	28.1	1.4590759
532	FSAGX	today	21.67	Jun 19, 2017	19.97	8.512772	22.67	-4.41111	*P*
533	DBC	Sep 15, 2017	15.34	Jun 16, 2017	14.12	8.640228	15.12	1.4550323
534	FEMEX	today	9.47	Jun 19, 2017	8.7	8.850571	9.55	-0.83769226
535	FEMKX	today	30.73	Jun 19, 2017	27.98	9.828445	30.37	1.185379	*P*
536	FSAMX	today	11.02	Jun 19, 2017	10.02	9.980034	10.88	1.286766
537	THD	Sep 15, 2017	85.96	Jun 16, 2017	78.13	10.021759	83.88	2.4797287
538	JMIEX	today	28.62	Jun 19, 2017	25.95	10.289017	28.45	0.5975342	*BT*
539	FFGCX	today	12.24	Jun 19, 2017	11.09	10.369698	12.1	1.1570206
540	USO	Sep 15, 2017	10.2	Jun 16, 2017	9.24	10.389618	9.73	4.8304214
541	OIL	Sep 15, 2017	5.26	Jun 16, 2017	4.76	10.504196	4.93	6.693718	*P*
542	RSXJ	Sep 15, 2017	42.7	Jun 16, 2017	38.64	10.507248	42.84	-0.3267975
543	ROBO	Sep 15, 2017	38.22	Jun 16, 2017	34.56	10.590279	37.17	2.8248672
544	FHKCX	today	33.12	Jun 19, 2017	29.86	10.917603	32.51	1.8763428	*P*
545	FEMSX	today	20.96	Jun 19, 2017	18.88	11.0169525	20.63	1.5996094
546	EEM	Sep 15, 2017	45.59	Jun 16, 2017	41.03	11.113823	44.89	1.5593643
547	VWO	Sep 15, 2017	45.06	Jun 16, 2017	40.5	11.259254	44.53	1.1902084
548	FBIOX	today	228.79	Jun 19, 2017	204.57	11.839462	228.5	0.12690735	*P*
549	FXI	Sep 15, 2017	44.34	Jun 16, 2017	39.41	12.509514	43.79	1.2559891
550	FBT	Sep 15, 2017	123.35	Jun 16, 2017	108.99	13.175522	123.62	-0.2184143
551	IBB	Sep 15, 2017	331.82	Jun 16, 2017	292.57	13.415588	334.1	-0.6824341
552	ASHR	Sep 15, 2017	29.78	Jun 16, 2017	25.97	14.670776	29.86	-0.26791382
553	BOTZ	Sep 15, 2017	21.43	Jun 16, 2017	18.63	15.029526	20.87	2.6832733	*P*
554	EPU	Sep 15, 2017	38.24	Jun 16, 2017	33.18	15.25016	38.15	0.23591614
555	XBI	Sep 15, 2017	83.66	Jun 16, 2017	71.57	16.892563	83.78	-0.14322662
556	RSX	Sep 15, 2017	21.95	Jun 16, 2017	18.75	17.066666	21.63	1.4794312
557	ERUS	Sep 15, 2017	33.08	Jun 16, 2017	28.21	17.26339	32.68	1.2239914
558	HAO	Sep 15, 2017	29.61	Jun 16, 2017	25.11	17.92115	28.48	3.9677048
559	FLATX	today	26.54	Jun 19, 2017	21.91	21.131912	26.03	1.9592743
560	UGA	Sep 15, 2017	28.8	Jun 16, 2017	23.2	24.137924	28.62	0.6289215
561	EWZ	Sep 15, 2017	43.35	Jun 16, 2017	33.86	28.02716	41.92	3.411255
562	SHOP	Sep 15, 2017	120.26	Jun 16, 2017	86.93	38.3412	113.61	5.8533554	*P*
