1	CHAD	Sep 01, 2017	33.02	Jun 05, 2017	38.8	-14.896904	33.78	-2.2498474
2	PSCE	Sep 01, 2017	12.26	Jun 05, 2017	13.87	-11.60778	11.93	2.7661285	*P*
3	FSESX	today	41.72	Jun 06, 2017	46.37	-10.02803	40.78	2.3050537
4	FSNGX	today	22.38	Jun 06, 2017	23.97	-6.633293	21.93	2.0519714
5	FSENX	today	37.63	Jun 06, 2017	39.83	-5.5234756	36.7	2.5340576
6	FDFAX	today	97.25	Jun 06, 2017	102.33	-4.9643326	95.85	1.4606094
7	FNARX	today	25.58	Jun 06, 2017	26.83	-4.6589584	24.89	2.7722015
8	IBM	Sep 01, 2017	144.08	Jun 05, 2017	150.82	-4.4689026	143.74	0.23653412
9	AMLP	Sep 01, 2017	11.25	Jun 05, 2017	11.72	-4.0102386	10.91	3.1164017
10	FSRPX	today	118.14	Jun 06, 2017	122.12	-3.2590942	116.24	1.634552
11	RWJ	Sep 01, 2017	63.31	Jun 05, 2017	65.3	-3.0474777	61.6	2.775978
12	ICENX	today	11.39	Jun 06, 2017	11.74	-2.9812546	11.04	3.170288
13	FSDCX	today	34.15	Jun 06, 2017	35.02	-2.484291	33.71	1.3052597
14	VDE	Sep 01, 2017	86.56	Jun 05, 2017	88.72	-2.4346313	85.63	1.0860672
15	STCEX	today	10.96	Jun 06, 2017	11.23	-2.404274	10.79	1.575531
16	FENY	Sep 01, 2017	17.56	Jun 05, 2017	17.98	-2.3359299	17.37	1.0938263
17	RYURX	today	66.67	Jun 06, 2017	68.19	-2.2290726	67.56	-1.3173447
18	PHK	Sep 01, 2017	8.5	Jun 05, 2017	8.69	-2.1864166	8.48	0.2358551	*P*
19	OIL	Sep 01, 2017	4.9	Jun 05, 2017	5.0	-2.0	4.96	-1.2096786	*P*
20	CHTTX	today	41.76	Jun 06, 2017	42.54	-1.8335724	40.85	2.2276611
21	XLE	Sep 01, 2017	63.58	Jun 05, 2017	64.76	-1.822113	63.0	0.92063904
22	FDLSX	today	160.35	Jun 06, 2017	163.11	-1.6921082	157.54	1.7836838
23	RZV	Sep 01, 2017	63.99	Jun 05, 2017	64.92	-1.4325256	62.24	2.8116913
24	FSCPX	today	38.61	Jun 06, 2017	39.17	-1.429657	38.03	1.525116
25	FSCRX	today	30.14	Jun 06, 2017	30.57	-1.4066086	29.74	1.3449936
26	USO	Sep 01, 2017	9.67	Jun 05, 2017	9.8	-1.3265305	9.75	-0.82051086
27	JQC	Sep 01, 2017	8.46	Jun 05, 2017	8.57	-1.2835464	8.42	0.4750595
28	QQQX	Sep 01, 2017	22.13	Jun 05, 2017	22.36	-1.0286255	21.5	2.9302216
29	FSOFX	today	14.15	Jun 06, 2017	14.28	-0.91036224	14.15	0.0
30	POGSX	today	60.81	Jun 06, 2017	61.34	-0.86403656	60.05	1.265625
31	FCPEX	today	13.64	Jun 06, 2017	13.74	-0.72779846	13.33	2.3255844
32	POAGX	today	38.92	Jun 06, 2017	39.18	-0.66360474	37.92	2.6371384
33	FSLEX	today	24.52	Jun 06, 2017	24.67	-0.6080246	24.17	1.448082
34	BULIX	today	18.65	Jun 06, 2017	18.76	-0.5863571	18.82	-0.9032974
35	RWX	Sep 01, 2017	39.07	Jun 05, 2017	39.29	-0.55994415	38.82	0.64398956
36	VIG	Sep 01, 2017	93.01	Jun 05, 2017	93.4	-0.41755676	92.05	1.0429153
37	FFKCX	today	13.15	Jun 06, 2017	13.2	-0.37878418	13.37	-1.6454773
38	FKVFX	today	13.86	Jun 06, 2017	13.91	-0.35945892	14.1	-1.7021332
39	FSELX	today	107.58	Jun 06, 2017	107.83	-0.23184204	104.55	2.8981323	*P*
40	FFIPX	today	9.93	Jun 06, 2017	9.95	-0.2009964	9.93	0.0
41	FNORX	today	52.83	Jun 06, 2017	52.87	-0.075653076	51.89	1.8115311	*P*
42	IJS	Sep 01, 2017	138.25	Jun 05, 2017	138.28	-0.021697998	135.03	2.3846512
43	FIPAX	today	11.92	Jun 06, 2017	11.92	0.0	11.89	0.25230408
44	VIPSX	today	13.24	Jun 06, 2017	13.23	0.07559204	13.22	0.15127563
45	PRIPX	today	11.97	Jun 06, 2017	11.96	0.083610535	11.95	0.16737366
46	VFIIX	today	10.57	Jun 06, 2017	10.56	0.094688416	10.56	0.094688416
47	FSIPX	today	9.94	Jun 06, 2017	9.93	0.10069275	9.92	0.20160675
48	FSHFX	today	9.66	Jun 06, 2017	9.65	0.103630066	9.66	0.0
49	KYTFX	today	7.8	Jun 06, 2017	7.79	0.12837982	7.8	0.0
50	FJPNX	today	14.08	Jun 06, 2017	14.06	0.14224243	14.07	0.07107544
51	FFKVX	today	13.24	Jun 06, 2017	13.22	0.15127563	13.38	-1.046341
52	FINPX	today	12.07	Jun 06, 2017	12.05	0.16597748	12.05	0.16597748
53	JASCX	today	33.98	Jun 06, 2017	33.92	0.17689514	33.19	2.3802414
54	PRFSX	today	5.64	Jun 06, 2017	5.63	0.1776123	5.64	0.0
55	VFITX	today	11.27	Jun 06, 2017	11.25	0.17778015	11.28	-0.088645935
56	PGNDX	today	11.17	Jun 06, 2017	11.15	0.1793747	11.15	0.1793747
57	VSGBX	today	10.71	Jun 06, 2017	10.69	0.18709564	10.71	0.0
58	FSHOX	today	62.36	Jun 06, 2017	62.24	0.1927948	61.21	1.8787842
59	FCNVX	today	10.04	Jun 06, 2017	10.02	0.19959259	10.04	0.0
60	FFXSX	today	9.98	Jun 06, 2017	9.96	0.20079803	9.98	0.0
61	SLYV	Sep 01, 2017	117.69	Jun 05, 2017	117.45	0.2043457	115.19	2.1703262
62	FFRHX	today	9.63	Jun 06, 2017	9.61	0.20811462	9.63	0.0
63	NHINX	today	8.77	Jun 06, 2017	8.75	0.22856903	8.75	0.22856903
64	ACITX	today	11.65	Jun 06, 2017	11.62	0.25817108	11.63	0.17195892
65	FICNX	today	11.51	Jun 06, 2017	11.48	0.26132965	11.49	0.17407227
66	FGMNX	today	11.49	Jun 06, 2017	11.46	0.2617798	11.48	0.0871048
67	SWRSX	today	11.16	Jun 06, 2017	11.13	0.2695465	11.14	0.17952728
68	EWJ	Sep 01, 2017	54.49	Jun 05, 2017	54.34	0.27603912	54.36	0.23914337
69	FIBAX	today	10.88	Jun 06, 2017	10.85	0.2764969	10.88	0.0
70	BTTTX	today	104.5	Jun 06, 2017	104.21	0.27828217	104.51	-0.00957489
71	FSTGX	today	10.56	Jun 06, 2017	10.53	0.2849121	10.56	0.0
72	FCVSX	today	28.04	Jun 06, 2017	27.96	0.28612518	27.75	1.0450516
73	FSBAX	today	10.44	Jun 06, 2017	10.41	0.2881775	10.44	0.0
74	FVIIX	today	10.34	Jun 06, 2017	10.31	0.29097748	10.35	-0.09661865	*BT*
75	LEXCX	today	33.88	Jun 06, 2017	33.78	0.2960434	33.53	1.0438461
76	TIP	Sep 01, 2017	114.12	Jun 05, 2017	113.78	0.2988205	113.85	0.2371521
77	SHY	Sep 01, 2017	84.59	Jun 05, 2017	84.32	0.3202057	84.58	0.011810303
78	USNYX	today	12.03	Jun 06, 2017	11.99	0.33361053	12.02	0.08318329
79	FFKAX	today	12.02	Jun 06, 2017	11.98	0.33389282	12.1	-0.6611557
80	BMBSX	today	11.99	Jun 06, 2017	11.95	0.33472443	11.98	0.083473206
81	SPHIX	today	8.96	Jun 06, 2017	8.93	0.33594513	8.93	0.33594513
82	NOSGX	today	23.79	Jun 06, 2017	23.71	0.33742523	23.35	1.8843689
83	PRTIX	today	5.81	Jun 06, 2017	5.79	0.34542084	5.81	0.0
84	NTFIX	today	11.6	Jun 06, 2017	11.56	0.34601593	11.59	0.08628082
85	FSHBX	today	8.64	Jun 06, 2017	8.61	0.34843445	8.64	0.0
86	SMDMX	today	11.47	Jun 06, 2017	11.43	0.3499527	11.46	0.087265015
87	USVAX	today	11.36	Jun 06, 2017	11.32	0.35336304	11.35	0.08809662
88	FMSFX	today	11.32	Jun 06, 2017	11.28	0.35461426	11.31	0.088409424
89	NCITX	today	10.77	Jun 06, 2017	10.73	0.37278748	10.77	0.0
90	NOITX	today	10.6	Jun 06, 2017	10.56	0.37878418	10.59	0.094429016
91	FGOVX	today	10.33	Jun 06, 2017	10.29	0.3887329	10.33	0.0
92	FOHFX	today	12.26	Jun 06, 2017	12.21	0.40950775	12.24	0.16339874
93	FSHNX	today	9.69	Jun 06, 2017	9.65	0.414505	9.66	0.3105545
94	PRVAX	today	12.08	Jun 06, 2017	12.03	0.41563416	12.06	0.16583252
95	GABUX	today	9.58	Jun 06, 2017	9.54	0.419281	9.64	-0.622406
96	FCPVX	today	19.0	Jun 06, 2017	18.92	0.4228363	18.81	1.010109
97	FIMIX	today	11.71	Jun 06, 2017	11.66	0.42881775	11.7	0.08547211
98	CDSIX	today	16.23	Jun 06, 2017	16.16	0.43317413	16.25	-0.12307739	*BT*
99	GTFBX	today	11.58	Jun 06, 2017	11.53	0.43364716	11.57	0.08642578
100	FSCDX	today	27.21	Jun 06, 2017	27.09	0.44297028	26.68	1.9865036
101	VMLTX	today	11.03	Jun 06, 2017	10.98	0.4553833	11.03	0.0
102	FTHRX	today	10.94	Jun 06, 2017	10.89	0.45913696	10.94	0.0
103	MDXBX	today	10.84	Jun 06, 2017	10.79	0.46339417	10.83	0.09233856
104	FCSTX	today	10.7	Jun 06, 2017	10.65	0.46948242	10.7	0.0
105	USSTX	today	10.51	Jun 06, 2017	10.46	0.4780197	10.51	0.0
106	SMTFX	today	10.47	Jun 06, 2017	10.42	0.47985077	10.46	0.09560394
107	FMHTX	today	12.27	Jun 06, 2017	12.21	0.49140167	12.26	0.08156586
108	DRTAX	today	11.84	Jun 06, 2017	11.78	0.509346	11.83	0.08453369
109	NCATX	today	11.71	Jun 06, 2017	11.65	0.5150223	11.7	0.08547211
110	FBIDX	today	11.69	Jun 06, 2017	11.63	0.51589966	11.69	0.0
111	VBIIX	today	11.54	Jun 06, 2017	11.48	0.5226517	11.54	0.0
112	KRE	Sep 01, 2017	52.48	Jun 05, 2017	52.2	0.5363922	52.7	-0.41745758
113	FPXTX	today	11.24	Jun 06, 2017	11.18	0.53666687	11.23	0.08905029
114	CXXRX	today	24.24	Jun 06, 2017	24.11	0.5391922	23.69	2.3216476	*BT*
115	USCBX	today	11.11	Jun 06, 2017	11.05	0.542984	11.09	0.18034363
116	TGFNX	today	11.04	Jun 06, 2017	10.98	0.5464554	11.05	-0.09049988
117	BSV	Sep 01, 2017	80.03	Jun 05, 2017	79.59	0.55283356	79.98	0.06251526	*P*
118	VMATX	today	10.86	Jun 06, 2017	10.8	0.5555496	10.85	0.092163086
119	VBTLX	today	10.84	Jun 06, 2017	10.78	0.5565872	10.84	0.0
120	NOAZX	today	10.74	Jun 06, 2017	10.68	0.5617981	10.73	0.09320068
121	IEI	Sep 01, 2017	124.29	Jun 05, 2017	123.59	0.566391	124.22	0.056350708
122	FSTFX	today	10.64	Jun 06, 2017	10.58	0.5671158	10.63	0.094078064
123	JDSNX	today	22.76	Jun 06, 2017	22.63	0.57445526	22.41	1.5618057	*BT*
124	FSAZX	today	12.21	Jun 06, 2017	12.14	0.57660675	12.2	0.081970215
125	TGMNX	today	10.38	Jun 06, 2017	10.32	0.581398	10.39	-0.09625244
126	FDEGX	today	37.89	Jun 06, 2017	37.67	0.5840149	37.21	1.8274689	*P*
127	PRTAX	today	10.22	Jun 06, 2017	10.16	0.5905533	10.21	0.09794617
128	VCAIX	today	11.89	Jun 06, 2017	11.82	0.5922165	11.88	0.08417511
129	SWNTX	today	11.81	Jun 06, 2017	11.74	0.5962601	11.8	0.084747314
130	USTEX	today	13.45	Jun 06, 2017	13.37	0.59835815	13.43	0.14891815
131	PRNYX	today	11.74	Jun 06, 2017	11.67	0.599823	11.72	0.17064667
132	FTFMX	today	13.38	Jun 06, 2017	13.3	0.6015091	13.37	0.074790955
133	FSITX	today	11.69	Jun 06, 2017	11.62	0.60240936	11.69	0.0
134	FFKDX	today	14.96	Jun 06, 2017	14.87	0.6052475	15.09	-0.861496
135	FAGKX	today	38.18	Jun 06, 2017	37.95	0.60606384	37.49	1.8404846
136	EES	Sep 01, 2017	32.43	Jun 05, 2017	32.23	0.62054443	31.66	2.4320984
137	FBNDX	today	7.97	Jun 06, 2017	7.92	0.6313095	7.96	0.12562561
138	VOHIX	today	12.67	Jun 06, 2017	12.59	0.63542175	12.65	0.15810394
139	FEQIX	today	59.39	Jun 06, 2017	59.01	0.64395905	58.91	0.8148041
140	ANFVX	today	26.41	Jun 06, 2017	26.24	0.6478653	25.85	2.1663437	*BT*
141	SJNK	Sep 01, 2017	27.83	Jun 05, 2017	27.65	0.65099335	27.74	0.32444
142	FTBFX	today	10.75	Jun 06, 2017	10.68	0.655426	10.74	0.09311676
143	FDMMX	today	12.28	Jun 06, 2017	12.2	0.6557312	12.27	0.08148956
144	BCITX	today	12.0	Jun 06, 2017	11.92	0.67113495	11.99	0.08339691
145	BCLTX	today	11.71	Jun 06, 2017	11.63	0.68787384	11.7	0.08547211
146	FCTFX	today	13.07	Jun 06, 2017	12.98	0.69338226	13.05	0.15325928
147	PRXCX	today	11.61	Jun 06, 2017	11.53	0.69384766	11.59	0.17255402
148	VICEX	today	30.4	Jun 06, 2017	30.19	0.69558716	29.81	1.9792099
149	FIBFX	today	11.35	Jun 06, 2017	11.27	0.7098465	11.35	0.0
150	GSSUX	today	60.99	Jun 06, 2017	60.55	0.72667694	59.89	1.8367081
151	FPIOX	today	9.62	Jun 06, 2017	9.55	0.7329788	9.6	0.20832825
152	PRFHX	today	12.07	Jun 06, 2017	11.98	0.75125885	12.05	0.16597748
153	TIXRX	today	10.52	Jun 06, 2017	10.44	0.76628876	10.51	0.09515381
154	FSFFX	today	12.97	Jun 06, 2017	12.87	0.77700806	12.97	0.0
155	RFV	Sep 01, 2017	62.24	Jun 05, 2017	61.75	0.7935257	61.17	1.7492294
156	FSIGX	today	11.35	Jun 06, 2017	11.26	0.7992859	11.35	0.0
157	FCYIX	today	33.66	Jun 06, 2017	33.39	0.8086319	33.03	1.9073639
158	FHIFX	today	8.71	Jun 06, 2017	8.64	0.81018066	8.69	0.23015594
159	FFIGX	today	15.58	Jun 06, 2017	15.45	0.84143066	15.58	0.0
160	FMIMX	today	27.56	Jun 06, 2017	27.33	0.841568	27.17	1.4354019
161	FPCIX	today	10.69	Jun 06, 2017	10.6	0.8490448	10.69	0.0
162	BCHYX	today	10.64	Jun 06, 2017	10.55	0.8530884	10.62	0.18832397
163	VWLTX	today	11.72	Jun 06, 2017	11.62	0.86058044	11.7	0.17094421
164	VPAIX	today	11.68	Jun 06, 2017	11.58	0.86356354	11.65	0.25751495
165	FLTMX	today	10.47	Jun 06, 2017	10.38	0.8670578	10.46	0.09560394
166	DODIX	today	13.89	Jun 06, 2017	13.77	0.87145233	13.88	0.072052
167	HLPPX	today	14.77	Jun 06, 2017	14.64	0.8879776	14.54	1.5818481
168	USATX	today	13.39	Jun 06, 2017	13.27	0.9042969	13.37	0.14959717
169	VCITX	today	12.24	Jun 06, 2017	12.13	0.90683746	12.22	0.16366577
170	FIEUX	today	40.42	Jun 06, 2017	40.05	0.923851	39.99	1.0752563
171	JNK	Sep 01, 2017	37.11	Jun 05, 2017	36.77	0.92466736	36.97	0.37867737
172	PRINX	today	11.98	Jun 06, 2017	11.87	0.9266968	11.96	0.16721344
173	FLSAX	today	52.89	Jun 06, 2017	52.39	0.9543762	51.62	2.460289
174	FASIX	today	13.57	Jun 06, 2017	13.44	0.96726227	13.53	0.29563904
175	SCHD	Sep 01, 2017	45.91	Jun 05, 2017	45.47	0.9676666	45.6	0.6798248
176	FEDFX	today	10.42	Jun 06, 2017	10.32	0.96899414	10.42	0.0
177	VWNFX	today	37.35	Jun 06, 2017	36.99	0.9732208	36.89	1.2469559
178	OWSMX	today	17.01	Jun 06, 2017	16.84	1.0094986	16.8	1.2500076
179	SPLV	Sep 01, 2017	45.5	Jun 05, 2017	45.04	1.0213165	45.35	0.3307724	*P*
180	FCBFX	today	11.66	Jun 06, 2017	11.54	1.0398636	11.66	0.0
181	PFODX	today	10.66	Jun 06, 2017	10.55	1.0426483	10.65	0.09390259
182	FTABX	today	11.62	Jun 06, 2017	11.5	1.0434723	11.6	0.17240906
183	FEQTX	today	28.01	Jun 06, 2017	27.72	1.0461807	27.75	0.9369354
184	PSCM	Sep 01, 2017	46.13	Jun 05, 2017	45.65	1.0514755	44.68	3.245308
185	FKTWX	today	15.84	Jun 06, 2017	15.67	1.084877	15.91	-0.43997192
186	RYTRX	today	13.91	Jun 06, 2017	13.76	1.0901108	13.68	1.681282	*BT*
187	VIS	Sep 01, 2017	129.03	Jun 05, 2017	127.62	1.1048431	126.55	1.9596939
188	XHB	Sep 01, 2017	38.36	Jun 05, 2017	37.94	1.1070099	37.51	2.2660751
189	FIKFX	today	11.86	Jun 06, 2017	11.73	1.1082611	11.82	0.33840942
190	FHIGX	today	13.3	Jun 06, 2017	13.15	1.140686	13.27	0.22606659
191	FCSFX	today	5.23	Jun 06, 2017	5.17	1.1605377	5.23	0.0
192	FFVNX	today	10.45	Jun 06, 2017	10.33	1.1616592	10.45	0.0
193	FIGFX	today	13.0	Jun 06, 2017	12.85	1.1673126	12.92	0.61919403
194	PTTDX	today	10.35	Jun 06, 2017	10.23	1.1730347	10.35	0.0
195	FIAFX	today	11.21	Jun 06, 2017	11.08	1.1732788	11.18	0.2683258	*BT*
196	PRULX	today	12.82	Jun 06, 2017	12.67	1.1838913	12.85	-0.2334671
197	RSP	Sep 01, 2017	93.6	Jun 05, 2017	92.49	1.2001266	92.46	1.2329712
198	FLBAX	today	13.29	Jun 06, 2017	13.13	1.2185822	13.33	-0.30007172
199	VO	Sep 01, 2017	144.84	Jun 05, 2017	143.09	1.2230072	142.81	1.421463
200	PENNX	today	11.55	Jun 06, 2017	11.41	1.2269974	11.3	2.2123947
201	FEIKX	today	59.36	Jun 06, 2017	58.64	1.227829	58.88	0.81521606
202	PBDDX	today	10.65	Jun 06, 2017	10.52	1.235733	10.64	0.09397125
203	VWAHX	today	11.42	Jun 06, 2017	11.28	1.2411346	11.4	0.17543793
204	FSDIX	today	15.47	Jun 06, 2017	15.28	1.2434616	15.33	0.9132385
205	FIVLX	today	8.77	Jun 06, 2017	8.66	1.2702103	8.74	0.34326172
206	FMEIX	today	15.0	Jun 06, 2017	14.81	1.2829208	14.78	1.4884949
207	FFFAX	today	11.83	Jun 06, 2017	11.68	1.2842407	11.78	0.4244461
208	TWEBX	today	22.86	Jun 06, 2017	22.57	1.2848969	22.67	0.8381119
209	EEH	Sep 01, 2017	18.13	Jun 05, 2017	17.9	1.2849121	18.0	0.72221375
210	SEQUX	today	178.11	Jun 06, 2017	175.85	1.2851868	175.31	1.5971756
211	FSLCX	today	18.86	Jun 06, 2017	18.62	1.2889404	18.56	1.6163788
212	VWINX	today	26.61	Jun 06, 2017	26.27	1.2942581	26.52	0.3393631
213	FJIFX	today	13.29	Jun 06, 2017	13.12	1.2957306	13.24	0.37763977
214	FFKEX	today	16.35	Jun 06, 2017	16.14	1.3011246	16.41	-0.36562347
215	VUSTX	today	12.41	Jun 06, 2017	12.25	1.3061142	12.44	-0.24115753
216	LQD	Sep 01, 2017	120.81	Jun 05, 2017	119.23	1.3251648	120.89	-0.06617737
217	VB	Sep 01, 2017	136.42	Jun 05, 2017	134.62	1.3370972	133.44	2.2332077
218	FNMIX	today	16.52	Jun 06, 2017	16.3	1.3497009	16.42	0.6090164
219	FEDCX	today	10.46	Jun 06, 2017	10.32	1.3565903	10.4	0.5769272
220	FSTCX	today	69.63	Jun 06, 2017	68.69	1.3684616	69.19	0.6359253
221	FTANX	today	11.08	Jun 06, 2017	10.93	1.3723602	11.04	0.36231232
222	FIRMX	today	61.29	Jun 06, 2017	60.46	1.372818	61.08	0.34381104
223	FIRNX	today	61.51	Jun 06, 2017	60.67	1.3845444	61.29	0.35894012
224	ACWV	Sep 01, 2017	81.22	Jun 05, 2017	80.11	1.3855896	80.86	0.44521332
225	FSMVX	today	26.34	Jun 06, 2017	25.98	1.3856888	25.97	1.4247284
226	FDSCX	today	26.88	Jun 06, 2017	26.51	1.3956909	26.3	2.2053223
227	ICF	Sep 01, 2017	102.37	Jun 05, 2017	100.96	1.3965988	101.95	0.41197205
228	FDGKX	today	35.17	Jun 06, 2017	34.68	1.4129181	34.81	1.0341797
229	PYVLX	today	16.09	Jun 06, 2017	15.86	1.4501953	15.87	1.386261
230	USAGX	today	13.92	Jun 06, 2017	13.72	1.4577255	13.48	3.2640915
231	GVPIX	today	55.58	Jun 06, 2017	54.77	1.4789124	55.8	-0.39426422
232	FSOPX	today	14.4	Jun 06, 2017	14.19	1.4799118	14.09	2.200142
233	VEVRX	today	38.37	Jun 06, 2017	37.81	1.4810791	37.75	1.6423798	*BT**P*
234	FIROX	today	63.72	Jun 06, 2017	62.79	1.4811249	63.47	0.39389038
235	FIRPX	today	64.81	Jun 06, 2017	63.86	1.4876251	64.55	0.40278625
236	BRSVX	today	24.54	Jun 06, 2017	24.18	1.4888382	23.98	2.335289
237	FIGSX	today	15.64	Jun 06, 2017	15.41	1.4925385	15.54	0.6435013
238	VBLTX	today	14.25	Jun 06, 2017	14.04	1.4957275	14.28	-0.21008301
239	FASMX	today	18.23	Jun 06, 2017	17.96	1.5033493	18.11	0.6626129
240	RYGBX	today	53.84	Jun 06, 2017	53.03	1.5274429	54.04	-0.3700943
241	DGRO	Sep 01, 2017	31.87	Jun 05, 2017	31.39	1.5291595	31.53	1.0783463
242	FNJHX	today	11.92	Jun 06, 2017	11.74	1.5332184	11.87	0.4212265
243	FPHAX	today	19.06	Jun 06, 2017	18.77	1.5450134	18.75	1.653328
244	FBALX	today	24.3	Jun 06, 2017	23.93	1.5461655	24.01	1.2078247
245	IWM	Sep 01, 2017	140.52	Jun 05, 2017	138.38	1.546463	136.88	2.6592636
246	FSICX	today	11.16	Jun 06, 2017	10.99	1.5468597	11.14	0.17952728
247	FINVX	today	10.47	Jun 06, 2017	10.31	1.5518875	10.43	0.38350677
248	VWELX	today	41.52	Jun 06, 2017	40.88	1.5655518	41.26	0.63014984
249	VIMSX	today	39.54	Jun 06, 2017	38.93	1.5669098	38.94	1.5408401
250	FFIVX	today	12.23	Jun 06, 2017	12.04	1.5780716	12.17	0.49301147	*BT*
251	BND	Sep 01, 2017	82.21	Jun 05, 2017	80.93	1.5816116	81.98	0.2805481
252	FKIFX	today	14.11	Jun 06, 2017	13.89	1.5838776	14.03	0.5702057
253	FVDKX	today	27.57	Jun 06, 2017	27.14	1.5843735	27.37	0.7307205
254	FVDFX	today	27.56	Jun 06, 2017	27.13	1.5849609	27.36	0.73098755
255	FETKX	today	28.01	Jun 06, 2017	27.57	1.5959396	27.75	0.9369354
256	NAESX	today	65.37	Jun 06, 2017	64.34	1.6008835	63.96	2.2045135
257	ROOF	Sep 01, 2017	27.2	Jun 05, 2017	26.77	1.6062775	26.97	0.85279846
258	FSRIX	today	12.62	Jun 06, 2017	12.42	1.6103058	12.6	0.15872955	*BT*
259	GTSGX	today	9.44	Jun 06, 2017	9.29	1.6146317	9.35	0.96255493
260	FFFVX	today	12.56	Jun 06, 2017	12.36	1.6181335	12.51	0.39968872
261	IVV	Sep 01, 2017	249.57	Jun 05, 2017	245.51	1.6537094	246.18	1.3770447
262	FIRQX	today	64.21	Jun 06, 2017	63.15	1.6785355	63.9	0.48513794
263	VWNDX	today	22.28	Jun 06, 2017	21.91	1.6887283	22.0	1.272728
264	YACKX	today	23.48	Jun 06, 2017	23.09	1.6890411	23.3	0.77253723
265	FSRFX	today	94.67	Jun 06, 2017	93.09	1.6972885	92.73	2.0920868
266	FFKFX	today	17.23	Jun 06, 2017	16.94	1.7119141	17.24	-0.058006287
267	FIRRX	today	61.13	Jun 06, 2017	60.1	1.7138138	60.83	0.49317932
268	FKTHX	today	17.21	Jun 06, 2017	16.92	1.7139435	17.21	0.0	*P*
269	FSRRX	today	8.87	Jun 06, 2017	8.72	1.7201767	8.8	0.7954483
270	FLIFX	today	14.68	Jun 06, 2017	14.43	1.7325058	14.59	0.61685944
271	FFANX	today	11.61	Jun 06, 2017	11.41	1.7528381	11.55	0.51947784
272	PKB	Sep 01, 2017	29.6	Jun 05, 2017	29.09	1.7531738	28.37	4.335556
273	GASFX	today	30.76	Jun 06, 2017	30.23	1.7532196	30.71	0.16281891
274	FDVLX	today	119.18	Jun 06, 2017	117.12	1.758873	117.39	1.524826
275	FCIFX	today	12.72	Jun 06, 2017	12.5	1.7600098	12.65	0.5533676	*BT*
276	FSLVX	today	19.63	Jun 06, 2017	19.29	1.762558	19.39	1.2377472
277	FIDU	Sep 01, 2017	35.16	Jun 05, 2017	34.55	1.765564	34.46	2.0313416
278	PRF	Sep 01, 2017	104.87	Jun 05, 2017	103.05	1.7661362	103.68	1.1477585
279	YAFFX	today	21.84	Jun 06, 2017	21.46	1.7707443	21.66	0.8310318
280	FVLKX	today	119.35	Jun 06, 2017	117.26	1.7823563	117.56	1.5226212
281	VWESX	today	10.59	Jun 06, 2017	10.4	1.8269272	10.61	-0.18849945
282	FGRIX	today	35.1	Jun 06, 2017	34.47	1.8276672	34.62	1.3864746
283	EFA	Sep 01, 2017	66.99	Jun 05, 2017	65.78	1.8394623	66.75	0.35955048
284	FILFX	today	11.07	Jun 06, 2017	10.87	1.83992	11.04	0.27173615
285	FIRSX	today	64.76	Jun 06, 2017	63.57	1.8719559	64.39	0.5746231
286	JPI	Sep 01, 2017	24.97	Jun 05, 2017	24.51	1.8767853	24.87	0.40208435
287	FBCVX	today	18.4	Jun 06, 2017	18.06	1.8826141	18.25	0.8219147	*P*
288	FFFCX	today	16.07	Jun 06, 2017	15.77	1.9023438	15.97	0.6261673
289	FIRUX	today	65.32	Jun 06, 2017	64.09	1.9191895	64.93	0.600647
290	FPIFX	today	15.37	Jun 06, 2017	15.08	1.9230728	15.26	0.7208328
291	FFSTX	today	17.44	Jun 06, 2017	17.11	1.9286957	17.44	0.0
292	FZAAX	today	21.51	Jun 06, 2017	21.1	1.9431229	21.26	1.1759186	*BT*
293	FUSEX	today	86.89	Jun 06, 2017	85.23	1.9476624	85.71	1.3767395
294	FFVIX	today	12.91	Jun 06, 2017	12.66	1.9747238	12.82	0.70202637	*BT*
295	FGIKX	today	35.07	Jun 06, 2017	34.39	1.9773254	34.59	1.38768
296	FOSFX	today	48.41	Jun 06, 2017	47.47	1.9801941	48.26	0.3108139
297	VEIPX	today	34.91	Jun 06, 2017	34.23	1.9865646	34.59	0.9251251
298	FDIVX	today	40.03	Jun 06, 2017	39.25	1.9872513	39.89	0.3509674
299	FDIKX	today	39.97	Jun 06, 2017	39.19	1.990303	39.84	0.3263092
300	PEQKX	today	34.63	Jun 06, 2017	33.95	2.002945	34.31	0.9326706	*BT*
301	FOSKX	today	48.33	Jun 06, 2017	47.38	2.005066	48.18	0.31134033
302	FEXPX	today	22.89	Jun 06, 2017	22.44	2.0053406	22.64	1.1042328
303	FEXKX	today	22.86	Jun 06, 2017	22.41	2.0080338	22.61	1.1057053
304	FBAKX	today	24.31	Jun 06, 2017	23.83	2.014267	24.01	1.2494812
305	FIRVX	today	63.02	Jun 06, 2017	61.76	2.0401611	62.6	0.6709366
306	RYU	Sep 01, 2017	89.3	Jun 05, 2017	87.51	2.0454788	89.85	-0.6121292	*P*
307	FDIFX	today	13.9	Jun 06, 2017	13.62	2.0558014	13.8	0.7246399	*BT*
308	QQQ	Sep 01, 2017	146.0	Jun 05, 2017	143.04	2.0693512	141.97	2.838623
309	FQIFX	today	16.26	Jun 06, 2017	15.93	2.071556	16.14	0.74349976
310	SPY	Sep 01, 2017	247.84	Jun 05, 2017	242.81	2.0715866	244.56	1.3411865	*P*
311	FFVFX	today	13.3	Jun 06, 2017	13.03	2.0721436	13.21	0.68130493
312	VTI	Sep 01, 2017	127.27	Jun 05, 2017	124.68	2.0773163	125.36	1.523613
313	FBMPX	today	83.33	Jun 06, 2017	81.63	2.082573	82.34	1.2023315
314	FSIIX	today	41.64	Jun 06, 2017	40.79	2.0838394	41.52	0.2890091
315	AGTHX	today	48.89	Jun 06, 2017	47.89	2.0881195	47.98	1.8966217
316	FFNOX	today	42.49	Jun 06, 2017	41.62	2.0903473	42.07	0.9983444
317	VUG	Sep 01, 2017	131.95	Jun 05, 2017	129.23	2.1047745	129.18	2.1443024
318	FFKGX	today	17.85	Jun 06, 2017	17.48	2.1167068	17.79	0.337265
319	FIRWX	today	64.41	Jun 06, 2017	63.07	2.1246338	63.96	0.70357513
320	VOO	Sep 01, 2017	227.69	Jun 05, 2017	222.94	2.1306152	224.6	1.3757858	*P*
321	FIXRX	today	64.7	Jun 06, 2017	63.35	2.1310196	64.25	0.7003784
322	FSIVX	today	41.66	Jun 06, 2017	40.79	2.132866	41.54	0.2888794	*P*
323	FITWX	today	13.82	Jun 06, 2017	13.53	2.1433868	13.71	0.8023224	*BT*
324	JPC	Sep 01, 2017	10.44	Jun 05, 2017	10.22	2.1526337	10.51	-0.6660385
325	FFKHX	today	18.0	Jun 06, 2017	17.62	2.156639	17.93	0.39041138
326	FMILX	today	39.54	Jun 06, 2017	38.7	2.1705399	38.91	1.6191254
327	VHDYX	today	31.5	Jun 06, 2017	30.83	2.1732101	31.19	0.9939041
328	SSSFX	today	24.45	Jun 06, 2017	23.92	2.2157211	23.85	2.5157242
329	VEXMX	today	78.59	Jun 06, 2017	76.88	2.2242432	76.85	2.2641525
330	FSANX	today	12.36	Jun 06, 2017	12.09	2.2332458	12.26	0.81565094
331	FWRLX	today	10.06	Jun 06, 2017	9.84	2.2357712	10.01	0.49949646	*P*
332	FSEMX	today	59.62	Jun 06, 2017	58.31	2.246605	58.3	2.2641525
333	FFFDX	today	16.35	Jun 06, 2017	15.99	2.2514114	16.22	0.8014908
334	FKMCX	today	37.24	Jun 06, 2017	36.42	2.2515182	36.66	1.5821075
335	VEXAX	today	78.56	Jun 06, 2017	76.83	2.2517242	76.82	2.2650375	*P*
336	FMCSX	today	37.22	Jun 06, 2017	36.4	2.2527466	36.64	1.5829773
337	VTV	Sep 01, 2017	97.88	Jun 05, 2017	95.72	2.256569	97.16	0.7410431
338	FSEVX	today	59.63	Jun 06, 2017	58.31	2.2637634	58.31	2.2637634
339	SCHF	Sep 01, 2017	32.7	Jun 05, 2017	31.97	2.2833939	32.58	0.36832428
340	FUSIX	today	10.25	Jun 06, 2017	10.02	2.295395	10.21	0.3917694
341	FRIFX	today	12.44	Jun 06, 2017	12.16	2.3026352	12.38	0.48464203
342	FFTWX	today	14.11	Jun 06, 2017	13.79	2.3205185	14.0	0.78570557
343	MNBAX	today	18.05	Jun 06, 2017	17.64	2.324257	17.87	1.0072708
344	FIUIX	today	27.17	Jun 06, 2017	26.55	2.3352127	27.3	-0.47618866
345	FSCFX	today	14.46	Jun 06, 2017	14.13	2.3354492	14.15	2.1908188
346	VTSMX	today	61.93	Jun 06, 2017	60.51	2.3467178	61.0	1.5245895
347	DODGX	today	194.85	Jun 06, 2017	190.35	2.3640594	192.14	1.4104385
348	VTSAX	today	61.96	Jun 06, 2017	60.52	2.3793793	61.03	1.5238419
349	PRFDX	today	33.35	Jun 06, 2017	32.57	2.394844	33.02	0.99938965
350	FSCGX	today	40.61	Jun 06, 2017	39.66	2.3953705	39.91	1.753952
351	PLMDX	today	9.4	Jun 06, 2017	9.18	2.396515	9.38	0.21321869
352	FXIFX	today	16.99	Jun 06, 2017	16.59	2.4110947	16.83	0.9506836
353	FSTVX	today	71.64	Jun 06, 2017	69.95	2.4160156	70.56	1.5306091
354	FSTMX	today	71.63	Jun 06, 2017	69.94	2.4163513	70.55	1.5308228
355	VFINX	today	229.47	Jun 06, 2017	224.04	2.4236832	226.35	1.3783951
356	FFSMX	today	71.65	Jun 06, 2017	69.95	2.4303207	70.57	1.5303955
357	VOOG	Sep 01, 2017	127.84	Jun 05, 2017	124.8	2.4358902	125.56	1.8158646
358	FSCOX	today	18.08	Jun 06, 2017	17.65	2.4362717	17.94	0.78038025
359	EIERX	today	17.22	Jun 06, 2017	16.81	2.4390259	16.93	1.7129288	*BT*
360	VNQ	Sep 01, 2017	84.33	Jun 05, 2017	82.32	2.4416962	83.82	0.6084442
361	FLVCX	today	37.31	Jun 06, 2017	36.42	2.443718	36.44	2.387497
362	VFIAX	today	229.51	Jun 06, 2017	224.03	2.446106	226.39	1.3781586	*P*
363	FLVEX	today	12.55	Jun 06, 2017	12.25	2.4489746	12.39	1.291359	*P*
364	VPU	Sep 01, 2017	120.47	Jun 05, 2017	117.59	2.4491882	121.11	-0.5284424
365	FUSVX	today	86.91	Jun 06, 2017	84.82	2.4640427	85.73	1.3764114	*P*
366	FLCKX	today	37.4	Jun 06, 2017	36.5	2.4657593	36.52	2.4096375
367	ONEQ	Sep 01, 2017	253.62	Jun 05, 2017	247.51	2.4685822	246.75	2.784195
368	VGHCX	today	212.08	Jun 06, 2017	206.97	2.468956	207.24	2.3354492
369	FEFIX	today	14.89	Jun 06, 2017	14.53	2.4776306	14.74	1.0176392	*P*
370	FSAEX	today	13.21	Jun 06, 2017	12.89	2.482544	12.99	1.6936188
371	VGHAX	today	89.47	Jun 06, 2017	87.3	2.4856796	87.42	2.3450012
372	FASGX	today	22.08	Jun 06, 2017	21.54	2.506958	21.88	0.9140854
373	FLCEX	today	13.78	Jun 06, 2017	13.44	2.5297623	13.58	1.4727478
374	FDCPX	today	89.54	Jun 06, 2017	87.31	2.5541153	88.2	1.5192719
375	FCSAX	today	17.23	Jun 06, 2017	16.8	2.5595322	16.99	1.4125977
376	FIHFX	today	17.85	Jun 06, 2017	17.4	2.5862122	17.66	1.0758743
377	FPURX	today	22.93	Jun 06, 2017	22.35	2.5950775	22.65	1.2361984
378	RPMGX	today	88.25	Jun 06, 2017	86.0	2.616272	86.85	1.611969
379	FFFEX	today	17.59	Jun 06, 2017	17.14	2.6254425	17.42	0.9758911
380	FBIFX	today	17.97	Jun 06, 2017	17.51	2.62706	17.78	1.0686035
381	FITHX	today	14.44	Jun 06, 2017	14.07	2.6297073	14.28	1.1204453	*BT*
382	CSCO	Sep 01, 2017	32.3	Jun 05, 2017	31.47	2.637436	31.44	2.7353668
383	FIPFX	today	18.19	Jun 06, 2017	17.72	2.652382	17.99	1.1117325
384	FIFFX	today	15.44	Jun 06, 2017	15.04	2.6595688	15.27	1.1132812	*BT*
385	FFFIX	today	11.96	Jun 06, 2017	11.65	2.660942	11.82	1.1844406	*BT*
386	FIOFX	today	18.11	Jun 06, 2017	17.64	2.6644135	17.91	1.1166916
387	OAKBX	today	32.69	Jun 06, 2017	31.84	2.6695938	32.26	1.3329239
388	FFFPX	today	11.9	Jun 06, 2017	11.59	2.6747131	11.76	1.1904755	*BT*
389	FLCSX	today	31.38	Jun 06, 2017	30.56	2.6832428	30.91	1.5205383
390	FLPSX	today	54.64	Jun 06, 2017	53.21	2.6874695	54.39	0.45964813
391	FDKQX	today	11.46	Jun 06, 2017	11.16	2.6881714	11.33	1.1473999	*BT*
392	FHFIX	today	12.97	Jun 06, 2017	12.63	2.692009	12.82	1.1700516	*BT*
393	JPS	Sep 01, 2017	10.27	Jun 05, 2017	10.0	2.7000046	10.17	0.983284	*P*
394	VTMGX	today	13.68	Jun 06, 2017	13.32	2.702713	13.62	0.44052887
395	FLPKX	today	54.63	Jun 06, 2017	53.19	2.7072754	54.37	0.47821045
396	FGRTX	today	16.65	Jun 06, 2017	16.21	2.7143707	16.43	1.3390045
397	FNCMX	today	84.97	Jun 06, 2017	82.7	2.7448654	82.95	2.4352112	*P*
398	FOHIX	today	16.31	Jun 06, 2017	15.87	2.772522	16.09	1.3673096
399	MOO	Sep 01, 2017	56.88	Jun 05, 2017	55.34	2.7827988	55.87	1.8077698
400	VTRIX	today	37.69	Jun 06, 2017	36.66	2.8095932	37.49	0.5334625
401	FSPCX	today	83.09	Jun 06, 2017	80.8	2.8341522	83.09	0.0
402	FLGEX	today	17.65	Jun 06, 2017	17.16	2.8554764	17.32	1.9053116
403	FRESX	today	43.06	Jun 06, 2017	41.86	2.8666992	42.52	1.2699966
404	FFTHX	today	14.7	Jun 06, 2017	14.29	2.8691406	14.53	1.1699905
405	FSTSX	today	17.56	Jun 06, 2017	17.07	2.8705368	17.42	0.8036728
406	FDSSX	today	42.25	Jun 06, 2017	41.07	2.873146	41.52	1.7581787
407	FAMRX	today	18.94	Jun 06, 2017	18.41	2.878868	18.74	1.0672455
408	VT	Sep 01, 2017	69.82	Jun 05, 2017	67.86	2.888298	69.05	1.1151276
409	FSCSX	today	157.78	Jun 06, 2017	153.35	2.8888092	154.86	1.8855667	*P*
410	FFFFX	today	10.31	Jun 06, 2017	10.02	2.8942108	10.2	1.0784378
411	FSSKX	today	42.28	Jun 06, 2017	41.09	2.89608	41.56	1.7324295
412	FFFHX	today	11.72	Jun 06, 2017	11.39	2.8972778	11.59	1.1216507
413	FDYSX	today	9.58	Jun 06, 2017	9.31	2.9001007	9.51	0.7360687
414	FFFGX	today	11.66	Jun 06, 2017	11.33	2.912613	11.53	1.1274948
415	FSMEX	today	46.25	Jun 06, 2017	44.94	2.915001	45.54	1.5590668
416	JDD	Sep 01, 2017	12.85	Jun 05, 2017	12.48	2.9647446	12.8	0.390625	*P*
417	FPUKX	today	22.91	Jun 06, 2017	22.25	2.9662933	22.63	1.237297
418	WIP	Sep 01, 2017	57.96	Jun 05, 2017	56.29	2.966774	57.76	0.3462677
419	IHE	Sep 01, 2017	155.15	Jun 05, 2017	150.63	3.0007248	149.93	3.4816284
420	VGT	Sep 01, 2017	151.11	Jun 05, 2017	146.7	3.006134	147.75	2.274109
421	REACX	today	29.12	Jun 06, 2017	28.27	3.0067215	28.73	1.3574753
422	FVSAX	today	19.04	Jun 06, 2017	18.48	3.0303116	18.85	1.0079651
423	PASDX	today	12.21	Jun 06, 2017	11.85	3.0379791	12.15	0.49383545
424	FIREX	today	11.27	Jun 06, 2017	10.93	3.1107101	11.21	0.5352402
425	FZANX	today	31.77	Jun 06, 2017	30.81	3.1158829	31.21	1.7943039	*BT*
426	FCSSX	today	5.27	Jun 06, 2017	5.11	3.1311188	5.17	1.934227
427	FGBLX	today	25.32	Jun 06, 2017	24.55	3.1364594	25.13	0.756073
428	FTEC	Sep 01, 2017	45.88	Jun 05, 2017	44.48	3.1474838	44.84	2.3193588
429	XMPT	Sep 01, 2017	27.38	Jun 05, 2017	26.54	3.1650314	27.26	0.4402008
430	PAUDX	today	9.09	Jun 06, 2017	8.81	3.1781998	9.07	0.22051239
431	PCRIX	today	6.77	Jun 06, 2017	6.56	3.2012253	6.63	2.1116104	*BT*
432	DODFX	today	45.31	Jun 06, 2017	43.9	3.2118454	45.15	0.35437012
433	FXZ	Sep 01, 2017	39.14	Jun 05, 2017	37.92	3.2173004	38.02	2.945816
434	FSHCX	today	92.08	Jun 06, 2017	89.19	3.2402725	90.36	1.9034958
435	FTIEX	today	9.08	Jun 06, 2017	8.79	3.299202	9.01	0.7769089
436	JATTX	today	27.46	Jun 06, 2017	26.58	3.3107529	26.81	2.424469
437	HDOGX	today	14.32	Jun 06, 2017	13.86	3.3189087	14.21	0.7740936
438	PCBIX	today	26.31	Jun 06, 2017	25.44	3.4198074	25.96	1.3482361	*BT**P*
439	FSAIX	today	80.98	Jun 06, 2017	78.28	3.4491653	79.44	1.9385681	*P*
440	NAD	Sep 01, 2017	14.35	Jun 05, 2017	13.87	3.4607086	14.26	0.63114166
441	EMLC	Sep 01, 2017	19.36	Jun 05, 2017	18.71	3.474083	19.28	0.41493225
442	FSAVX	today	36.58	Jun 06, 2017	35.35	3.4795074	35.47	3.1294098
443	ANDVX	today	17.54	Jun 06, 2017	16.95	3.4808273	17.42	0.68886566	*BT*
444	PRPFX	today	41.19	Jun 06, 2017	39.8	3.4924622	40.84	0.8569946
445	PARWX	today	36.74	Jun 06, 2017	35.5	3.4929657	35.91	2.3113403
446	FSRBX	today	31.91	Jun 06, 2017	30.83	3.5030823	31.79	0.37747955
447	DIAX	Sep 01, 2017	16.75	Jun 05, 2017	16.18	3.5228577	16.58	1.0253296
448	ANWPX	today	43.17	Jun 06, 2017	41.7	3.525177	42.58	1.3856201
449	MVALX	today	41.09	Jun 06, 2017	39.69	3.5273438	39.87	3.0599442
450	FDEQX	today	37.44	Jun 06, 2017	36.16	3.5398254	36.84	1.6286621
451	FDEKX	today	37.4	Jun 06, 2017	36.12	3.543747	36.81	1.602829
452	GLD	Sep 01, 2017	126.06	Jun 05, 2017	121.73	3.5570526	122.74	2.7049103
453	IAU	Sep 01, 2017	12.75	Jun 05, 2017	12.31	3.5743256	12.42	2.6570053
454	FSLSX	today	42.59	Jun 06, 2017	41.12	3.5749054	42.01	1.3806229
455	FSGFX	today	17.88	Jun 06, 2017	17.26	3.5921097	17.53	1.9965668
456	GWX	Sep 01, 2017	34.58	Jun 05, 2017	33.38	3.5949707	34.22	1.0520248
457	FVSKX	today	42.58	Jun 06, 2017	41.1	3.6009827	42.0	1.3809586
458	VNQI	Sep 01, 2017	59.17	Jun 05, 2017	57.11	3.607071	58.55	1.0589218	*P*
459	FIENX	today	9.75	Jun 06, 2017	9.41	3.6131744	9.7	0.51545715
460	VXUS	Sep 01, 2017	54.16	Jun 05, 2017	52.27	3.6158447	53.88	0.5196686
461	VEU	Sep 01, 2017	52.2	Jun 05, 2017	50.37	3.6331177	51.93	0.519928
462	ITB	Sep 01, 2017	34.19	Jun 05, 2017	32.99	3.6374588	33.51	2.0292435
463	FCNTX	today	120.2	Jun 06, 2017	115.97	3.6474915	118.03	1.8385162	*P*
464	FBGRX	today	84.98	Jun 06, 2017	81.98	3.6594238	83.09	2.2746582
465	FCNKX	today	120.18	Jun 06, 2017	115.93	3.666008	118.01	1.838829	*P*
466	PFBDX	today	10.12	Jun 06, 2017	9.76	3.6885223	10.15	-0.29556274
467	XLB	Sep 01, 2017	55.43	Jun 05, 2017	53.43	3.7432175	54.43	1.8372192	*P*
468	FSAGX	today	22.28	Jun 06, 2017	21.46	3.8210754	21.72	2.57827	*P*
469	FIGRX	today	45.2	Jun 06, 2017	43.53	3.836441	45.02	0.39982605
470	FIDKX	today	45.11	Jun 06, 2017	43.44	3.8443909	44.93	0.40062714
471	FZAIX	today	45.08	Jun 06, 2017	43.41	3.8470383	44.9	0.40088654	*BT*
472	FFIDX	today	42.61	Jun 06, 2017	41.03	3.8508453	41.84	1.8403397
473	VTIAX	today	29.08	Jun 06, 2017	28.0	3.8571472	28.93	0.518486	*P*
474	VGTSX	today	17.39	Jun 06, 2017	16.74	3.8829117	17.3	0.52023315
475	FFDKX	today	42.6	Jun 06, 2017	41.0	3.9024353	41.83	1.8407669
476	FSGDX	today	13.03	Jun 06, 2017	12.54	3.907486	12.97	0.4626007	*BT*
477	PRNHX	today	52.8	Jun 06, 2017	50.78	3.9779434	51.52	2.4844666
478	FSGEX	today	12.77	Jun 06, 2017	12.28	3.9902344	12.71	0.4720688
479	MLAIX	today	10.67	Jun 06, 2017	10.26	3.9961014	10.46	2.0076523	*BT**P*
480	ROBO	Sep 01, 2017	36.92	Jun 05, 2017	35.5	4.0	36.1	2.2714615
481	VAW	Sep 01, 2017	125.17	Jun 05, 2017	120.31	4.0395584	122.46	2.212967
482	FIVFX	today	20.33	Jun 06, 2017	19.53	4.09626	20.13	0.99355316
483	PRGFX	today	66.98	Jun 06, 2017	64.33	4.119385	65.86	1.7005768
484	NKX	Sep 01, 2017	15.93	Jun 05, 2017	15.29	4.1857452	15.75	1.1428604	*P*
485	JIGFX	today	31.61	Jun 06, 2017	30.34	4.18589	31.36	0.7971878
486	FDCAX	today	36.53	Jun 06, 2017	35.04	4.252281	35.82	1.982132
487	PRGTX	today	18.25	Jun 06, 2017	17.5	4.285721	17.89	2.0122986
488	DIA	Sep 01, 2017	219.92	Jun 05, 2017	210.73	4.3610306	218.04	0.8622284	*P*
489	FDSVX	today	31.49	Jun 06, 2017	30.17	4.375206	31.0	1.5806427
490	FMAGX	today	99.94	Jun 06, 2017	95.74	4.3868866	98.16	1.8133621
491	FJSCX	today	17.84	Jun 06, 2017	17.09	4.3885345	17.68	0.9049759
492	FGDKX	today	31.5	Jun 06, 2017	30.17	4.408348	31.01	1.5801315
493	FMGKX	today	99.83	Jun 06, 2017	95.61	4.4137573	98.05	1.8153992
494	FDFFX	today	39.08	Jun 06, 2017	37.41	4.4640503	38.35	1.9035339
495	RTM	Sep 01, 2017	101.17	Jun 05, 2017	96.82	4.4928665	99.26	1.9242401
496	FOCPX	today	108.43	Jun 06, 2017	103.72	4.5410767	105.89	2.3987198
497	FWWFX	today	26.39	Jun 06, 2017	25.2	4.7222137	26.02	1.4219742
498	FTRNX	today	99.98	Jun 06, 2017	95.43	4.7678986	97.75	2.281334
499	FISMX	today	28.83	Jun 06, 2017	27.49	4.874504	28.6	0.8041992
500	OAKIX	today	27.63	Jun 06, 2017	26.33	4.9373245	27.65	-0.07233429
501	VSS	Sep 01, 2017	113.62	Jun 05, 2017	108.21	4.999542	112.06	1.3921127
502	FBSOX	today	50.22	Jun 06, 2017	47.81	5.0407867	49.67	1.1073151
503	FCPGX	today	24.26	Jun 06, 2017	23.09	5.067131	23.65	2.5792847	*P*
504	PRMTX	today	95.37	Jun 06, 2017	90.71	5.137253	93.98	1.479042
505	FNCL	Sep 01, 2017	36.34	Jun 05, 2017	34.55	5.180893	36.39	-0.13739777
506	VFH	Sep 01, 2017	62.53	Jun 05, 2017	59.42	5.2339325	62.55	-0.031974792
507	FATIX	today	57.84	Jun 06, 2017	54.96	5.240181	56.54	2.299263	*BT**P*
508	FSPTX	today	175.96	Jun 06, 2017	167.13	5.28331	171.99	2.3082733
509	XT	Sep 01, 2017	33.67	Jun 05, 2017	31.98	5.284546	32.86	2.4649963
510	RERGX	today	54.74	Jun 06, 2017	51.99	5.289482	54.4	0.625
511	FPBFX	today	33.31	Jun 06, 2017	31.63	5.3114166	33.18	0.39180756	*P*
512	NBB	Sep 01, 2017	21.91	Jun 05, 2017	20.8	5.336548	21.62	1.3413391
513	DRA	Sep 01, 2017	18.15	Jun 05, 2017	17.23	5.3395233	17.82	1.85186
514	EEMV	Sep 01, 2017	58.45	Jun 05, 2017	55.48	5.3532867	58.05	0.689064
515	FSUTX	today	85.19	Jun 06, 2017	80.85	5.3679733	85.52	-0.3858719
516	PYZ	Sep 01, 2017	63.77	Jun 05, 2017	60.52	5.370125	61.9	3.0210037
517	DBC	Sep 01, 2017	15.12	Jun 05, 2017	14.34	5.439331	14.79	2.2312393
518	FGCKX	today	173.09	Jun 06, 2017	164.07	5.49765	168.61	2.6570206
519	XLF	Sep 01, 2017	24.77	Jun 05, 2017	23.4	5.854706	24.81	-0.16121674
520	VHT	Sep 01, 2017	151.14	Jun 05, 2017	142.68	5.9293594	146.33	3.2870865
521	FHLC	Sep 01, 2017	39.23	Jun 05, 2017	37.01	5.9983826	37.98	3.2911987
522	MERKX	today	10.2	Jun 06, 2017	9.62	6.029106	10.23	-0.29325867
523	FSDPX	today	86.71	Jun 06, 2017	81.76	6.054306	84.5	2.6153793
524	FIDSX	today	103.02	Jun 06, 2017	97.11	6.0858765	102.51	0.4975052
525	XTN	Sep 01, 2017	56.99	Jun 05, 2017	53.61	6.304802	54.43	4.703293	*P*
526	RSXJ	Sep 01, 2017	43.43	Jun 05, 2017	40.83	6.367859	41.9	3.6515503
527	FSLBX	today	75.25	Jun 06, 2017	70.7	6.435646	74.44	1.0881195	*P*
528	SWHFX	today	25.86	Jun 06, 2017	24.27	6.5513	25.31	2.1730576
529	FTQGX	today	22.2	Jun 06, 2017	20.8	6.730774	21.72	2.2099457
530	FICDX	today	53.1	Jun 06, 2017	49.74	6.755127	51.98	2.1546707
531	FSPHX	today	230.59	Jun 06, 2017	215.3	7.101715	224.94	2.5117722
532	FSEAX	today	41.28	Jun 06, 2017	38.46	7.3322906	41.0	0.68292236	*P*
533	PTM	Sep 01, 2017	10.48	Jun 05, 2017	9.74	7.5975266	10.22	2.5440216
534	BOTZ	Sep 01, 2017	20.62	Jun 05, 2017	19.16	7.6200485	20.18	2.1803741	*P*
535	FSCHX	today	168.88	Jun 06, 2017	156.92	7.6217194	164.78	2.4881744
536	FFGCX	today	12.11	Jun 06, 2017	11.25	7.6444397	11.86	2.107933
537	THD	Sep 01, 2017	83.24	Jun 05, 2017	77.23	7.7819443	80.27	3.7000198
538	FEMEX	today	9.57	Jun 06, 2017	8.87	7.891762	9.52	0.5251999
539	FSVLX	today	14.56	Jun 06, 2017	13.49	7.9318085	14.41	1.040947
540	PRHSX	today	73.65	Jun 06, 2017	67.95	8.388535	71.4	3.1512604
541	FSAMX	today	10.88	Jun 06, 2017	10.03	8.474579	10.79	0.83410645
542	FEMFX	today	20.73	Jun 06, 2017	19.07	8.704773	20.73	0.0
543	EEM	Sep 01, 2017	45.16	Jun 05, 2017	41.52	8.766853	44.93	0.5119095
544	JMIEX	today	28.0	Jun 06, 2017	25.74	8.780113	27.64	1.3024597	*BT*
545	FEMKX	today	30.2	Jun 06, 2017	27.76	8.789619	29.86	1.138649	*P*
546	FEMSX	today	20.71	Jun 06, 2017	19.01	8.94265	20.57	0.680603
547	FSDAX	today	154.25	Jun 06, 2017	141.5	9.010605	151.02	2.1387787
548	VWO	Sep 01, 2017	44.62	Jun 05, 2017	40.91	9.06868	44.2	0.9502182
549	RSX	Sep 01, 2017	21.59	Jun 05, 2017	19.67	9.761063	20.74	4.098366
550	ERUS	Sep 01, 2017	32.47	Jun 05, 2017	29.56	9.844383	31.25	3.904007
551	FHKCX	today	32.67	Jun 06, 2017	29.62	10.297081	32.47	0.6159439	*P*
552	FXI	Sep 01, 2017	44.26	Jun 05, 2017	40.11	10.346542	44.21	0.113090515
553	CGMRX	today	34.91	Jun 06, 2017	31.6	10.474686	34.28	1.8378143
554	EPU	Sep 01, 2017	37.8	Jun 05, 2017	33.84	11.702118	37.07	1.9692383
555	HAO	Sep 01, 2017	28.23	Jun 05, 2017	25.26	11.757721	27.61	2.2455597
556	SHOP	Sep 01, 2017	110.86	Jun 05, 2017	97.48	13.725891	103.74	6.8633194	*P*
557	IBB	Sep 01, 2017	335.84	Jun 05, 2017	293.99	14.235176	311.05	7.9697876
558	FBT	Sep 01, 2017	124.81	Jun 05, 2017	107.47	16.134727	114.56	8.947281
559	FLATX	today	25.22	Jun 06, 2017	21.66	16.43583	24.96	1.0416641
560	FBIOX	today	229.77	Jun 06, 2017	196.86	16.717468	218.37	5.220497	*P*
561	ASHR	Sep 01, 2017	29.77	Jun 05, 2017	25.48	16.836739	29.05	2.4784927
562	EWZ	Sep 01, 2017	40.61	Jun 05, 2017	34.27	18.500153	40.14	1.1709061
563	XBI	Sep 01, 2017	84.62	Jun 05, 2017	70.55	19.943298	77.81	8.752098
564	UGA	Sep 01, 2017	30.27	Jun 05, 2017	24.57	23.19902	26.83	12.821472
