1	CHAD	Oct 06, 2017	32.75	Jul 10, 2017	36.36	-9.928497	33.7	-2.8189926
2	FEXKX	today	21.21	Jul 11, 2017	22.45	-5.5233917	23.53	-9.859756
3	FEXPX	today	21.26	Jul 11, 2017	22.48	-5.4270477	23.55	-9.723984
4	RYURX	today	64.71	Jul 11, 2017	68.19	-5.1033936	65.26	-0.8427887
5	IBM	Oct 06, 2017	146.48	Jul 10, 2017	151.82	-3.5173264	145.08	0.96497345
6	STCEX	today	10.75	Jul 11, 2017	11.13	-3.4141922	10.78	-0.2782898
7	PHK	Oct 06, 2017	8.3	Jul 10, 2017	8.51	-2.4676895	8.32	-0.24037933	*P*
8	AMLP	Oct 06, 2017	11.4	Jul 10, 2017	11.65	-2.1459198	11.22	1.6042709
9	FSOFX	today	14.15	Jun 08, 2017	14.44	-2.008316	14.15	0.0
10	FDFAX	today	95.63	Jul 11, 2017	97.34	-1.7567291	95.66	-0.03137207
11	FSHCX	today	91.74	Jul 11, 2017	92.21	-0.5097122	92.1	-0.3908844
12	FKVFX	today	13.85	Jun 15, 2017	13.86	-0.072143555	13.87	-0.14418793
13	FFKCX	today	13.15	Jun 15, 2017	13.15	0.0	13.17	-0.1518631
14	SHY	Oct 06, 2017	84.34	Jul 10, 2017	84.3	0.047447205	84.45	-0.13025665
15	VSGBX	today	10.68	Jul 11, 2017	10.67	0.09371948	10.68	0.0
16	FSBAX	today	10.39	Jul 11, 2017	10.38	0.096343994	10.39	0.0
17	FFIPX	today	9.93	Jun 08, 2017	9.92	0.10079956	9.93	0.0
18	HLPPX	today	14.63	Jul 11, 2017	14.61	0.13690186	14.59	0.27415466
19	PRTIX	today	5.75	Jul 11, 2017	5.74	0.17422485	5.75	0.0
20	VFITX	today	11.16	Jul 11, 2017	11.14	0.17952728	11.17	-0.089523315
21	FSTGX	today	10.48	Jul 11, 2017	10.46	0.19120026	10.49	-0.095329285
22	FCNVX	today	10.04	Jul 11, 2017	10.02	0.19959259	10.04	0.0
23	BTTTX	today	104.13	Jul 11, 2017	103.91	0.2117157	104.16	-0.028808594
24	BSV	Oct 06, 2017	79.69	Jul 10, 2017	79.51	0.22638702	79.82	-0.16286469	*P*
25	FSHBX	today	8.62	Jul 11, 2017	8.6	0.23255157	8.62	0.0
26	IEI	Oct 06, 2017	123.22	Jul 10, 2017	122.91	0.25221252	123.51	-0.23480225
27	SMDMX	today	11.35	Jul 11, 2017	11.32	0.2650299	11.4	-0.438591
28	FIBAX	today	10.74	Jul 11, 2017	10.71	0.2801056	10.75	-0.09302521
29	FVIIX	today	10.25	Jul 11, 2017	10.22	0.29354095	10.27	-0.19474792	*BT*
30	FGOVX	today	10.23	Jul 11, 2017	10.2	0.29411316	10.25	-0.1951294
31	VIPSX	today	13.07	Jul 11, 2017	13.03	0.30699158	13.06	0.0765686
32	PRFSX	today	5.61	Jul 11, 2017	5.59	0.35778046	5.61	0.0
33	FTHRX	today	10.87	Jul 11, 2017	10.83	0.36934662	10.88	-0.091918945
34	CDSIX	today	16.2	Jul 11, 2017	16.14	0.3717575	16.2	0.0	*BT*
35	FSHFX	today	9.66	Jun 08, 2017	9.62	0.415802	9.66	0.0
36	FSAZX	today	12.06	Jul 11, 2017	12.01	0.41632843	12.13	-0.5770798
37	BMBSX	today	11.9	Jul 11, 2017	11.85	0.4219284	11.9	0.0
38	DODIX	today	13.81	Jul 11, 2017	13.75	0.43636322	13.82	-0.07235718
39	FCSTX	today	10.65	Jul 11, 2017	10.6	0.47168732	10.65	0.0
40	USSTX	today	10.5	Jul 11, 2017	10.45	0.47846985	10.5	0.0
41	FFRHX	today	9.64	Jul 11, 2017	9.59	0.52137756	9.63	0.10384369
42	FFKVX	today	13.25	Jun 15, 2017	13.18	0.5310974	13.26	-0.075416565
43	FSFFX	today	12.97	Jun 08, 2017	12.9	0.5426407	12.97	0.0
44	VMLTX	today	10.99	Jul 11, 2017	10.93	0.5489502	10.98	0.09107971
45	TGFNX	today	10.96	Jul 11, 2017	10.9	0.5504608	10.98	-0.18214417
46	FSTFX	today	10.59	Jul 11, 2017	10.53	0.56980896	10.59	0.0
47	FBIDX	today	11.61	Jul 11, 2017	11.54	0.60658264	11.63	-0.17197418
48	FGMNX	today	11.44	Jul 11, 2017	11.37	0.615654	11.46	-0.1745224
49	USVAX	today	11.3	Jul 11, 2017	11.23	0.6233368	11.3	0.0
50	VBMFX	today	10.77	Jul 11, 2017	10.7	0.6542053	10.78	-0.09275818
51	TGMNX	today	10.3	Jul 11, 2017	10.23	0.68427277	10.31	-0.09699249
52	FSITX	today	11.61	Jul 11, 2017	11.53	0.69384766	11.63	-0.17197418
53	RYGBX	today	52.07	Jul 11, 2017	51.71	0.6961975	52.48	-0.78125
54	VBIIX	today	11.43	Jul 11, 2017	11.35	0.70484924	11.44	-0.087402344
55	FMSFX	today	11.27	Jul 11, 2017	11.19	0.7149353	11.28	-0.088645935
56	PRULX	today	12.51	Jul 11, 2017	12.42	0.7246399	12.58	-0.55644226
57	SWRSX	today	11.05	Jul 11, 2017	10.97	0.7292633	11.05	0.0
58	VBTLX	today	10.77	Jul 11, 2017	10.69	0.74837494	10.78	-0.09275818
59	VUSTX	today	12.11	Jul 11, 2017	12.02	0.74874115	12.18	-0.5747223
60	GVPIX	today	53.81	Jul 11, 2017	53.41	0.7489166	54.24	-0.7927704
61	FFKAX	today	12.04	Jun 15, 2017	11.95	0.7531433	12.05	-0.082984924
62	NCITX	today	10.7	Jul 11, 2017	10.62	0.7532959	10.69	0.09354401
63	USNYX	today	11.97	Jul 11, 2017	11.88	0.757576	11.96	0.083610535
64	VFIIX	today	10.53	Jul 11, 2017	10.45	0.7655487	10.55	-0.1895752
65	FIPAX	today	11.83	Jul 11, 2017	11.74	0.7666092	11.83	0.0
66	FLBAX	today	12.97	Jul 11, 2017	12.87	0.77700806	13.04	-0.5368042
67	KYTFX	today	7.76	Jul 11, 2017	7.7	0.7792206	7.76	0.0
68	FICNX	today	11.42	Jul 11, 2017	11.33	0.7943497	11.43	-0.0874939
69	FFKDX	today	14.94	Jun 15, 2017	14.82	0.8097153	14.96	-0.13368988
70	FSIPX	today	9.89	Jul 11, 2017	9.81	0.81549835	9.88	0.10121918
71	PRVAX	today	12.01	Jul 11, 2017	11.91	0.83963776	12.0	0.08333588
72	MDXBX	today	10.78	Jul 11, 2017	10.69	0.84191895	10.77	0.0928421
73	NOAZX	today	10.67	Jul 11, 2017	10.58	0.85066223	10.67	0.0
74	SWNTX	today	11.74	Jul 11, 2017	11.64	0.859108	11.74	0.0
75	NOITX	today	10.55	Jul 11, 2017	10.46	0.8604202	10.54	0.09487915
76	FIMIX	today	11.63	Jul 11, 2017	11.53	0.8673096	11.63	0.0
77	PGNDX	today	11.13	Jul 11, 2017	11.03	0.90662384	11.15	-0.17936707
78	FTFMX	today	13.29	Jul 11, 2017	13.17	0.91116333	13.29	0.0
79	FOHFX	today	12.18	Jul 11, 2017	12.07	0.91135406	12.18	0.0
80	FINPX	today	11.99	Jul 11, 2017	11.88	0.9259186	11.99	0.0
81	PRIPX	today	11.9	Jul 11, 2017	11.79	0.932991	11.89	0.084098816
82	JQC	Oct 06, 2017	8.5	Jul 10, 2017	8.42	0.950119	8.49	0.11779022
83	GTFBX	today	11.52	Jul 11, 2017	11.41	0.96406555	11.51	0.086883545
84	TIXRX	today	10.46	Jul 11, 2017	10.36	0.9652481	10.47	-0.09551239
85	SMTFX	today	10.45	Jul 11, 2017	10.35	0.9661789	10.45	0.0
86	FFIGX	today	15.58	Jun 08, 2017	15.43	0.9721298	15.58	0.0
87	FIBFX	today	11.35	Jun 08, 2017	11.24	0.9786453	11.35	0.0
88	USTEX	today	13.39	Jul 11, 2017	13.26	0.98039246	13.4	-0.07461548
89	FSIGX	today	11.29	Jul 11, 2017	11.18	0.98389435	11.3	-0.08849335
90	PRTAX	today	10.17	Jul 11, 2017	10.07	0.9930496	10.16	0.09843445
91	FDMMX	today	12.2	Jul 11, 2017	12.08	0.99337006	12.2	0.0
92	USCBX	today	11.06	Jul 11, 2017	10.95	1.0045776	11.05	0.09049988
93	PRRDX	today	10.99	Jul 11, 2017	10.88	1.0110245	10.99	0.0
94	FBNDX	today	7.93	Jul 11, 2017	7.85	1.0191116	7.94	-0.12594604
95	VCAIX	today	11.82	Jul 11, 2017	11.7	1.0256424	11.81	0.08466339
96	PRNYX	today	11.68	Jul 11, 2017	11.56	1.038063	11.67	0.08568573
97	FTBFX	today	10.7	Jul 11, 2017	10.59	1.0387192	10.71	-0.09336853
98	NOTEX	today	10.69	Jul 11, 2017	10.58	1.0396957	10.68	0.09362793
99	NCATX	today	11.64	Jul 11, 2017	11.52	1.0416641	11.63	0.08598328
100	CHTTX	today	43.25	Jul 11, 2017	42.8	1.0513992	43.56	-0.7116699
101	FSDCX	today	35.08	Jul 11, 2017	34.71	1.065979	34.9	0.5157623
102	FLTMX	today	10.41	Jul 11, 2017	10.3	1.0679626	10.42	-0.095970154
103	FMHTX	today	12.21	Jul 11, 2017	12.08	1.0761642	12.21	0.0
104	FPXTX	today	11.18	Jul 11, 2017	11.06	1.0849915	11.17	0.089523315
105	FNORX	today	53.88	Jul 11, 2017	53.29	1.1071472	54.02	-0.2591629	*P*
106	DRTAX	today	11.79	Jul 11, 2017	11.66	1.1149292	11.78	0.08489227
107	VMATX	today	10.79	Jul 11, 2017	10.67	1.1246414	10.78	0.09276581
108	ACITX	today	11.59	Jul 11, 2017	11.46	1.1343842	11.59	0.0
109	NTFIX	today	11.55	Jul 11, 2017	11.42	1.1383514	11.55	0.0
110	FPCIX	today	10.64	Jul 11, 2017	10.52	1.1406784	10.65	-0.09388733
111	SJNK	Oct 06, 2017	27.87	Jul 10, 2017	27.55	1.1615295	27.97	-0.35752106
112	FCTFX	today	12.99	Jul 11, 2017	12.84	1.1682281	12.99	0.0
113	PRFHX	today	12.02	Jul 11, 2017	11.88	1.1784515	12.02	0.0
114	PRINX	today	11.92	Jul 11, 2017	11.78	1.1884537	11.92	0.0
115	XMPT	Oct 06, 2017	27.0	Jul 10, 2017	26.68	1.1994019	27.2	-0.73529816
116	PRXCX	today	11.55	Jul 11, 2017	11.41	1.2269974	11.54	0.08665466
117	FEDFX	today	10.42	Jun 08, 2017	10.29	1.2633667	10.42	0.0
118	FSRRX	today	8.8	Jul 11, 2017	8.69	1.2658386	8.82	-0.22675323
119	TIP	Oct 06, 2017	113.38	Jul 10, 2017	111.96	1.2683029	113.58	-0.17608643
120	FKTWX	today	15.81	Jun 15, 2017	15.61	1.2812347	15.83	-0.12633514
121	VOHIX	today	12.61	Jul 11, 2017	12.45	1.2851334	12.6	0.07936096
122	FCBFX	today	11.63	Jul 11, 2017	11.48	1.3066254	11.63	0.0
123	FSMEX	today	46.74	Jul 11, 2017	46.13	1.3223495	46.28	0.9939575
124	PTM	Oct 06, 2017	9.72	Jul 10, 2017	9.59	1.3555756	10.25	-5.1707306
125	FFVNX	today	10.45	Jun 08, 2017	10.31	1.3579025	10.45	0.0
126	NAD	Oct 06, 2017	14.16	Jul 10, 2017	13.97	1.3600616	14.19	-0.21141052
127	FCSSX	today	5.2	Jul 11, 2017	5.13	1.3645172	5.18	0.38609314
128	PTTDX	today	10.3	Jul 11, 2017	10.16	1.3779526	10.32	-0.19379425
129	BND	Oct 06, 2017	81.65	Jul 10, 2017	80.53	1.3907928	81.79	-0.17116547
130	BCLTX	today	11.66	Jul 11, 2017	11.5	1.391304	11.65	0.08584595
131	LQD	Oct 06, 2017	120.95	Jul 10, 2017	119.29	1.3915634	121.23	-0.23097229
132	FTABX	today	11.55	Jul 11, 2017	11.39	1.4047394	11.56	-0.086502075
133	FFKEX	today	16.31	Jun 15, 2017	16.08	1.4303436	16.33	-0.12247467
134	PFODX	today	10.63	Jul 11, 2017	10.48	1.4312973	10.63	0.0
135	USATX	today	13.34	Jul 11, 2017	13.15	1.4448776	13.33	0.07501984
136	NKX	Oct 06, 2017	15.67	Jul 10, 2017	15.44	1.4896393	15.77	-0.6341171	*P*
137	VCITX	today	12.17	Jul 11, 2017	11.99	1.5012512	12.16	0.08224487
138	PBDDX	today	10.62	Jul 11, 2017	10.46	1.5296326	10.63	-0.094070435
139	BCHYX	today	10.6	Jul 11, 2017	10.44	1.5325775	10.59	0.094429016
140	FCSFX	today	5.23	Jun 08, 2017	5.15	1.5533905	5.23	0.0
141	VPAIX	today	11.62	Jul 11, 2017	11.44	1.5734329	11.61	0.086128235
142	FHIGX	today	13.23	Jul 11, 2017	13.02	1.6128998	13.23	0.0
143	JNK	Oct 06, 2017	37.18	Jul 10, 2017	36.58	1.6402359	37.32	-0.37513733
144	FFSTX	today	17.44	Jun 08, 2017	17.15	1.6909714	17.44	0.0
145	FIKFX	today	11.89	Jul 11, 2017	11.69	1.7108688	11.89	0.0
146	FASIX	today	13.57	Jul 11, 2017	13.34	1.7241364	13.58	-0.073638916
147	VBLTX	today	14.1	Jul 11, 2017	13.86	1.7316132	14.14	-0.2828827
148	NHINX	today	8.8	Jul 11, 2017	8.65	1.7341156	8.8	0.0
149	FFKFX	today	17.17	Jun 15, 2017	16.87	1.778305	17.19	-0.11634827
150	VWAHX	today	11.38	Jul 11, 2017	11.18	1.7889023	11.37	0.08795166
151	FKTHX	today	17.15	Jun 15, 2017	16.84	1.8408508	17.17	-0.116485596	*P*
152	FRIFX	today	12.25	Jul 11, 2017	12.02	1.913475	12.23	0.16352844
153	JPS	Oct 06, 2017	10.4	Jul 10, 2017	10.2	1.9607773	10.41	-0.09606171	*P*
154	PLMDX	today	9.26	Jul 11, 2017	9.08	1.9823761	9.28	-0.21551514
155	FIAFX	today	11.25	Jul 11, 2017	11.03	1.9945602	11.24	0.08896637	*BT*
156	FIRMX	today	57.86	Jul 11, 2017	56.72	2.0098724	57.85	0.017288208
157	VWINX	today	26.74	Jul 11, 2017	26.21	2.0221329	26.69	0.18733978
158	FIRNX	today	57.81	Jul 11, 2017	56.66	2.0296555	57.78	0.05192566
159	FFFAX	today	11.86	Jul 11, 2017	11.62	2.0654068	11.85	0.084373474
160	FHIFX	today	8.76	Jul 11, 2017	8.58	2.097908	8.76	0.0
161	VWESX	today	10.55	Jul 11, 2017	10.33	2.1297226	10.56	-0.094696045
162	FFKHX	today	17.93	Jun 15, 2017	17.55	2.165245	17.96	-0.16703033
163	FFKGX	today	17.78	Jun 15, 2017	17.4	2.1839142	17.81	-0.16843414
164	FSRIX	today	12.6	Jul 11, 2017	12.33	2.1897812	12.6	0.0	*BT*
165	PCRIX	today	6.53	Jul 11, 2017	6.39	2.1909256	6.51	0.30721283	*BT*
166	FSICX	today	11.14	Jul 11, 2017	10.9	2.2018433	11.14	0.0
167	FPIOX	today	9.68	Jul 11, 2017	9.47	2.2175293	9.67	0.10341644
168	FIROX	today	58.92	Jul 11, 2017	57.64	2.2206802	58.88	0.0679245
169	FIRPX	today	58.19	Jul 11, 2017	56.91	2.2491608	58.15	0.06878662
170	FBMPX	today	81.65	Jul 11, 2017	79.85	2.2542343	80.82	1.0269775
171	GABUX	today	9.43	Jul 11, 2017	9.22	2.2776642	9.41	0.2125473
172	YAFFX	today	21.99	Jul 11, 2017	21.5	2.279068	21.88	0.50273895
173	FCVSX	today	28.25	Jul 11, 2017	27.62	2.2809525	28.3	-0.17667389
174	FTANX	today	11.12	Jul 11, 2017	10.87	2.2999039	11.12	0.0
175	FJIFX	today	13.4	Jul 11, 2017	13.09	2.3682098	13.38	0.1494751
176	SPHIX	today	9.03	Jul 11, 2017	8.82	2.3809586	9.02	0.1108551
177	ICF	Oct 06, 2017	100.9	Jul 10, 2017	98.54	2.3949585	100.65	0.24838257
178	FNJHX	today	11.9	Jul 11, 2017	11.62	2.4096375	11.9	0.0
179	JPC	Oct 06, 2017	10.54	Jul 10, 2017	10.29	2.4295425	10.57	-0.2838211
180	RWX	Oct 06, 2017	38.15	Jul 10, 2017	37.22	2.4986649	38.38	-0.5992737
181	FSHNX	today	9.77	Jul 11, 2017	9.53	2.5183716	9.75	0.20513916
182	FSCRX	today	31.88	Jul 11, 2017	31.09	2.541008	31.81	0.22006226
183	MERKX	today	10.0	Jul 11, 2017	9.75	2.5641098	9.99	0.100097656
184	FFANX	today	11.67	Jul 11, 2017	11.37	2.6385193	11.68	-0.085617065
185	FIRQX	today	56.7	Jul 11, 2017	55.24	2.643013	56.65	0.088264465
186	FFIVX	today	12.33	Jul 11, 2017	12.01	2.664444	12.3	0.24390411	*BT*
187	FFFVX	today	12.66	Jul 11, 2017	12.33	2.6764069	12.63	0.23752594
188	FIRRX	today	53.14	Jul 11, 2017	51.75	2.6859894	53.08	0.11303711
189	YACKX	today	23.72	Jul 11, 2017	23.08	2.7729645	23.58	0.5937195
190	FKIFX	today	14.26	Jul 11, 2017	13.87	2.8118286	14.22	0.28129578
191	PFBDX	today	9.96	Jul 11, 2017	9.68	2.8925552	9.99	-0.3003006
192	VGHCX	today	216.81	Jul 11, 2017	210.62	2.9389343	215.95	0.39823914
193	FNMIX	today	16.45	Jul 11, 2017	15.98	2.9411774	16.46	-0.06074524
194	VGHAX	today	91.47	Jul 11, 2017	88.84	2.9603806	91.1	0.4061432
195	EMLC	Oct 06, 2017	18.98	Jul 10, 2017	18.43	2.9842606	19.2	-1.1458435
196	GASFX	today	30.16	Jul 11, 2017	29.28	3.005455	30.14	0.06636047
197	PAUDX	today	8.91	Jul 11, 2017	8.65	3.0057755	8.91	0.0
198	FPHAX	today	19.51	Jul 11, 2017	18.94	3.0094986	19.54	-0.15353394
199	FSDIX	today	15.57	Jul 11, 2017	15.11	3.044342	15.61	-0.25624847
200	FEDCX	today	10.46	Jul 11, 2017	10.15	3.0541916	10.46	0.0
201	FIRSX	today	53.79	Jul 11, 2017	52.19	3.0657272	53.71	0.14894867
202	IGOV	Oct 06, 2017	48.71	47.64 334,000 Jul	47.26	3.0681381	49.25	-1.0964508
203	JPI	Oct 06, 2017	25.2	Jul 10, 2017	24.44	3.1096573	25.18	0.07942963
204	FCIFX	today	12.86	Jul 11, 2017	12.47	3.1275024	12.82	0.3120041	*BT*
205	KRE	Oct 06, 2017	56.91	Jul 10, 2017	55.17	3.1539001	56.76	0.2642746
206	FFFCX	today	16.23	Jul 11, 2017	15.73	3.1786423	16.19	0.24706268
207	FASMX	today	18.38	Jul 11, 2017	17.81	3.200447	18.39	-0.054374695
208	FIRUX	today	58.42	Jul 11, 2017	56.6	3.2155533	58.31	0.18863678
209	POGSX	today	63.71	Jul 11, 2017	61.72	3.224228	63.1	0.96671295
210	FLIFX	today	14.88	Jul 11, 2017	14.4	3.3333435	14.84	0.2695465
211	VWELX	today	42.32	Jul 11, 2017	40.95	3.3455353	42.2	0.2843628
212	FVDFX	today	27.92	Jul 11, 2017	27.01	3.3691177	27.9	0.07167816
213	FDLSX	today	163.03	Jul 11, 2017	157.63	3.425743	160.58	1.525711
214	PASDX	today	12.04	Jul 11, 2017	11.64	3.4364243	12.02	0.16638184
215	FIRVX	today	52.05	Jul 11, 2017	50.32	3.437996	51.95	0.19248962
216	FVDKX	today	27.94	Jul 11, 2017	27.01	3.4431686	27.91	0.10749054
217	VWNFX	today	38.71	Jul 11, 2017	37.42	3.4473572	38.59	0.31095886
218	VICEX	today	30.78	Jul 11, 2017	29.75	3.462181	30.66	0.39138794
219	FBCVX	today	18.82	Jul 11, 2017	18.18	3.5203476	18.77	0.26637268	*P*
220	FFVIX	today	13.08	Jul 11, 2017	12.63	3.5629425	13.03	0.38373566	*BT*
221	VNQ	Oct 06, 2017	83.3	Jul 10, 2017	80.42	3.5811996	83.09	0.25274658
222	BULIX	today	18.4	Jul 11, 2017	17.76	3.6035995	18.32	0.43667603
223	FFVFX	today	13.47	Jul 11, 2017	13.0	3.6153946	13.43	0.29784393
224	FEIKX	today	60.9	Jul 11, 2017	58.76	3.6419373	61.04	-0.22935486
225	FPIFX	today	15.61	Jul 11, 2017	15.06	3.6520462	15.56	0.3213272
226	FEQIX	today	60.94	Jul 11, 2017	58.79	3.6570816	61.06	-0.1965332
227	FIRWX	today	58.56	Jul 11, 2017	56.49	3.66436	58.41	0.25681305
228	WIP	Oct 06, 2017	56.74	Jul 10, 2017	54.72	3.6915207	57.31	-0.99459076
229	FIXRX	today	53.65	Jul 11, 2017	51.74	3.6915283	53.52	0.24290466
230	MNBAX	today	18.19	Jul 11, 2017	17.54	3.7058105	18.09	0.5527954
231	FSLEX	today	25.86	Jul 11, 2017	24.93	3.7304535	25.67	0.74017334
232	FSMVX	today	27.07	Jul 11, 2017	26.09	3.7562256	26.99	0.29640198
233	VIG	Oct 06, 2017	95.68	Jul 10, 2017	92.19	3.7856598	94.79	0.93891907
234	ROOF	Oct 06, 2017	27.36	Jul 10, 2017	26.36	3.7936249	27.08	1.0339737
235	FDIFX	today	14.12	Jul 11, 2017	13.59	3.8999176	14.06	0.42673492	*BT*
236	FRESX	today	42.09	Jul 11, 2017	40.51	3.9002762	41.76	0.7902374
237	FFFDX	today	16.58	Jul 11, 2017	15.95	3.9498444	16.53	0.3024826
238	REACX	today	28.9	Jul 11, 2017	27.8	3.956833	28.74	0.5567169
239	FQIFX	today	16.55	Jul 11, 2017	15.91	4.022621	16.48	0.42475128
240	OWSMX	today	17.45	Jul 11, 2017	16.77	4.0548553	17.42	0.17221832
241	FJPNX	today	14.32	Jul 11, 2017	13.76	4.069771	14.29	0.20993805
242	SPLV	Oct 06, 2017	46.18	Jul 10, 2017	44.37	4.0793457	45.79	0.8517151	*P*
243	IHE	Oct 06, 2017	160.14	Jul 10, 2017	153.85	4.0883865	156.36	2.4174957
244	FSCPX	today	39.46	Jul 11, 2017	37.9	4.1160965	38.85	1.5701447
245	RFV	Oct 06, 2017	65.19	Jul 10, 2017	62.61	4.120758	64.69	0.7729187
246	FGIKX	today	36.1	Jul 11, 2017	34.67	4.1246033	36.24	-0.38632202
247	FCPVX	today	19.66	Jul 11, 2017	18.88	4.131363	19.63	0.1528244
248	VIMSX	today	40.57	Jul 11, 2017	38.96	4.1324463	40.3	0.6699829
249	JDD	Oct 06, 2017	12.8	Jul 10, 2017	12.29	4.1497116	12.86	-0.46656036	*P*
250	FGRIX	today	36.14	Jul 11, 2017	34.7	4.1498566	36.27	-0.35842896
251	FSANX	today	12.54	Jul 11, 2017	12.04	4.1528244	12.49	0.40031433
252	FDYSX	today	9.71	Jul 11, 2017	9.32	4.184555	9.68	0.30992126
253	FFTWX	today	14.34	Jul 11, 2017	13.76	4.2151184	14.29	0.34989166
254	FITWX	today	14.06	Jul 11, 2017	13.49	4.2253647	14.0	0.42856598	*BT*
255	FDVLX	today	122.47	Jul 11, 2017	117.47	4.256401	122.16	0.2537613
256	FSPCX	today	86.67	Jul 11, 2017	83.13	4.2583923	86.09	0.6737137
257	FVLKX	today	122.65	Jul 11, 2017	117.62	4.2764816	122.35	0.24520111
258	FIVLX	today	8.99	Jul 11, 2017	8.62	4.292343	9.0	-0.1111145
259	FGBLX	today	25.45	Jul 11, 2017	24.38	4.3888474	25.35	0.39447784
260	VEVRX	today	39.77	Jul 11, 2017	38.09	4.410614	39.65	0.30265045	*BT**P*
261	FETKX	today	28.83	Jul 11, 2017	27.61	4.418686	28.9	-0.24221802
262	EEH	Oct 06, 2017	18.66	Jul 10, 2017	17.87	4.4208145	18.35	1.6893768
263	FEQTX	today	28.84	Jul 11, 2017	27.61	4.4549103	28.89	-0.17306519
264	VO	Oct 06, 2017	148.58	Jul 10, 2017	142.23	4.4645996	147.0	1.0748291
265	FMEIX	today	15.58	Jul 11, 2017	14.91	4.4936295	15.52	0.38659668
266	OAKBX	today	33.84	Jul 11, 2017	32.37	4.5412445	33.6	0.7142868
267	PRPFX	today	40.95	Jul 11, 2017	39.17	4.544304	40.93	0.048866272
268	NBB	Oct 06, 2017	21.39	Jul 10, 2017	20.46	4.5454636	21.47	-0.372612
269	FSRBX	today	34.37	Jul 11, 2017	32.87	4.563431	34.32	0.14568329
270	EIERX	today	17.63	Jul 11, 2017	16.86	4.5670166	17.54	0.5130997	*BT*
271	FINVX	today	10.74	Jul 11, 2017	10.27	4.5764313	10.75	-0.09302521
272	FZAAX	today	21.96	Jul 11, 2017	20.99	4.6212463	21.82	0.6416092	*BT*
273	FSPHX	today	235.15	Jul 11, 2017	224.73	4.636673	235.06	0.03829193
274	FBALX	today	24.81	Jul 11, 2017	23.71	4.6393967	24.65	0.649086
275	FASGX	today	22.47	Jul 11, 2017	21.47	4.6576614	22.37	0.44702148
276	FBAKX	today	24.82	Jul 11, 2017	23.71	4.681572	24.65	0.6896515
277	FXIFX	today	17.36	Jul 11, 2017	16.58	4.70446	17.27	0.5211334
278	FLSAX	today	44.5	Jul 11, 2017	42.5	4.705879	44.15	0.7927551
279	XHB	Oct 06, 2017	40.49	Jul 10, 2017	38.67	4.706505	39.82	1.682579
280	RSP	Oct 06, 2017	96.49	Jul 10, 2017	92.12	4.743805	95.54	0.9943466
281	FSLSX	today	43.57	Jul 11, 2017	41.59	4.7607574	43.44	0.299263
282	VWNDX	today	23.32	Jul 11, 2017	22.26	4.761902	23.14	0.7778778
283	FVSKX	today	43.56	Jul 11, 2017	41.57	4.7871094	43.44	0.27624512
284	ANFVX	today	28.01	Jul 11, 2017	26.73	4.7886276	28.0	0.035713196	*BT*
285	FMIMX	today	29.07	Jul 11, 2017	27.74	4.794525	29.11	-0.13741302
286	PARWX	today	37.99	Jul 11, 2017	36.25	4.8000107	37.95	0.105407715
287	PRFDX	today	34.54	Jul 11, 2017	32.95	4.8255005	34.34	0.5824127
288	FEFIX	today	15.2	Jul 11, 2017	14.5	4.8275833	15.13	0.4626541	*P*
289	RYU	Oct 06, 2017	86.94	Jul 10, 2017	82.93	4.8354034	86.17	0.89359283	*P*
290	GLD	Oct 06, 2017	121.09	Jul 10, 2017	115.47	4.8670654	121.58	-0.4030304
291	IAU	Oct 06, 2017	12.24	Jul 10, 2017	11.67	4.8843155	12.31	-0.5686493
292	FCPEX	today	14.6	Jul 11, 2017	13.92	4.885063	14.6	0.0
293	FPURX	today	23.37	Jul 11, 2017	22.28	4.8922806	23.24	0.5593872
294	FPUKX	today	23.36	Jul 11, 2017	22.27	4.8944855	23.22	0.6029358
295	FFNOX	today	43.59	Jul 11, 2017	41.55	4.909752	43.39	0.4609375
296	FFFEX	today	17.94	Jul 11, 2017	17.1	4.912277	17.86	0.44792938
297	DIAX	Oct 06, 2017	17.08	Jul 10, 2017	16.28	4.9140015	16.96	0.7075577
298	FIEUX	today	41.79	Jul 11, 2017	39.83	4.9209137	41.81	-0.047836304
299	VEIPX	today	35.99	Jul 11, 2017	34.29	4.9577103	35.8	0.5307312
300	FDEGX	today	39.3	Jul 11, 2017	37.44	4.967949	38.95	0.8985901	*P*
301	FIGFX	today	13.25	Jul 11, 2017	12.62	4.9920807	13.2	0.37878418
302	VPU	Oct 06, 2017	117.71	Jul 10, 2017	112.11	4.9950943	116.78	0.79636383
303	FAGKX	today	39.61	Jul 11, 2017	37.72	5.010605	39.25	0.9171982
304	FUSVX	today	89.18	Jul 11, 2017	84.86	5.0907364	88.86	0.36012268	*P*
305	FUSEX	today	89.17	Jul 11, 2017	84.85	5.0913315	88.84	0.37145996
306	LEXCX	today	35.28	Jul 11, 2017	33.57	5.093834	35.27	0.02835083
307	FSLCX	today	19.92	Jul 11, 2017	18.95	5.1187286	19.88	0.20121002
308	FIUIX	today	26.83	Jul 11, 2017	25.52	5.1332245	26.9	-0.2602234
309	FSNGX	today	24.11	Jul 11, 2017	22.93	5.1460953	24.45	-1.3905945
310	JDSNX	today	24.1	Jul 11, 2017	22.91	5.1942368	24.05	0.207901	*BT*
311	PYVLX	today	16.59	Jul 11, 2017	15.77	5.199745	16.5	0.54545593
312	DODGX	today	202.87	Jul 11, 2017	192.83	5.2066574	201.69	0.5850525
313	FSIIX	today	42.54	Jul 11, 2017	40.43	5.2189026	42.51	0.0705719
314	DGRO	Oct 06, 2017	32.81	Jul 10, 2017	31.18	5.227707	32.47	1.0471191
315	FIHFX	today	18.31	Jul 11, 2017	17.4	5.2298813	18.21	0.54914856
316	FDGKX	today	34.16	Jul 11, 2017	32.46	5.237221	34.04	0.3525238
317	FSIVX	today	42.56	Jul 11, 2017	40.44	5.2423325	42.53	0.07054901	*P*
318	TWEBX	today	23.43	Jul 11, 2017	22.26	5.2560654	23.32	0.47170258
319	FGRTX	today	17.2	Jul 11, 2017	16.34	5.2631607	17.11	0.5260086
320	EFA	Oct 06, 2017	68.43	Jul 10, 2017	65.0	5.2769165	68.48	-0.073013306
321	VTV	Oct 06, 2017	101.11	Jul 10, 2017	96.03	5.290016	99.82	1.2923279
322	FKMCX	today	38.58	Jul 11, 2017	36.64	5.2947617	38.45	0.33810425
323	FSLVX	today	20.28	Jul 11, 2017	19.26	5.2959595	20.22	0.2967453
324	FMCSX	today	38.56	Jul 11, 2017	36.62	5.297661	38.43	0.33827972
325	FWRLX	today	9.92	Jul 11, 2017	9.42	5.3078537	9.9	0.20202637	*P*
326	POAGX	today	41.13	Jul 11, 2017	39.05	5.3265076	40.65	1.1808167
327	VTSAX	today	63.85	Jul 11, 2017	60.62	5.3282776	63.36	0.7733612
328	FIOFX	today	18.58	Jul 11, 2017	17.64	5.3287964	18.47	0.5955658
329	VTSMX	today	63.83	Jul 11, 2017	60.6	5.33004	63.34	0.77360535
330	FLCSX	today	32.59	Jul 11, 2017	30.94	5.332901	32.44	0.46240234
331	FSRFX	today	100.92	Jul 11, 2017	95.8	5.3444595	101.26	-0.33576965
332	FIGSX	today	15.96	Jul 11, 2017	15.15	5.3465347	15.9	0.37735748
333	PRF	Oct 06, 2017	108.17	Jul 10, 2017	102.68	5.3467026	107.15	0.9519348
334	FIPFX	today	18.67	Jul 11, 2017	17.72	5.3611755	18.56	0.59267426
335	FBIFX	today	18.45	Jul 11, 2017	17.51	5.3683624	18.34	0.5997925
336	FDCPX	today	90.04	Jul 11, 2017	85.45	5.371567	89.38	0.73843384
337	FITHX	today	14.8	Jul 11, 2017	14.04	5.413101	14.71	0.61183167	*BT*
338	FFFPX	today	12.2	Jul 11, 2017	11.57	5.445122	12.13	0.5770798	*BT*
339	FIFFX	today	15.83	Jul 11, 2017	15.01	5.463028	15.74	0.571785	*BT*
340	FFTHX	today	15.04	Jul 11, 2017	14.26	5.4698486	14.96	0.5347595
341	FHFIX	today	13.3	Jul 11, 2017	12.61	5.4718475	13.22	0.6051407	*BT*
342	SPY	Oct 06, 2017	254.37	Jul 10, 2017	241.17	5.4733124	251.23	1.2498474	*P*
343	FDKQX	today	11.75	Jul 11, 2017	11.14	5.4757614	11.68	0.5993118	*BT*
344	FFFGX	today	11.94	Jul 11, 2017	11.32	5.4770355	11.88	0.505043
345	FILFX	today	11.34	Jul 11, 2017	10.75	5.488373	11.32	0.17668152
346	FFFFX	today	10.56	Jul 11, 2017	10.01	5.4945145	10.51	0.47573853
347	FAMRX	today	19.36	Jul 11, 2017	18.35	5.5040817	19.25	0.5714264
348	FFFIX	today	12.26	Jul 11, 2017	11.62	5.507744	12.19	0.57424164	*BT*
349	FLVEX	today	13.02	Jul 11, 2017	12.34	5.510536	13.0	0.15385437	*P*
350	VFH	Oct 06, 2017	66.48	Jul 10, 2017	63.0	5.5238113	65.36	1.7135849
351	IVV	Oct 06, 2017	256.11	Jul 10, 2017	242.7	5.525337	252.93	1.2572632
352	VOO	Oct 06, 2017	233.68	Jul 10, 2017	221.44	5.5274506	230.76	1.2653809	*P*
353	VHT	Oct 06, 2017	154.6	Jul 10, 2017	146.5	5.529007	152.28	1.5235214
354	FFFHX	today	12.01	Jul 11, 2017	11.38	5.5360336	11.94	0.5862732
355	FDIVX	today	40.75	Jul 11, 2017	38.61	5.5426025	40.67	0.19670868
356	FDIKX	today	40.7	Jul 11, 2017	38.56	5.5497894	40.62	0.19696045
357	FHLC	Oct 06, 2017	40.11	Jul 10, 2017	37.99	5.580414	39.52	1.4929199
358	SCHF	Oct 06, 2017	33.46	Jul 10, 2017	31.69	5.58535	33.47	-0.029884338
359	VFINX	today	235.47	Jul 11, 2017	223.0	5.5919266	233.47	0.85663605
360	FNCL	Oct 06, 2017	38.67	Jul 10, 2017	36.62	5.59803	37.97	1.8435516
361	VIS	Oct 06, 2017	136.04	Jul 10, 2017	128.8	5.621109	134.26	1.3257828
362	VFIAX	today	235.48	Jul 11, 2017	222.94	5.624832	233.47	0.86091614	*P*
363	FSCOX	today	18.38	Jul 11, 2017	17.4	5.632187	18.44	-0.32538605
364	AGTHX	today	50.32	Jul 11, 2017	47.63	5.6476974	49.68	1.2882462
365	FUSIX	today	10.46	Jul 11, 2017	9.9	5.656563	10.45	0.095703125
366	FCYIX	today	35.64	Jul 11, 2017	33.73	5.6626205	35.47	0.47927094
367	PEQKX	today	35.7	Jul 11, 2017	33.78	5.683838	35.52	0.50675964	*BT*
368	FSAEX	today	13.56	Jul 11, 2017	12.83	5.689789	13.43	0.96797943
369	VTMGX	today	13.93	Jul 11, 2017	13.18	5.690445	13.93	0.0
370	HDOGX	today	14.67	Jul 11, 2017	13.88	5.6916504	14.62	0.34200287
371	FCSAX	today	17.79	Jul 11, 2017	16.83	5.7041016	17.64	0.8503418
372	FSCFX	today	15.16	Jul 11, 2017	14.34	5.7182693	15.13	0.19828033
373	FIREX	today	11.08	Jul 11, 2017	10.48	5.725189	11.04	0.36231232
374	VTI	Oct 06, 2017	131.19	Jul 10, 2017	124.08	5.730179	129.52	1.2893829
375	XLF	Oct 06, 2017	26.35	Jul 10, 2017	24.92	5.738365	25.86	1.8948212
376	FSTSX	today	17.84	Jul 11, 2017	16.87	5.7498474	17.88	-0.2237091
377	RPMGX	today	91.26	Jul 11, 2017	86.29	5.7596436	90.54	0.7952347
378	FVSAX	today	19.9	Jul 11, 2017	18.81	5.7947845	19.8	0.50505066
379	FSTMX	today	74.12	Jul 11, 2017	70.06	5.7950363	73.54	0.78868866
380	FOHIX	today	16.78	Jul 11, 2017	15.86	5.8007584	16.64	0.84135437
381	FFSMX	today	74.15	Jul 11, 2017	70.08	5.8076477	73.57	0.7883682
382	FSTVX	today	74.14	Jul 11, 2017	70.07	5.8084717	73.56	0.78847504
383	FDEQX	today	38.36	Jul 11, 2017	36.25	5.820694	38.1	0.68242645
384	VUG	Oct 06, 2017	134.44	Jul 10, 2017	127.02	5.8415985	132.75	1.2730713
385	FDEKX	today	38.33	Jul 11, 2017	36.21	5.8547516	38.06	0.709404
386	GWX	Oct 06, 2017	34.92	Jul 10, 2017	32.98	5.882347	35.02	-0.2855606
387	QQQX	Oct 06, 2017	22.61	Jul 10, 2017	21.35	5.901634	22.13	2.169014
388	EEMV	Oct 06, 2017	58.61	Jul 10, 2017	55.33	5.9280624	58.1	0.8778
389	VHDYX	today	32.47	Jul 11, 2017	30.65	5.938019	32.3	0.5263214
390	MLAIX	today	10.86	Jul 11, 2017	10.25	5.9512177	10.71	1.4005508	*BT**P*
391	EWJ	Oct 06, 2017	55.99	Jul 10, 2017	52.84	5.9613953	55.71	0.50260925
392	FSUTX	today	83.69	Jul 11, 2017	78.96	5.9903717	83.64	0.059783936
393	ANDVX	today	18.21	Jul 11, 2017	17.18	5.995331	18.07	0.774765	*BT*
394	FLVCX	today	33.34	Jul 11, 2017	31.45	6.009529	33.03	0.9385452
395	FSHOX	today	65.89	Jul 11, 2017	62.15	6.0177	65.29	0.91897583
396	FLCKX	today	33.41	Jul 11, 2017	31.51	6.029831	33.1	0.93655396
397	VOOG	Oct 06, 2017	130.39	Jul 10, 2017	122.97	6.0339966	128.71	1.3052597
398	ANWPX	today	44.05	Jul 11, 2017	41.54	6.0423584	43.64	0.9394989
399	GTSGX	today	9.82	Jul 11, 2017	9.26	6.0475082	9.77	0.5117645
400	NAESX	today	68.51	Jul 11, 2017	64.58	6.0854797	68.31	0.29279327
401	FLCEX	today	14.26	Jul 11, 2017	13.44	6.1011887	14.18	0.56417084
402	SCHD	Oct 06, 2017	47.4	Jul 10, 2017	44.67	6.1114883	46.8	1.2820587
403	SWHFX	today	26.38	Jul 11, 2017	24.85	6.1569366	26.36	0.0758667
404	FTIEX	today	9.28	Jul 11, 2017	8.74	6.1784897	9.24	0.43289948
405	DODFX	today	46.74	Jul 11, 2017	44.02	6.1790085	46.69	0.10710144
406	VT	Oct 06, 2017	71.34	Jul 10, 2017	67.18	6.192314	70.72	0.8766861
407	FSGDX	today	13.29	Jul 11, 2017	12.51	6.235016	13.23	0.45352173	*BT*
408	PRHSX	today	75.29	Jul 11, 2017	70.86	6.2517624	74.99	0.40005493
409	FLPSX	today	52.17	Jul 11, 2017	49.1	6.252548	52.12	0.09592438
410	FIDU	Oct 06, 2017	36.97	Jul 10, 2017	34.79	6.2661667	36.54	1.176796
411	VGTSX	today	17.63	Jul 11, 2017	16.59	6.268837	17.57	0.34148407
412	VTIAX	today	29.49	Jul 11, 2017	27.75	6.2702637	29.39	0.3402481	*P*
413	FLPKX	today	52.13	Jul 11, 2017	49.05	6.279312	52.07	0.115226746
414	FSGEX	today	13.03	Jul 11, 2017	12.26	6.2805786	12.97	0.4626007
415	FSCDX	today	28.81	Jul 11, 2017	27.1	6.3099594	28.69	0.41825867
416	RWJ	Oct 06, 2017	68.81	Jul 10, 2017	64.71	6.3359604	68.36	0.6582718
417	FOSFX	today	49.58	Jul 11, 2017	46.62	6.3492203	49.57	0.020179749
418	FOSKX	today	49.5	Jul 11, 2017	46.53	6.3829803	49.49	0.020202637
419	VB	Oct 06, 2017	143.06	Jul 10, 2017	134.46	6.3959503	141.32	1.2312393
420	DRA	Sep 28, 2017	18.1	Jun 30, 2017	17.01	6.407997	18.1	0.0
421	FIDSX	today	109.89	Jul 11, 2017	103.27	6.410385	109.08	0.74256897
422	FSTCX	today	69.54	Jul 11, 2017	65.34	6.4279175	68.92	0.89959717
423	DBC	Oct 06, 2017	15.23	Jul 10, 2017	14.31	6.429062	15.4	-1.1038971
424	FMILX	today	41.18	Jul 11, 2017	38.69	6.4357758	41.0	0.43902588
425	FSGFX	today	18.34	Jul 11, 2017	17.23	6.4422607	18.15	1.0468369
426	VEU	Oct 06, 2017	52.9	Jul 10, 2017	49.69	6.46006	52.71	0.360466
427	VXUS	Oct 06, 2017	54.95	Jul 10, 2017	51.6	6.492256	54.73	0.40197754
428	BRSVX	today	26.46	Jul 11, 2017	24.84	6.521736	26.44	0.07563782
429	FIENX	today	9.96	Jul 11, 2017	9.35	6.524063	9.95	0.100502014
430	SEQUX	today	185.98	Jul 11, 2017	174.56	6.54216	183.18	1.5285492
431	FZANX	today	32.69	Jul 11, 2017	30.68	6.551491	32.29	1.2387619	*BT*
432	FSSKX	today	43.7	Jul 11, 2017	41.01	6.559387	43.34	0.8306351
433	FDSSX	today	43.67	Jul 11, 2017	40.98	6.5641785	43.3	0.85450745
434	VEXMX	today	82.41	Jul 11, 2017	77.33	6.569252	82.06	0.4265213
435	VEXAX	today	82.37	Jul 11, 2017	77.26	6.614029	82.01	0.4389801	*P*
436	FSEVX	today	62.7	Jul 11, 2017	58.8	6.6326523	62.42	0.44857025
437	FSEMX	today	62.69	Jul 11, 2017	58.79	6.6337814	62.41	0.44864655
438	FNCMX	today	87.06	Jul 11, 2017	81.64	6.638893	86.07	1.1502228	*P*
439	VTRIX	today	38.68	Jul 11, 2017	36.27	6.6446075	38.68	0.0
440	MOO	Oct 06, 2017	59.05	Jul 10, 2017	55.37	6.646202	58.98	0.11868286
441	RTM	Oct 06, 2017	105.46	Jul 10, 2017	98.87	6.6653137	103.9	1.501442
442	FSRPX	today	124.31	Jul 11, 2017	116.5	6.703865	122.15	1.7683182
443	NOSGX	today	25.58	Jul 11, 2017	23.97	6.716728	25.65	-0.27290344
444	QQQ	Oct 06, 2017	147.66	Jul 10, 2017	138.36	6.7216034	145.45	1.5194321
445	FTRNX	today	102.07	Jul 11, 2017	95.63	6.734291	100.72	1.3403549
446	PRGFX	today	68.47	Jul 11, 2017	64.14	6.7508545	67.27	1.7838593
447	PRMTX	today	95.99	Jul 11, 2017	89.89	6.786072	93.99	2.127884
448	FLGEX	today	18.24	Jul 11, 2017	17.08	6.791565	18.08	0.88494873
449	FFIDX	today	43.97	Jul 11, 2017	41.17	6.801079	43.57	0.91806793
450	ONEQ	Oct 06, 2017	258.94	Jul 10, 2017	242.44	6.8058167	255.17	1.4774475
451	FFDKX	today	43.96	Jul 11, 2017	41.15	6.8286667	43.56	0.9182663
452	XLB	Oct 06, 2017	57.9	Jul 10, 2017	54.19	6.846283	56.8	1.9366302	*P*
453	FSESX	today	46.72	Jul 11, 2017	43.72	6.8618546	47.22	-1.0588684
454	FSENX	today	41.04	Jul 11, 2017	38.4	6.875	41.48	-1.0607452
455	FWWFX	today	26.88	Jul 11, 2017	25.14	6.9212418	26.67	0.7873993
456	DIA	Oct 06, 2017	227.55	Jul 10, 2017	212.8	6.931389	223.82	1.6665115	*P*
457	FDSCX	today	28.53	Jul 11, 2017	26.68	6.9340363	28.47	0.21074677
458	FSOPX	today	14.16	Jul 11, 2017	13.24	6.948639	14.13	0.21231079
459	JIGFX	today	32.45	Jul 11, 2017	30.34	6.9545135	32.06	1.2164688
460	FSAIX	today	86.6	Jul 11, 2017	80.96	6.9664	85.21	1.6312561	*P*
461	FSLBX	today	80.36	Jul 11, 2017	75.11	6.9897537	79.46	1.1326447	*P*
462	GSSUX	today	65.45	Jul 11, 2017	61.16	7.0143814	65.46	-0.015281677
463	FCNTX	today	123.41	Jul 11, 2017	115.32	7.0152664	121.47	1.5971069	*P*
464	FCNKX	today	123.4	Jul 11, 2017	115.29	7.0344315	121.46	1.5972366	*P*
465	FDFFX	today	40.42	Jul 11, 2017	37.75	7.0728455	39.89	1.3286438
466	PKB	Oct 06, 2017	31.94	Jul 10, 2017	29.83	7.0734177	31.33	1.9470215
467	RYTRX	today	14.94	Jul 11, 2017	13.95	7.0967712	14.96	-0.13368988	*BT*
468	JATTX	today	28.91	Jul 11, 2017	26.99	7.113739	28.62	1.0132751
469	RERGX	today	55.86	Jul 11, 2017	52.15	7.11409	55.48	0.6849289
470	FENY	Oct 06, 2017	18.8	Jul 10, 2017	17.55	7.122505	18.95	-0.79156494
471	FSEAX	today	41.99	Jul 11, 2017	39.19	7.1446915	41.36	1.5232086	*P*
472	FNARX	today	27.68	Jul 11, 2017	25.83	7.162216	27.89	-0.7529526
473	FBGRX	today	85.22	Jul 11, 2017	79.52	7.168022	83.99	1.4644623
474	FSCGX	today	43.04	Jul 11, 2017	40.15	7.197998	42.76	0.65483093
475	FIVFX	today	20.67	Jul 11, 2017	19.28	7.2095413	20.6	0.3398056
476	FIGRX	today	46.2	Jul 11, 2017	43.09	7.217453	46.16	0.08665466
477	VDE	Oct 06, 2017	92.8	Jul 10, 2017	86.54	7.233658	93.58	-0.83351135
478	VNQI	Oct 06, 2017	59.62	Jul 10, 2017	55.59	7.2494965	59.41	0.35347748	*P*
479	VAW	Oct 06, 2017	131.28	Jul 10, 2017	122.4	7.254898	128.52	2.147522
480	FIDKX	today	46.12	Jul 11, 2017	43.0	7.2558136	46.08	0.08679962
481	FZAIX	today	46.09	Jul 11, 2017	42.97	7.2608795	46.05	0.086868286	*BT*
482	FISMX	today	29.39	Jul 11, 2017	27.4	7.262779	29.33	0.20455933
483	FSCSX	today	162.3	Jul 11, 2017	151.29	7.27742	159.24	1.9216309	*P*
484	FXZ	Oct 06, 2017	41.16	Jul 10, 2017	38.36	7.2992706	40.35	2.0074387
485	FMAGX	today	103.69	Jul 11, 2017	96.58	7.3617706	102.46	1.20047
486	FMGKX	today	103.58	Jul 11, 2017	96.46	7.3812943	102.35	1.2017593
487	XLE	Oct 06, 2017	68.07	Jul 10, 2017	63.39	7.3828735	68.48	-0.59872437
488	CGMRX	today	35.39	Jul 11, 2017	32.95	7.4051514	34.84	1.5786438
489	FOCPX	today	105.84	Jul 11, 2017	98.54	7.4081573	104.27	1.5057068
490	VSS	Oct 06, 2017	115.06	Jul 10, 2017	107.09	7.4423447	114.93	0.113105774
491	FPBFX	today	33.95	Jul 11, 2017	31.59	7.4707184	33.75	0.59259033	*P*
492	FGDKX	today	32.34	Jul 11, 2017	30.09	7.4775696	31.9	1.3793106
493	FDSVX	today	32.32	Jul 11, 2017	30.07	7.482544	31.88	1.3801804
494	PRNHX	today	54.9	Jul 11, 2017	51.07	7.4995193	54.64	0.47584534
495	IWM	Oct 06, 2017	150.05	Jul 10, 2017	139.54	7.531891	148.18	1.2619858
496	USAGX	today	13.37	Jul 11, 2017	12.43	7.5623474	13.1	2.0610657
497	FJSCX	today	18.18	Jul 11, 2017	16.9	7.5739746	18.2	-0.1098938
498	SHOP	Oct 06, 2017	97.92	Jul 10, 2017	90.99	7.6162186	116.49	-15.941277	*P*
499	FSVLX	today	15.26	Jul 11, 2017	14.18	7.6163635	15.26	0.0
500	PENNX	today	12.45	Jul 11, 2017	11.56	7.6989517	12.46	-0.08026123
501	OAKIX	today	28.84	Jul 11, 2017	26.77	7.7325363	28.71	0.45280457
502	ICENX	today	12.37	Jul 11, 2017	11.48	7.7526245	12.56	-1.5127411
503	FDCAX	today	37.63	Jul 11, 2017	34.92	7.760605	37.24	1.0472565
504	CXXRX	today	26.22	Jul 11, 2017	24.33	7.7681885	26.27	-0.19033813	*BT*
505	RSXJ	Oct 06, 2017	42.16	Jul 10, 2017	39.12	7.7709656	42.72	-1.3108673
506	FSAGX	today	21.33	Jul 11, 2017	19.79	7.781708	20.83	2.400383	*P*
507	FGCKX	today	177.74	Jul 11, 2017	164.86	7.8126907	175.61	1.2129211
508	ITB	Oct 06, 2017	37.39	Jul 10, 2017	34.68	7.8143005	36.54	2.3262177
509	JASCX	today	36.86	Jul 11, 2017	34.17	7.8724136	36.91	-0.1354599
510	FTQGX	today	22.62	Jul 11, 2017	20.96	7.919861	22.3	1.4349823
511	XTN	Oct 06, 2017	60.38	Jul 10, 2017	55.93	7.956375	60.03	0.58303833	*P*
512	FICDX	today	54.51	Jul 11, 2017	50.47	8.0047455	54.49	0.03668976
513	IJR	Oct 06, 2017	75.1	Jul 10, 2017	69.47	8.104218	74.22	1.1856537
514	FEMFX	today	20.73	Jun 08, 2017	19.16	8.194145	20.73	0.0
515	PSCM	Oct 06, 2017	50.48	Jul 10, 2017	46.61	8.30294	49.68	1.6103058
516	SSSFX	today	25.97	Jul 11, 2017	23.97	8.343765	26.17	-0.76423645
517	PCBIX	today	27.3	Jul 11, 2017	25.19	8.376335	26.93	1.3739243	*BT**P*
518	IJS	Oct 06, 2017	150.1	Jul 10, 2017	138.46	8.406761	148.31	1.2069321
519	SLYV	Oct 06, 2017	127.83	Jul 10, 2017	117.79	8.5236435	126.38	1.1473389
520	FSDPX	today	91.0	Jul 11, 2017	83.85	8.527138	89.82	1.313736
521	FTEC	Oct 06, 2017	46.92	Jul 10, 2017	43.2	8.611107	46.16	1.6464462
522	VGT	Oct 06, 2017	154.63	Jul 10, 2017	142.33	8.641884	151.99	1.7369537
523	EES	Oct 06, 2017	35.51	Jul 10, 2017	32.65	8.75956	34.97	1.5441742
524	XT	Oct 06, 2017	34.73	Jul 10, 2017	31.9	8.871475	34.33	1.1651535
525	JMIEX	today	28.45	Jul 11, 2017	26.11	8.962082	28.11	1.2095337	*BT*
526	FEMEX	today	9.42	Jul 11, 2017	8.64	9.027779	9.28	1.5086288
527	FBSOX	today	52.21	Jul 11, 2017	47.87	9.066223	51.55	1.280304
528	PYZ	Oct 06, 2017	67.02	Jul 10, 2017	61.38	9.188652	65.54	2.2581558
529	FSAMX	today	11.05	Jul 11, 2017	10.12	9.189728	10.89	1.4692307
530	USO	Oct 06, 2017	9.97	Jul 10, 2017	9.13	9.200439	10.43	-4.4103546
531	PRGTX	today	18.81	Jul 11, 2017	17.22	9.233452	18.32	2.674675
532	MVALX	today	43.44	Jul 11, 2017	39.75	9.28302	43.54	-0.22968292
533	RZV	Oct 06, 2017	70.81	Jul 10, 2017	64.58	9.646942	70.15	0.94083405
534	VWO	Oct 06, 2017	44.37	Jul 10, 2017	40.43	9.745239	43.57	1.8361206
535	FSELX	today	114.25	Jul 11, 2017	103.97	9.887466	112.88	1.2136841
536	IBB	Oct 06, 2017	340.48	Jul 10, 2017	309.83	9.892532	333.59	2.0654068
537	EEM	Oct 06, 2017	45.63	Jul 10, 2017	41.52	9.898842	44.81	1.8299484
538	CSCO	Oct 06, 2017	33.75	Jul 10, 2017	30.71	9.8990555	33.34	1.2297516
539	FEMKX	today	30.88	Jul 11, 2017	28.09	9.93235	30.49	1.2791061	*P*
540	FEMSX	today	21.02	Jul 11, 2017	19.08	10.167717	20.7	1.5458908
541	OIL	Oct 06, 2017	5.08	Jul 10, 2017	4.61	10.195221	5.38	-5.57621	*P*
542	FBIOX	today	235.42	Jul 11, 2017	213.58	10.2256775	236.05	-0.26689148	*P*
543	FCPGX	today	24.44	Jul 11, 2017	22.16	10.288811	24.24	0.8250809	*P*
544	ASHR	Oct 06, 2017	29.96	Jul 10, 2017	27.13	10.431252	29.19	2.637886
545	FFGCX	today	12.53	Jul 11, 2017	11.34	10.493828	12.48	0.40063477
546	FATIX	today	59.75	Jul 11, 2017	53.81	11.038841	58.62	1.9276733	*BT**P*
547	FSPTX	today	181.8	Jul 11, 2017	163.64	11.097542	178.24	1.9973068
548	FHKCX	today	33.81	Jul 11, 2017	30.4	11.217102	33.08	2.2067642	*P*
549	FBT	Oct 06, 2017	126.38	Jul 10, 2017	113.42	11.426559	123.93	1.9769211
550	PSCE	Oct 06, 2017	14.38	Jul 10, 2017	12.89	11.559341	14.84	-3.0997314	*P*
551	FSCHX	today	180.94	Jul 11, 2017	162.09	11.629341	178.6	1.3101959
552	THD	Oct 06, 2017	86.59	Jul 10, 2017	77.44	11.815598	86.45	0.16194916
553	FSDAX	today	164.94	Jul 11, 2017	145.66	13.236305	163.45	0.9115906
554	ROBO	Oct 06, 2017	38.95	Jul 10, 2017	34.37	13.325584	38.68	0.6980438
555	XBI	Oct 06, 2017	88.32	Jul 10, 2017	77.06	14.611992	86.57	2.0214767
556	RSX	Oct 06, 2017	22.13	Jul 10, 2017	19.25	14.961037	22.29	-0.7178192
557	FSAVX	today	39.8	Jul 11, 2017	34.6	15.028908	39.2	1.5306091
558	ERUS	Oct 06, 2017	33.56	Jul 10, 2017	29.16	15.089165	33.63	-0.20814514
559	UGA	Oct 06, 2017	27.72	Jul 10, 2017	24.02	15.4038315	28.15	-1.5275269
560	FXI	Oct 06, 2017	45.82	Jul 10, 2017	39.55	15.853355	44.04	4.0417786
561	HAO	Oct 06, 2017	30.51	Jul 10, 2017	26.09	16.94136	29.48	3.4938965
562	BOTZ	Oct 06, 2017	21.95	Jul 10, 2017	18.73	17.191673	21.75	0.91954803	*P*
563	FLATX	today	26.48	Jul 11, 2017	22.39	18.267082	26.23	0.9531021	*P*
564	EPU	Oct 06, 2017	40.81	Jul 10, 2017	33.85	20.56131	38.79	5.207527
565	EWZ	Oct 06, 2017	42.62	Jul 10, 2017	34.66	22.965958	41.69	2.230751
