1	CHAD	Oct 13, 2017	32.57	Jul 17, 2017	36.0	-9.527779	32.75	-0.5496216
2	FEXKX	Oct 13, 2017	21.12	Jul 17, 2017	22.69	-6.9193497	21.21	-0.4243164
3	FEXPX	Oct 13, 2017	21.17	Jul 17, 2017	22.72	-6.8221817	21.26	-0.4233322
4	AMLP	Oct 13, 2017	11.18	Jul 17, 2017	11.84	-5.5743256	11.4	-1.9298172
5	FSHCX	Oct 13, 2017	87.85	Jul 17, 2017	92.77	-5.3034363	91.74	-4.240242
6	RYURX	Oct 13, 2017	64.63	Jul 17, 2017	67.27	-3.9244843	64.71	-0.12363434
7	PHK	Oct 13, 2017	8.19	Jul 17, 2017	8.45	-3.0769196	8.22	-0.36497498	*P*
8	IBM	Oct 13, 2017	147.1	Jul 17, 2017	151.41	-2.8465729	146.48	0.4232788
9	FDFAX	Oct 13, 2017	96.93	Jul 17, 2017	99.06	-2.1502075	95.63	1.3594131
10	CHTTX	Oct 13, 2017	42.79	Jul 17, 2017	43.53	-1.6999741	43.25	-1.0635757
11	FBALX	Oct 13, 2017	23.59	Jul 17, 2017	23.99	-1.667366	24.81	-4.9173737
12	FBAKX	Oct 13, 2017	23.59	Jul 17, 2017	23.98	-1.626358	24.82	-4.955681
13	FBMPX	Oct 13, 2017	79.56	Jul 17, 2017	80.86	-1.6077194	81.65	-2.5597076
14	HLPPX	Oct 13, 2017	14.67	Jul 17, 2017	14.85	-1.2121277	14.63	0.27340698
15	FSOFX	Sep 06, 2017	14.15	Jun 07, 2017	14.3	-1.0489502	14.15	0.0
16	FZAAX	Oct 13, 2017	21.09	Jul 17, 2017	21.23	-0.6594391	21.96	-3.9617386	*BT*
17	FKVFX	Sep 13, 2017	13.85	Jun 14, 2017	13.91	-0.43134308	13.83	0.14461517
18	FFKCX	Sep 13, 2017	13.15	Jun 14, 2017	13.2	-0.37878418	13.13	0.15231323
19	FSMEX	Oct 13, 2017	46.34	Jul 17, 2017	46.51	-0.36550903	46.74	-0.85580444
20	FFIPX	Sep 06, 2017	9.93	Jun 07, 2017	9.93	0.0	9.93	0.0
21	SHY	Oct 13, 2017	84.39	Jul 17, 2017	84.38	0.01184845	84.34	0.059280396
22	FFXSX	Oct 13, 2017	9.94	Jul 17, 2017	9.93	0.10069275	9.93	0.10069275
23	BSV	Oct 13, 2017	79.78	Jul 17, 2017	79.66	0.15063477	79.69	0.11293793	*P*
24	FNORX	Oct 13, 2017	54.27	Jul 17, 2017	54.17	0.18460846	53.88	0.72382355	*P*
25	VSGBX	Oct 13, 2017	10.69	Jul 17, 2017	10.67	0.18743134	10.68	0.09362793
26	BTTTX	Oct 13, 2017	104.25	Jul 17, 2017	104.05	0.19221497	104.13	0.115242004
27	FSBAX	Oct 13, 2017	10.4	Jul 17, 2017	10.38	0.19268036	10.39	0.09623718
28	FSDCX	Oct 13, 2017	34.75	Jul 17, 2017	34.68	0.20184326	35.08	-0.940712
29	IEI	Oct 13, 2017	123.6	Jul 17, 2017	123.35	0.2026825	123.22	0.3083954
30	FSHFX	Sep 06, 2017	9.66	Jun 07, 2017	9.64	0.2074585	9.66	0.0
31	FFKVX	Sep 13, 2017	13.25	Jun 14, 2017	13.22	0.22692871	13.23	0.15116882
32	FSTGX	Oct 13, 2017	10.5	Jul 17, 2017	10.47	0.28652954	10.48	0.19084167
33	FCNVX	Oct 13, 2017	10.04	Jul 17, 2017	10.01	0.29969025	10.04	0.0
34	PRTIX	Oct 13, 2017	5.77	Jul 17, 2017	5.75	0.34783173	5.75	0.34783173
35	FSHBX	Oct 13, 2017	8.63	Jul 17, 2017	8.6	0.34883118	8.62	0.11601257
36	FFKDX	Sep 13, 2017	14.94	Jun 14, 2017	14.88	0.40322876	14.92	0.13404846
37	PTM	Oct 13, 2017	9.72	Jul 17, 2017	9.68	0.41322327	9.72	0.0
38	VFITX	Oct 13, 2017	11.2	Jul 17, 2017	11.15	0.44843292	11.16	0.35842896
39	VMLTX	Oct 13, 2017	10.99	Jul 17, 2017	10.94	0.45703888	10.99	0.0
40	FCSTX	Oct 13, 2017	10.66	Jul 17, 2017	10.61	0.47126007	10.65	0.09390259
41	FFKAX	Sep 13, 2017	12.04	Jun 14, 2017	11.98	0.5008316	12.02	0.16638184
42	SMDMX	Oct 13, 2017	11.39	Jul 17, 2017	11.33	0.52957153	11.35	0.352417
43	PRFSX	Oct 13, 2017	5.62	Jul 17, 2017	5.59	0.53666687	5.61	0.17825317
44	SJNK	Oct 13, 2017	27.85	Jul 17, 2017	27.7	0.54151917	27.87	-0.071762085
45	CDSIX	Oct 13, 2017	16.22	Jul 17, 2017	16.13	0.55796814	16.2	0.12345123	*BT*
46	FIBAX	Oct 13, 2017	10.79	Jul 17, 2017	10.73	0.55918884	10.74	0.46554565
47	FSTFX	Oct 13, 2017	10.6	Jul 17, 2017	10.54	0.56925964	10.59	0.094429016
48	USSTX	Oct 13, 2017	10.5	Jul 17, 2017	10.44	0.5747223	10.5	0.0
49	FVIIX	Oct 13, 2017	10.29	Jul 17, 2017	10.23	0.5865097	10.25	0.39024353	*BT*
50	BMBSX	Oct 13, 2017	11.93	Jul 17, 2017	11.86	0.5902252	11.9	0.2521057
51	FSFFX	Sep 06, 2017	12.97	Jun 07, 2017	12.89	0.620636	12.97	0.0
52	FTHRX	Oct 13, 2017	10.9	Jul 17, 2017	10.83	0.6463547	10.87	0.2759781
53	FGOVX	Oct 13, 2017	10.28	Jul 17, 2017	10.21	0.68559265	10.23	0.48875427
54	FSAZX	Oct 13, 2017	12.11	Jul 17, 2017	12.02	0.74874115	12.06	0.41458893
55	NAD	Oct 13, 2017	14.12	Jul 17, 2017	14.01	0.7851486	14.1	0.14183807
56	FSIPX	Oct 13, 2017	9.93	Jul 17, 2017	9.85	0.8121872	9.89	0.40444946
57	JNK	Oct 13, 2017	37.18	Jul 17, 2017	36.88	0.81344604	37.18	0.0
58	FKTWX	Sep 13, 2017	15.81	Jun 14, 2017	15.68	0.8290787	15.79	0.12666321
59	FFRHX	Oct 13, 2017	9.65	Jul 17, 2017	9.57	0.8359451	9.64	0.10372162
60	NOITX	Oct 13, 2017	10.57	Jul 17, 2017	10.48	0.8587799	10.55	0.18956757
61	FIBFX	Sep 06, 2017	11.35	Jun 07, 2017	11.25	0.8888931	11.35	0.0
62	USVAX	Oct 13, 2017	11.33	Jul 17, 2017	11.23	0.8904724	11.3	0.26548004
63	FFIGX	Sep 06, 2017	15.58	Jun 07, 2017	15.44	0.9067383	15.58	0.0
64	TGFNX	Oct 13, 2017	11.01	Jul 17, 2017	10.91	0.9165878	10.96	0.45619965
65	FFKEX	Sep 13, 2017	16.31	Jun 14, 2017	16.16	0.9282074	16.28	0.18426514
66	FIPAX	Oct 13, 2017	11.9	Jul 17, 2017	11.79	0.932991	11.83	0.5917206
67	NCITX	Oct 13, 2017	10.73	Jul 17, 2017	10.63	0.94072723	10.7	0.280365
68	FTBFX	Oct 13, 2017	10.71	Jul 17, 2017	10.61	0.94252014	10.7	0.09346008
69	NOAZX	Oct 13, 2017	10.7	Jul 17, 2017	10.6	0.9433899	10.67	0.28115845
70	FSITX	Oct 13, 2017	11.65	Jul 17, 2017	11.54	0.9532013	11.61	0.3445282
71	FCVSX	Oct 13, 2017	28.18	Jul 17, 2017	27.91	0.96739197	28.25	-0.24778748
72	FGMNX	Oct 13, 2017	11.48	Jul 17, 2017	11.37	0.967453	11.44	0.34965515
73	TGMNX	Oct 13, 2017	10.34	Jul 17, 2017	10.24	0.9765625	10.3	0.38835144
74	FMSFX	Oct 13, 2017	11.3	Jul 17, 2017	11.19	0.9830246	11.27	0.2661972
75	XMPT	Oct 13, 2017	27.24	Jul 17, 2017	26.97	1.0011215	27.0	0.8888855
76	PRRDX	Oct 13, 2017	11.05	Jul 17, 2017	10.94	1.0054932	10.99	0.54595184
77	PRVAX	Oct 13, 2017	12.04	Jul 17, 2017	11.92	1.0067139	12.01	0.249794
78	USNYX	Oct 13, 2017	12.0	Jul 17, 2017	11.88	1.0100937	11.97	0.2506256
79	VBMFX	Oct 13, 2017	10.81	Jul 17, 2017	10.7	1.0280457	10.77	0.37139893
80	MDXBX	Oct 13, 2017	10.8	Jul 17, 2017	10.69	1.0289993	10.78	0.18553925
81	SWNTX	Oct 13, 2017	11.77	Jul 17, 2017	11.65	1.0300522	11.74	0.25553894
82	FIMIX	Oct 13, 2017	11.67	Jul 17, 2017	11.55	1.0389557	11.63	0.34394073
83	FBIDX	Oct 13, 2017	11.66	Jul 17, 2017	11.54	1.0398636	11.61	0.43066406
84	VFIIX	Oct 13, 2017	10.56	Jul 17, 2017	10.45	1.0526428	10.53	0.2849121
85	VBIIX	Oct 13, 2017	11.49	Jul 17, 2017	11.37	1.0554047	11.43	0.52492523
86	FICNX	Oct 13, 2017	11.46	Jul 17, 2017	11.34	1.058197	11.42	0.35025787
87	TIXRX	Oct 13, 2017	10.49	Jul 17, 2017	10.38	1.0597229	10.46	0.2868042
88	PGNDX	Oct 13, 2017	11.16	Jul 17, 2017	11.04	1.0869522	11.13	0.2695465
89	FINPX	Oct 13, 2017	12.06	Jul 17, 2017	11.93	1.0896912	11.99	0.58382416
90	SWRSX	Oct 13, 2017	11.11	Jul 17, 2017	10.99	1.091896	11.05	0.542984
91	DODIX	Oct 13, 2017	13.85	Jul 17, 2017	13.7	1.0948868	13.81	0.28964233
92	PRIPX	Oct 13, 2017	11.97	Jul 17, 2017	11.84	1.0979767	11.9	0.5882416
93	FTFMX	Oct 13, 2017	13.33	Jul 17, 2017	13.18	1.1380768	13.29	0.3009796
94	GTFBX	Oct 13, 2017	11.55	Jul 17, 2017	11.42	1.1383514	11.52	0.26041412
95	FPCIX	Oct 13, 2017	10.66	Jul 17, 2017	10.54	1.1385193	10.64	0.18797302
96	FBNDX	Oct 13, 2017	7.96	Jul 17, 2017	7.87	1.1435852	7.93	0.37831116
97	VBILX	Oct 13, 2017	11.49	Jul 17, 2017	11.36	1.1443634	11.43	0.52492523
98	NHINX	Oct 13, 2017	8.79	Jul 17, 2017	8.69	1.1507492	8.8	-0.11363983
99	TIP	Oct 13, 2017	114.13	Jul 17, 2017	112.83	1.1521683	113.38	0.6614914
100	VIPSX	Oct 13, 2017	13.15	Jul 17, 2017	13.0	1.1538391	13.07	0.61209106
101	FOHFX	Oct 13, 2017	12.23	Jul 17, 2017	12.09	1.1579742	12.18	0.41049957
102	SMTFX	Oct 13, 2017	10.47	Jul 17, 2017	10.35	1.1594162	10.45	0.19139099
103	FSIGX	Oct 13, 2017	11.33	Jul 17, 2017	11.2	1.1607208	11.29	0.35429382
104	FFVNX	Sep 06, 2017	10.45	Jun 07, 2017	10.33	1.1616592	10.45	0.0
105	EMLC	Oct 13, 2017	19.13	Jul 17, 2017	18.91	1.1633987	18.98	0.79029846
106	FEDFX	Sep 06, 2017	10.42	Jun 07, 2017	10.3	1.1650467	10.42	0.0
107	KYTFX	Oct 13, 2017	7.79	Jul 17, 2017	7.7	1.1688385	7.76	0.38659668
108	FFKFX	Sep 13, 2017	17.17	Jun 14, 2017	16.97	1.1785507	17.14	0.17503357
109	BCITX	Oct 13, 2017	11.96	Jul 17, 2017	11.82	1.1844406	11.93	0.2514572
110	PRTAX	Oct 13, 2017	10.19	Jul 17, 2017	10.07	1.1916504	10.17	0.19664764
111	PRNYX	Oct 13, 2017	11.71	Jul 17, 2017	11.57	1.2100372	11.68	0.2568512
112	ACITX	Oct 13, 2017	11.66	Jul 17, 2017	11.52	1.215271	11.59	0.60395813
113	VGHCX	Oct 13, 2017	215.14	Jul 17, 2017	212.55	1.2185364	216.81	-0.77025604
114	VGHAX	Oct 13, 2017	90.76	Jul 17, 2017	89.66	1.2268524	91.47	-0.776207
115	NOTEX	Oct 13, 2017	10.72	Jul 17, 2017	10.59	1.2275696	10.69	0.28063965
116	FKTHX	Sep 13, 2017	17.15	Jun 14, 2017	16.94	1.2396698	17.12	0.1752243	*P*
117	FLTMX	Oct 13, 2017	10.44	Jul 17, 2017	10.31	1.2609024	10.41	0.2881775
118	FPXTX	Oct 13, 2017	11.21	Jul 17, 2017	11.07	1.264679	11.18	0.2683258
119	LQD	Oct 13, 2017	121.58	Jul 17, 2017	120.05	1.2744675	120.95	0.52088165
120	IHE	Oct 13, 2017	157.88	Jul 17, 2017	155.89	1.2765427	160.14	-1.4112625
121	USCBX	Oct 13, 2017	11.09	Jul 17, 2017	10.95	1.2785416	11.06	0.27124786
122	VCAIX	Oct 13, 2017	11.86	Jul 17, 2017	11.71	1.2809525	11.82	0.33840942
123	DRTAX	Oct 13, 2017	11.82	Jul 17, 2017	11.67	1.2853394	11.79	0.25445557
124	NCATX	Oct 13, 2017	11.68	Jul 17, 2017	11.53	1.3009567	11.64	0.3436432
125	PLMDX	Oct 13, 2017	9.31	Jul 17, 2017	9.19	1.3057709	9.26	0.53995514
126	PRXCX	Oct 13, 2017	11.58	Jul 17, 2017	11.43	1.3123245	11.55	0.2597351
127	FDMMX	Oct 13, 2017	12.25	Jul 17, 2017	12.09	1.3234024	12.2	0.40984344
128	PFODX	Oct 13, 2017	10.64	Jul 17, 2017	10.5	1.3333282	10.63	0.094078064
129	ICF	Oct 13, 2017	102.74	Jul 17, 2017	101.37	1.3514786	100.9	1.8235779
130	USTEX	Oct 13, 2017	13.42	Jul 17, 2017	13.24	1.35952	13.39	0.2240448
131	FCTFX	Oct 13, 2017	13.04	Jul 17, 2017	12.86	1.3996964	12.99	0.3849182
132	NTFIX	Oct 13, 2017	11.59	Jul 17, 2017	11.43	1.399826	11.55	0.34631348
133	VMATX	Oct 13, 2017	10.84	Jul 17, 2017	10.69	1.4031906	10.79	0.46339417
134	BND	Oct 13, 2017	82.05	Jul 17, 2017	80.91	1.4089737	81.65	0.48989868
135	PRINX	Oct 13, 2017	11.96	Jul 17, 2017	11.79	1.4418945	11.92	0.3355713
136	USATX	Oct 13, 2017	13.36	Jul 17, 2017	13.17	1.4426727	13.34	0.1499176
137	BCLTX	Oct 13, 2017	11.69	Jul 17, 2017	11.52	1.4756927	11.66	0.25728607
138	JDD	Oct 13, 2017	12.9	Jul 17, 2017	12.71	1.4948883	12.8	0.78125	*P*
139	FPUKX	Oct 13, 2017	22.84	Jul 17, 2017	22.5	1.5111084	23.36	-2.2260284
140	PRFHX	Oct 13, 2017	12.06	Jul 17, 2017	11.88	1.515152	12.02	0.3327713
141	PBDDX	Oct 13, 2017	10.64	Jul 17, 2017	10.48	1.5267258	10.62	0.18832397
142	FIKFX	Oct 13, 2017	11.93	Jul 17, 2017	11.75	1.5319214	11.89	0.33641815
143	FPURX	Oct 13, 2017	22.86	Jul 17, 2017	22.51	1.5548706	23.37	-2.1822891
144	PTTDX	Oct 13, 2017	10.34	Jul 17, 2017	10.18	1.571701	10.3	0.38835144
145	FFKHX	Sep 13, 2017	17.93	Jun 14, 2017	17.65	1.5864029	17.9	0.16759491
146	FFKGX	Sep 13, 2017	17.78	Jun 14, 2017	17.5	1.6000061	17.76	0.11261749
147	FSRRX	Oct 13, 2017	8.88	Jul 17, 2017	8.74	1.6018372	8.8	0.90908813
148	VOHIX	Oct 13, 2017	12.67	Jul 17, 2017	12.47	1.6038437	12.61	0.47581482
149	NKX	Oct 13, 2017	15.79	Jul 17, 2017	15.54	1.6087494	15.61	1.1531143	*P*
150	BCHYX	Oct 13, 2017	10.63	Jul 17, 2017	10.46	1.6252365	10.6	0.2830124
151	FASIX	Oct 13, 2017	13.63	Jul 17, 2017	13.41	1.6405716	13.57	0.44216156
152	FRIFX	Oct 13, 2017	12.33	Jul 17, 2017	12.13	1.6488037	12.25	0.6530609
153	VPAIX	Oct 13, 2017	11.66	Jul 17, 2017	11.47	1.6564941	11.62	0.34423065
154	JQC	Oct 13, 2017	8.48	Jul 17, 2017	8.34	1.6786423	8.45	0.35502625
155	FBCVX	Oct 13, 2017	18.75	Jul 17, 2017	18.44	1.6811218	18.82	-0.37194824	*P*
156	FPIOX	Oct 13, 2017	9.67	Jul 17, 2017	9.51	1.6824341	9.68	-0.10330963
157	FFSTX	Sep 06, 2017	17.44	Jun 07, 2017	17.15	1.6909714	17.44	0.0
158	VWLTX	Oct 13, 2017	11.71	Jul 17, 2017	11.51	1.7376175	11.66	0.42881775
159	FCBFX	Oct 13, 2017	11.69	Jul 17, 2017	11.49	1.7406464	11.63	0.51589966
160	VCITX	Oct 13, 2017	12.22	Jul 17, 2017	12.01	1.7485352	12.17	0.4108429
161	FCSFX	Sep 06, 2017	5.23	Jun 07, 2017	5.14	1.7509689	5.23	0.0
162	FTABX	Oct 13, 2017	11.6	Jul 17, 2017	11.4	1.7543945	11.55	0.43289948
163	FIRMX	Oct 13, 2017	58.11	Jul 17, 2017	57.1	1.7688293	57.86	0.4320755
164	FVDFX	Oct 13, 2017	27.81	Jul 17, 2017	27.32	1.7935486	27.92	-0.39398956
165	FFFAX	Oct 13, 2017	11.91	Jul 17, 2017	11.7	1.7948761	11.86	0.42158508
166	FIAFX	Oct 13, 2017	11.3	Jul 17, 2017	11.1	1.8018036	11.25	0.44445038	*BT*
167	SPHIX	Oct 13, 2017	9.02	Jul 17, 2017	8.86	1.8058777	9.03	-0.11073303
168	FIRNX	Oct 13, 2017	58.06	Jul 17, 2017	57.03	1.8060684	57.81	0.43245697
169	GABUX	Oct 13, 2017	9.52	Jul 17, 2017	9.35	1.8181763	9.43	0.9543991
170	FVDKX	Oct 13, 2017	27.82	Jul 17, 2017	27.32	1.830162	27.94	-0.42949677
171	FHIGX	Oct 13, 2017	13.28	Jul 17, 2017	13.04	1.8404846	13.23	0.3779297
172	FSESX	Oct 13, 2017	46.12	Jul 17, 2017	45.28	1.8551254	46.72	-1.284256
173	FPHAX	Oct 13, 2017	19.47	Jul 17, 2017	19.11	1.8838272	19.51	-0.20502472
174	RWJ	Oct 13, 2017	67.49	Jul 17, 2017	66.23	1.9024506	68.81	-1.9183273
175	FIROX	Oct 13, 2017	59.18	Jul 17, 2017	58.06	1.9290314	58.92	0.44127655
176	FIRPX	Oct 13, 2017	58.44	Jul 17, 2017	57.33	1.9361496	58.19	0.42962646
177	FSCPX	Oct 13, 2017	39.29	Jul 17, 2017	38.53	1.972496	39.46	-0.43080902
178	YAFFX	Oct 13, 2017	22.21	Jul 17, 2017	21.78	1.9742813	21.99	1.0004501
179	FHIFX	Oct 13, 2017	8.77	Jul 17, 2017	8.6	1.976738	8.76	0.114151
180	FSICX	Oct 13, 2017	11.17	Jul 17, 2017	10.95	2.0091324	11.14	0.26929474
181	FSRIX	Oct 13, 2017	12.63	Jul 17, 2017	12.38	2.0193787	12.6	0.23809814	*BT*
182	FSCRX	Oct 13, 2017	31.97	Jul 17, 2017	31.33	2.0427704	31.88	0.2823105
183	FJIFX	Oct 13, 2017	13.45	Jul 17, 2017	13.18	2.0485535	13.4	0.37313843
184	VWAHX	Oct 13, 2017	11.42	Jul 17, 2017	11.19	2.0554047	11.38	0.3514862
185	BULIX	Oct 13, 2017	18.32	Jul 17, 2017	17.95	2.0612717	18.4	-0.43478394
186	KRE	Oct 13, 2017	55.98	Jul 17, 2017	54.84	2.0787735	56.91	-1.6341629
187	FSNGX	Oct 13, 2017	23.88	Jul 17, 2017	23.39	2.0949097	24.11	-0.95396423
188	VWNFX	Oct 13, 2017	38.6	Jul 17, 2017	37.8	2.1164093	38.71	-0.28416443
189	PFBDX	Oct 13, 2017	10.03	Jul 17, 2017	9.82	2.1384964	9.96	0.7028122
190	FTANX	Oct 13, 2017	11.18	Jul 17, 2017	10.94	2.1937943	11.12	0.53957367
191	FSHNX	Oct 13, 2017	9.76	Jul 17, 2017	9.55	2.1989594	9.77	-0.10235596
192	POGSX	Oct 13, 2017	63.71	Jul 17, 2017	62.32	2.2304153	63.71	0.0
193	FDVLX	Oct 13, 2017	122.12	Jul 17, 2017	119.45	2.2352448	122.47	-0.28578186
194	PRULX	Oct 13, 2017	12.72	Jul 17, 2017	12.44	2.2508163	12.51	1.6786575
195	FIRQX	Oct 13, 2017	56.97	Jul 17, 2017	55.71	2.2617188	56.7	0.4761963
196	FVLKX	Oct 13, 2017	122.31	Jul 17, 2017	119.6	2.2658844	122.65	-0.27721405
197	VNQ	Oct 13, 2017	84.79	Jul 17, 2017	82.9	2.2798538	83.3	1.7887115
198	RFV	Oct 13, 2017	65.03	Jul 17, 2017	63.58	2.2805786	65.19	-0.24543762
199	FIRRX	Oct 13, 2017	53.39	Jul 17, 2017	52.19	2.2992935	53.14	0.47045898
200	FSMVX	Oct 13, 2017	27.03	Jul 17, 2017	26.42	2.3088608	27.07	-0.14775848
201	FFIVX	Oct 13, 2017	12.38	Jul 17, 2017	12.1	2.3140411	12.33	0.40551758	*BT*
202	YACKX	Oct 13, 2017	23.86	Jul 17, 2017	23.32	2.3156128	23.72	0.5902252
203	VUSTX	Oct 13, 2017	12.32	Jul 17, 2017	12.04	2.3255844	12.11	1.7341003
204	FFFVX	Oct 13, 2017	12.72	Jul 17, 2017	12.43	2.3330688	12.66	0.473938
205	IGOV	Oct 13, 2017	49.42	48.35 41,800 Jul	48.29	2.3400192	48.71	1.4576111
206	FSDIX	Oct 13, 2017	15.68	Jul 17, 2017	15.32	2.3498764	15.57	0.7064972
207	FFANX	Oct 13, 2017	11.73	Jul 17, 2017	11.46	2.356018	11.67	0.51413727
208	FSTCX	Oct 13, 2017	67.94	Jul 17, 2017	66.36	2.3809586	69.54	-2.3008347
209	FEIKX	Oct 13, 2017	60.86	Jul 17, 2017	59.44	2.3889694	60.9	-0.06568146
210	ROOF	Oct 13, 2017	27.7	Jul 17, 2017	27.05	2.4029617	27.36	1.2426834
211	FEQIX	Oct 13, 2017	60.9	Jul 17, 2017	59.47	2.4045715	60.94	-0.06562805
212	FLBAX	Oct 13, 2017	13.2	Jul 17, 2017	12.89	2.4049606	12.97	1.773323
213	FKIFX	Oct 13, 2017	14.32	Jul 17, 2017	13.98	2.432045	14.26	0.42074585
214	MERKX	Oct 13, 2017	10.08	Jul 17, 2017	9.84	2.4390259	10.0	0.80000305
215	FGIKX	Oct 13, 2017	35.95	Jul 17, 2017	35.09	2.4508514	36.1	-0.41550446
216	FGRIX	Oct 13, 2017	35.99	Jul 17, 2017	35.12	2.4772263	36.14	-0.4150467
217	FRESX	Oct 13, 2017	42.77	Jul 17, 2017	41.73	2.4922104	42.09	1.6155853
218	GASFX	Oct 13, 2017	30.32	Jul 17, 2017	29.58	2.5016937	30.16	0.5305023
219	RWX	Oct 13, 2017	38.78	Jul 17, 2017	37.83	2.5112305	38.15	1.6513672
220	FIRSX	Oct 13, 2017	54.05	Jul 17, 2017	52.7	2.5616608	53.79	0.4833603
221	FLSAX	Oct 13, 2017	44.18	Jul 17, 2017	43.06	2.6010132	44.5	-0.71910095
222	FCIFX	Oct 13, 2017	12.91	Jul 17, 2017	12.58	2.6232147	12.86	0.38880157	*BT*
223	VWINX	Oct 13, 2017	26.89	Jul 17, 2017	26.2	2.633583	26.74	0.56095123
224	FMEIX	Oct 13, 2017	15.57	Jul 17, 2017	15.17	2.6367798	15.58	-0.064186096
225	GVPIX	Oct 13, 2017	55.14	Jul 17, 2017	53.72	2.6433334	53.81	2.4716644
226	FFFCX	Oct 13, 2017	16.3	Jul 17, 2017	15.88	2.6448212	16.23	0.4312973
227	FIUIX	Oct 13, 2017	26.71	Jul 17, 2017	26.02	2.651802	26.83	-0.447258
228	FSPHX	Oct 13, 2017	232.34	Jul 17, 2017	226.33	2.6554108	235.15	-1.1949844
229	VBLTX	Oct 13, 2017	14.27	Jul 17, 2017	13.9	2.6618729	14.1	1.2056732
230	FIRUX	Oct 13, 2017	58.7	Jul 17, 2017	57.16	2.694191	58.42	0.47929382
231	RYGBX	Oct 13, 2017	53.32	Jul 17, 2017	51.91	2.71624	52.07	2.4006119
232	FNJHX	Oct 13, 2017	11.94	Jul 17, 2017	11.62	2.753868	11.9	0.33613586
233	FASMX	Oct 13, 2017	18.48	Jul 17, 2017	17.98	2.7808685	18.38	0.5440674
234	FNMIX	Oct 13, 2017	16.5	Jul 17, 2017	16.05	2.8037415	16.45	0.30394745
235	FSLSX	Oct 13, 2017	43.5	Jul 17, 2017	42.31	2.8125763	43.57	-0.16065979
236	FLIFX	Oct 13, 2017	14.95	Jul 17, 2017	14.54	2.819809	14.88	0.47042084
237	JPC	Oct 13, 2017	10.56	Jul 17, 2017	10.27	2.823761	10.48	0.7633667
238	PAUDX	Oct 13, 2017	9.02	Jul 17, 2017	8.77	2.8506317	8.91	1.234581
239	FVSKX	Oct 13, 2017	43.5	Jul 17, 2017	42.29	2.8611908	43.56	-0.13774872
240	FIRVX	Oct 13, 2017	52.32	Jul 17, 2017	50.85	2.8908615	52.05	0.51873016
241	VWESX	Oct 13, 2017	10.66	Jul 17, 2017	10.36	2.8957596	10.55	1.0426483
242	OWSMX	Oct 13, 2017	17.53	Jul 17, 2017	17.03	2.935997	17.45	0.45845795
243	REACX	Oct 13, 2017	29.42	Jul 17, 2017	28.58	2.9391174	28.9	1.7993088
244	FCPEX	Oct 13, 2017	14.56	Jul 17, 2017	14.14	2.9702988	14.6	-0.27397156
245	FSLEX	Oct 13, 2017	25.98	Jul 17, 2017	25.23	2.9726486	25.86	0.46403503
246	FFVIX	Oct 13, 2017	13.14	Jul 17, 2017	12.76	2.9780655	13.08	0.45871735	*BT*
247	STCEX	Oct 13, 2017	10.65	Jul 17, 2017	10.34	2.9980621	10.75	-0.9302368
248	FWRLX	Oct 13, 2017	9.94	Jul 17, 2017	9.65	3.0051804	9.92	0.20160675	*P*
249	FSRBX	Oct 13, 2017	33.85	Jul 17, 2017	32.86	3.0127792	34.37	-1.5129471
250	VO	Oct 13, 2017	148.87	Jul 17, 2017	144.49	3.0313492	148.58	0.1951828
251	VIMSX	Oct 13, 2017	40.64	Jul 17, 2017	39.44	3.0426025	40.57	0.17254639
252	FFVFX	Oct 13, 2017	13.54	Jul 17, 2017	13.14	3.0441437	13.47	0.5196686
253	FIRWX	Oct 13, 2017	58.85	Jul 17, 2017	57.11	3.046753	58.56	0.49521637
254	FEDCX	Oct 13, 2017	10.47	Jul 17, 2017	10.16	3.0511856	10.46	0.09560394
255	FIXRX	Oct 13, 2017	53.92	Jul 17, 2017	52.32	3.0580978	53.65	0.5032501
256	MNBAX	Oct 13, 2017	18.27	Jul 17, 2017	17.72	3.1038437	18.19	0.43979645
257	VEVRX	Oct 13, 2017	39.73	Jul 17, 2017	38.53	3.1144638	39.77	-0.10058594	*BT**P*
258	PASDX	Oct 13, 2017	12.17	Jul 17, 2017	11.8	3.1355972	12.04	1.0797348
259	VICEX	Oct 13, 2017	30.88	Jul 17, 2017	29.94	3.1396027	30.78	0.3248825
260	FPIFX	Oct 13, 2017	15.69	Jul 17, 2017	15.21	3.1558151	15.61	0.5124893
261	FDIFX	Oct 13, 2017	14.18	Jul 17, 2017	13.74	3.2023315	14.12	0.4249344	*BT*
262	PARWX	Oct 13, 2017	37.87	Jul 17, 2017	36.68	3.2442703	37.99	-0.31587982
263	WIP	Oct 13, 2017	57.49	Jul 17, 2017	55.68	3.2507172	56.74	1.3218155
264	VIG	Oct 13, 2017	96.03	Jul 17, 2017	93.0	3.2580643	95.68	0.36580658
265	FEQTX	Oct 13, 2017	28.83	Jul 17, 2017	27.92	3.2593155	28.84	-0.0346756
266	FFFDX	Oct 13, 2017	16.67	Jul 17, 2017	16.14	3.2837753	16.58	0.54281616
267	VWNDX	Oct 13, 2017	23.26	Jul 17, 2017	22.52	3.285965	23.32	-0.25728607
268	RSP	Oct 13, 2017	96.54	Jul 17, 2017	93.46	3.2955322	96.49	0.051818848
269	FQIFX	Oct 13, 2017	16.63	Jul 17, 2017	16.09	3.3561096	16.55	0.48338318
270	VWELX	Oct 13, 2017	42.41	Jul 17, 2017	41.02	3.3885803	42.32	0.21266937
271	FSLVX	Oct 13, 2017	20.12	Jul 17, 2017	19.46	3.3915787	20.28	-0.78894806
272	FITWX	Oct 13, 2017	14.13	Jul 17, 2017	13.66	3.4407043	14.06	0.49786377	*BT*
273	EIERX	Oct 13, 2017	17.68	Jul 17, 2017	17.09	3.4523163	17.63	0.28360748	*BT*
274	FLCSX	Oct 13, 2017	32.42	Jul 17, 2017	31.33	3.4790878	32.59	-0.52163696
275	FGRTX	Oct 13, 2017	17.12	Jul 17, 2017	16.54	3.5066452	17.2	-0.46511078
276	FHLC	Oct 13, 2017	39.8	Jul 17, 2017	38.45	3.5110474	40.11	-0.7728729
277	FFTWX	Oct 13, 2017	14.42	Jul 17, 2017	13.93	3.5175934	14.34	0.5578766
278	FCPVX	Oct 13, 2017	19.71	Jul 17, 2017	19.04	3.5189056	19.66	0.25431824
279	OAKBX	Oct 13, 2017	33.79	Jul 17, 2017	32.64	3.5232925	33.84	-0.14775085
280	FSANX	Oct 13, 2017	12.61	Jul 17, 2017	12.18	3.5303726	12.54	0.5582123
281	VHT	Oct 13, 2017	153.37	Jul 17, 2017	148.09	3.5653915	154.6	-0.7956085
282	FMIMX	Oct 13, 2017	28.94	Jul 17, 2017	27.94	3.5791016	29.07	-0.44719696
283	POAGX	Oct 13, 2017	41.27	Jul 17, 2017	39.82	3.641388	41.13	0.3403778
284	MFVSX	Oct 13, 2017	22.64	Jul 17, 2017	21.84	3.663002	22.63	0.044189453
285	DODGX	Oct 13, 2017	200.94	Jul 17, 2017	193.78	3.6949158	202.87	-0.95134735
286	GTSGX	Oct 13, 2017	9.73	Jul 17, 2017	9.38	3.7313309	9.82	-0.9164963
287	PRHSX	Oct 13, 2017	74.17	Jul 17, 2017	71.5	3.7342682	75.29	-1.4875793
288	FSPCX	Oct 13, 2017	87.22	Jul 17, 2017	84.05	3.7715683	86.67	0.6345978
289	ANFVX	Oct 13, 2017	28.14	Jul 17, 2017	27.11	3.7993317	28.01	0.46411896	*BT*
290	FUSEX	Oct 13, 2017	89.31	Jul 17, 2017	86.04	3.80056	89.17	0.15699768
291	FUSVX	Oct 13, 2017	89.33	Jul 17, 2017	86.05	3.811737	89.18	0.16820526	*P*
292	LEXCX	Oct 13, 2017	35.17	Jul 17, 2017	33.87	3.8382034	35.28	-0.31179047
293	FSCFX	Oct 13, 2017	15.1	Jul 17, 2017	14.54	3.851448	15.16	-0.39577484
294	FDEGX	Oct 13, 2017	39.33	Jul 17, 2017	37.87	3.855301	39.3	0.07633972	*P*
295	RYU	Oct 13, 2017	88.09	Jul 17, 2017	84.81	3.8674698	86.94	1.3227463	*P*
296	FAGKX	Oct 13, 2017	39.64	Jul 17, 2017	38.16	3.8784027	39.61	0.075737
297	FIVLX	Oct 13, 2017	9.07	Jul 17, 2017	8.73	3.8946152	8.99	0.8898773
298	JPS	Oct 13, 2017	10.37	Jul 17, 2017	9.98	3.9078217	10.34	0.29013062	*P*
299	FDCPX	Oct 13, 2017	91.7	Jul 17, 2017	88.25	3.9093475	90.04	1.8436203
300	XHB	Oct 13, 2017	40.3	Jul 17, 2017	38.78	3.9195404	40.49	-0.46925354
301	FMCSX	Oct 13, 2017	38.67	Jul 17, 2017	37.21	3.9236755	38.56	0.28525543
302	FLVEX	Oct 13, 2017	12.97	Jul 17, 2017	12.48	3.9262924	13.02	-0.38402557	*P*
303	FXIFX	Oct 13, 2017	17.45	Jul 17, 2017	16.79	3.9309158	17.36	0.5184326
304	FSRPX	Oct 13, 2017	123.78	Jul 17, 2017	119.09	3.938202	124.31	-0.42635345
305	FEFIX	Oct 13, 2017	15.28	Jul 17, 2017	14.7	3.9455795	15.2	0.5263214	*P*
306	FKMCX	Oct 13, 2017	38.7	Jul 17, 2017	37.23	3.9484253	38.58	0.3110428
307	FFFEX	Oct 13, 2017	18.04	Jul 17, 2017	17.35	3.9769516	17.94	0.5574112
308	FSLCX	Oct 13, 2017	19.86	Jul 17, 2017	19.1	3.979065	19.92	-0.30120087
309	FASGX	Oct 13, 2017	22.61	Jul 17, 2017	21.74	4.0018463	22.47	0.62306213
310	FDGKX	Oct 13, 2017	34.15	Jul 17, 2017	32.83	4.020714	34.16	-0.029273987
311	FINVX	Oct 13, 2017	10.83	Jul 17, 2017	10.41	4.0345764	10.74	0.83799744
312	FFNOX	Oct 13, 2017	43.8	Jul 17, 2017	42.1	4.0380096	43.59	0.48175812
313	FSAEX	Oct 13, 2017	13.55	Jul 17, 2017	13.02	4.0706635	13.56	-0.07374573
314	FDLSX	Oct 13, 2017	164.82	Jul 17, 2017	158.36	4.079315	163.03	1.0979614
315	ACWV	Oct 13, 2017	82.66	Jul 17, 2017	79.42	4.079582	81.75	1.1131516
316	AGTHX	Oct 13, 2017	50.4	Jul 17, 2017	48.42	4.089226	50.32	0.15898895
317	SPLV	Oct 13, 2017	46.57	Jul 17, 2017	44.74	4.090294	46.18	0.84451294	*P*
318	PRF	Oct 13, 2017	108.1	Jul 17, 2017	103.85	4.0924454	108.17	-0.064712524
319	FCSSX	Oct 13, 2017	5.32	Jul 17, 2017	5.11	4.1095886	5.2	2.307701
320	SHOP	Oct 13, 2017	94.22	Jul 17, 2017	90.49	4.1220093	97.92	-3.7785873	*P*
321	FGBLX	Oct 13, 2017	25.75	Jul 17, 2017	24.73	4.124542	25.45	1.1787796
322	FLVCX	Oct 13, 2017	33.21	Jul 17, 2017	31.89	4.1392365	33.34	-0.38993073
323	FDEQX	Oct 13, 2017	38.48	Jul 17, 2017	36.95	4.140724	38.36	0.31282806
324	FDEKX	Oct 13, 2017	38.44	Jul 17, 2017	36.91	4.145218	38.33	0.28697205
325	RPMGX	Oct 13, 2017	91.18	Jul 17, 2017	87.53	4.169998	91.26	-0.08766937
326	FIEUX	Oct 13, 2017	42.26	Jul 17, 2017	40.56	4.1913147	41.79	1.1246643
327	FLCKX	Oct 13, 2017	33.29	Jul 17, 2017	31.95	4.1940536	33.41	-0.359169
328	PRFDX	Oct 13, 2017	34.53	Jul 17, 2017	33.14	4.1943283	34.54	-0.028953552
329	SWHFX	Oct 13, 2017	26.22	Jul 17, 2017	25.16	4.2130356	26.38	-0.6065216
330	VTV	Oct 13, 2017	100.95	Jul 17, 2017	96.86	4.22258	101.11	-0.15824127
331	DODFX	Oct 13, 2017	46.97	Jul 17, 2017	45.06	4.2388	46.74	0.4920807
332	TWEBX	Oct 13, 2017	23.58	Jul 17, 2017	22.62	4.244026	23.43	0.64019775
333	JDSNX	Oct 13, 2017	24.04	Jul 17, 2017	23.06	4.2497864	24.1	-0.2489624	*BT*
334	FDYSX	Oct 13, 2017	9.81	Jul 17, 2017	9.41	4.250801	9.71	1.0298767
335	VFINX	Oct 13, 2017	235.85	Jul 17, 2017	226.12	4.3030243	235.47	0.16138458
336	VFIAX	Oct 13, 2017	235.87	Jul 17, 2017	226.08	4.3303223	235.48	0.1656189	*P*
337	FCSAX	Oct 13, 2017	17.8	Jul 17, 2017	17.06	4.337631	17.79	0.05620575
338	FFFPX	Oct 13, 2017	12.26	Jul 17, 2017	11.75	4.3404236	12.2	0.49180603	*BT*
339	FFTHX	Oct 13, 2017	15.12	Jul 17, 2017	14.49	4.347824	15.04	0.53191376
340	SPY	Oct 13, 2017	254.95	Jul 17, 2017	244.32	4.3508377	254.37	0.22801208	*P*
341	FITHX	Oct 13, 2017	14.87	Jul 17, 2017	14.25	4.350876	14.8	0.47297668	*BT*
342	FIOFX	Oct 13, 2017	18.68	Jul 17, 2017	17.9	4.357544	18.58	0.53821564
343	FSRFX	Oct 13, 2017	101.02	Jul 17, 2017	96.8	4.359497	100.92	0.099090576
344	FIHFX	Oct 13, 2017	18.42	Jul 17, 2017	17.65	4.36261	18.31	0.60076904
345	VOO	Oct 13, 2017	234.14	Jul 17, 2017	224.35	4.363716	233.68	0.19685364	*P*
346	NAESX	Oct 13, 2017	68.38	Jul 17, 2017	65.52	4.365074	68.51	-0.18976593
347	IVV	Oct 13, 2017	256.63	Jul 17, 2017	245.89	4.3678055	256.11	0.2030487
348	FSUTX	Oct 13, 2017	84.31	Jul 17, 2017	80.78	4.3698883	83.69	0.74082947
349	FHFIX	Oct 13, 2017	13.36	Jul 17, 2017	12.8	4.3749924	13.3	0.4511261	*BT*
350	FBIFX	Oct 13, 2017	18.55	Jul 17, 2017	17.77	4.3894196	18.45	0.5419998
351	FIPFX	Oct 13, 2017	18.77	Jul 17, 2017	17.98	4.3937836	18.67	0.53562164
352	VB	Oct 13, 2017	142.77	Jul 17, 2017	136.76	4.3945694	143.06	-0.20271301
353	FIFFX	Oct 13, 2017	15.91	Jul 17, 2017	15.24	4.396332	15.83	0.50536346	*BT*
354	FFFIX	Oct 13, 2017	12.32	Jul 17, 2017	11.8	4.4067764	12.26	0.4893875	*BT*
355	FFFHX	Oct 13, 2017	12.07	Jul 17, 2017	11.56	4.4117584	12.01	0.49958038
356	VTSMX	Oct 13, 2017	63.89	Jul 17, 2017	61.19	4.412483	63.83	0.09399414
357	FSTMX	Oct 13, 2017	74.18	Jul 17, 2017	71.04	4.420044	74.12	0.08094025
358	EEH	Oct 13, 2017	18.66	Jul 17, 2017	17.87	4.4208145	18.66	0.0
359	FDKQX	Oct 13, 2017	11.81	Jul 17, 2017	11.31	4.420868	11.75	0.510643	*BT*
360	FFFFX	Oct 13, 2017	10.62	Jul 17, 2017	10.17	4.424774	10.56	0.56817627
361	VTSAX	Oct 13, 2017	63.91	Jul 17, 2017	61.2	4.4281006	63.85	0.09397125
362	FFSMX	Oct 13, 2017	74.21	Jul 17, 2017	71.06	4.432884	74.15	0.08091736
363	FSTVX	Oct 13, 2017	74.2	Jul 17, 2017	71.05	4.433487	74.14	0.08091736
364	FFFGX	Oct 13, 2017	12.01	Jul 17, 2017	11.5	4.4347916	11.94	0.5862732
365	PRPFX	Oct 13, 2017	41.43	Jul 17, 2017	39.66	4.4629364	40.95	1.1721649
366	JPI	Oct 13, 2017	25.49	Jul 17, 2017	24.4	4.4672165	25.06	1.715889
367	FVSAX	Oct 13, 2017	19.86	Jul 17, 2017	19.01	4.4713364	19.9	-0.2009964
368	VTI	Oct 13, 2017	131.36	Jul 17, 2017	125.69	4.511093	131.19	0.12957764
369	FLCEX	Oct 13, 2017	14.24	Jul 17, 2017	13.62	4.552124	14.26	-0.14025879
370	QQQ	Oct 13, 2017	148.34	Jul 17, 2017	141.88	4.5531387	147.66	0.46051788
371	VUG	Oct 13, 2017	135.17	Jul 17, 2017	129.26	4.5721893	134.44	0.542984
372	VIS	Oct 13, 2017	135.98	Jul 17, 2017	130.01	4.591957	136.04	-0.0440979
373	FOHIX	Oct 13, 2017	16.8	Jul 17, 2017	16.06	4.607727	16.78	0.1191864
374	FAMRX	Oct 13, 2017	19.48	Jul 17, 2017	18.62	4.618683	19.36	0.6198273
375	FSHOX	Oct 13, 2017	65.91	Jul 17, 2017	63.0	4.619049	65.89	0.03036499
376	FLPSX	Oct 13, 2017	52.15	Jul 17, 2017	49.81	4.6978455	52.17	-0.038330078
377	DGRO	Oct 13, 2017	32.93	Jul 17, 2017	31.45	4.705879	32.81	0.36573792
378	FLPKX	Oct 13, 2017	52.11	Jul 17, 2017	49.75	4.743721	52.13	-0.038368225
379	FSGFX	Oct 13, 2017	18.38	Jul 17, 2017	17.54	4.7890396	18.34	0.21809387
380	FIGFX	Oct 13, 2017	13.48	Jul 17, 2017	12.86	4.821144	13.25	1.7358398
381	VEXMX	Oct 13, 2017	82.18	Jul 17, 2017	78.4	4.821434	82.41	-0.2790985
382	FNCMX	Oct 13, 2017	87.27	Jul 17, 2017	83.25	4.8288193	87.06	0.24121094	*P*
383	VEIPX	Oct 13, 2017	36.17	Jul 17, 2017	34.5	4.840576	35.99	0.5001297
384	PRMTX	Oct 13, 2017	96.06	Jul 17, 2017	91.62	4.8461	95.99	0.07292175
385	ONEQ	Oct 13, 2017	259.65	Jul 17, 2017	247.64	4.849777	258.94	0.2741928
386	VEXAX	Oct 13, 2017	82.14	Jul 17, 2017	78.34	4.850647	82.37	-0.2792282	*P*
387	FIDSX	Oct 13, 2017	108.93	Jul 17, 2017	103.88	4.8613815	109.89	-0.8736038
388	FSEMX	Oct 13, 2017	62.51	Jul 17, 2017	59.61	4.864952	62.69	-0.28712463
389	ICENX	Oct 13, 2017	12.28	Jul 17, 2017	11.71	4.8676376	12.37	-0.7275696
390	VOOG	Oct 13, 2017	131.16	Jul 17, 2017	125.07	4.8692856	130.39	0.590538
391	PEQKX	Oct 13, 2017	35.93	Jul 17, 2017	34.26	4.874489	35.7	0.6442566	*BT*
392	FSEVX	Oct 13, 2017	62.52	Jul 17, 2017	59.61	4.881729	62.7	-0.28707886
393	BRSVX	Oct 13, 2017	26.41	Jul 17, 2017	25.17	4.926506	26.46	-0.18895721
394	DIAX	Oct 13, 2017	17.19	Jul 17, 2017	16.38	4.9450607	17.08	0.6440277
395	FSIIX	Oct 13, 2017	43.19	Jul 17, 2017	41.15	4.9574585	42.54	1.5279617
396	FSIVX	Oct 13, 2017	43.21	Jul 17, 2017	41.16	4.9805603	42.56	1.5272522	*P*
397	MLAIX	Oct 13, 2017	10.93	Jul 17, 2017	10.41	4.995201	10.86	0.644577	*BT**P*
398	FSCOX	Oct 13, 2017	18.66	Jul 17, 2017	17.77	5.008438	18.38	1.5233994
399	PCRIX	Oct 13, 2017	6.7	Jul 17, 2017	6.38	5.015671	6.53	2.603363	*BT*
400	FILFX	Oct 13, 2017	11.49	Jul 17, 2017	10.94	5.0274277	11.34	1.3227463
401	VPU	Oct 13, 2017	119.31	Jul 17, 2017	113.59	5.035652	117.71	1.3592682
402	FCYIX	Oct 13, 2017	35.67	Jul 17, 2017	33.95	5.0662613	35.64	0.08417511
403	FDSSX	Oct 13, 2017	43.7	Jul 17, 2017	41.59	5.0733337	43.67	0.0687027
404	FSENX	Oct 13, 2017	41.05	Jul 17, 2017	39.06	5.094719	41.04	0.024368286
405	EFA	Oct 13, 2017	69.57	Jul 17, 2017	66.19	5.1065063	68.43	1.6659393
406	FSSKX	Oct 13, 2017	43.74	Jul 17, 2017	41.61	5.118965	43.7	0.091537476
407	FNARX	Oct 13, 2017	27.65	Jul 17, 2017	26.3	5.1330795	27.68	-0.10838318
408	FIGSX	Oct 13, 2017	16.25	Jul 17, 2017	15.45	5.1780014	15.96	1.8170471
409	PYVLX	Oct 13, 2017	16.65	Jul 17, 2017	15.83	5.1800385	16.59	0.3616562
410	FIDU	Oct 13, 2017	36.94	Jul 17, 2017	35.12	5.182228	36.97	-0.08115387
411	EEMV	Oct 13, 2017	59.76	Jul 17, 2017	56.81	5.1927414	58.61	1.9621124
412	ANDVX	Oct 13, 2017	18.23	Jul 17, 2017	17.33	5.193306	18.21	0.109825134	*BT*
413	VHDYX	Oct 13, 2017	32.61	Jul 17, 2017	31.0	5.1935577	32.47	0.4311676
414	FENY	Oct 13, 2017	18.82	Jul 17, 2017	17.89	5.198433	18.8	0.10638428
415	FNCL	Oct 13, 2017	38.34	Jul 17, 2017	36.44	5.214058	38.67	-0.85337067
416	VFH	Oct 13, 2017	65.94	Jul 17, 2017	62.67	5.2178116	66.48	-0.8122711
417	FSTSX	Oct 13, 2017	18.14	Jul 17, 2017	17.24	5.220413	17.84	1.6816101
418	GWX	Oct 13, 2017	35.44	Jul 17, 2017	33.68	5.225647	34.92	1.4891129
419	FLGEX	Oct 13, 2017	18.29	Jul 17, 2017	17.38	5.2359085	18.24	0.27413177
420	FSCDX	Oct 13, 2017	28.77	Jul 17, 2017	27.33	5.2689285	28.81	-0.13883972
421	VT	Oct 13, 2017	71.99	Jul 17, 2017	68.38	5.2793274	71.34	0.9111252
422	SCHF	Oct 13, 2017	34.03	Jul 17, 2017	32.32	5.29084	33.46	1.7035217
423	CXXRX	Oct 13, 2017	26.03	Jul 17, 2017	24.72	5.2993546	26.22	-0.72463226	*BT*
424	FDIVX	Oct 13, 2017	41.47	Jul 17, 2017	39.38	5.3072586	40.75	1.7668762
425	NOSGX	Oct 13, 2017	25.56	Jul 17, 2017	24.27	5.315193	25.58	-0.078186035
426	FZANX	Oct 13, 2017	32.86	Jul 17, 2017	31.2	5.320511	32.69	0.5200348	*BT*
427	PRGFX	Oct 13, 2017	68.64	Jul 17, 2017	65.17	5.324539	68.47	0.24827576
428	FDIKX	Oct 13, 2017	41.42	Jul 17, 2017	39.32	5.34079	40.7	1.7690277
429	VTMGX	Oct 13, 2017	14.16	Jul 17, 2017	13.44	5.357147	13.93	1.6511078
430	FMILX	Oct 13, 2017	41.38	Jul 17, 2017	39.27	5.373062	41.18	0.485672
431	VDE	Oct 13, 2017	92.93	Jul 17, 2017	88.19	5.374756	92.8	0.14008331
432	SEQUX	Oct 13, 2017	186.16	Jul 17, 2017	176.66	5.3775635	185.98	0.0967865
433	IWM	Oct 13, 2017	149.37	Jul 17, 2017	141.72	5.3979645	150.05	-0.45318604
434	ANWPX	Oct 13, 2017	44.64	Jul 17, 2017	42.35	5.407318	44.05	1.339386
435	IJR	Oct 13, 2017	74.59	Jul 17, 2017	70.69	5.517044	75.1	-0.67910004
436	GLD	Oct 13, 2017	123.82	Jul 17, 2017	117.29	5.567398	121.09	2.2545242
437	QQQX	Oct 13, 2017	23.0	Jul 17, 2017	21.78	5.6014633	22.61	1.7248993
438	XLF	Oct 13, 2017	26.13	Jul 17, 2017	24.74	5.618431	26.35	-0.83491516
439	FTRNX	Oct 13, 2017	102.78	Jul 17, 2017	97.31	5.621208	102.07	0.6955948
440	JATTX	Oct 13, 2017	28.73	Jul 17, 2017	27.2	5.625	28.91	-0.62262726
441	SLYV	Oct 13, 2017	126.85	Jul 17, 2017	120.08	5.637909	127.83	-0.76664734
442	IJS	Oct 13, 2017	149.02	Jul 17, 2017	141.06	5.6429977	150.1	-0.71952057
443	FUSIX	Oct 13, 2017	10.65	Jul 17, 2017	10.08	5.6547623	10.46	1.8164368
444	FDFFX	Oct 13, 2017	40.47	Jul 17, 2017	38.3	5.665802	40.42	0.123703
445	XLE	Oct 13, 2017	68.14	Jul 17, 2017	64.47	5.692566	68.07	0.10282898
446	FFIDX	Oct 13, 2017	44.13	Jul 17, 2017	41.75	5.7005997	43.97	0.36388397
447	FSGDX	Oct 13, 2017	13.51	Jul 17, 2017	12.78	5.712059	13.29	1.6553879	*BT*
448	VGTSX	Oct 13, 2017	17.92	Jul 17, 2017	16.95	5.7227173	17.63	1.6449356
449	VHCOX	Oct 13, 2017	67.41	Jul 17, 2017	63.76	5.724594	66.84	0.85279846
450	IAU	Oct 13, 2017	12.54	Jul 17, 2017	11.86	5.7335587	12.24	2.4509811
451	FBGRX	Oct 13, 2017	85.78	Jul 17, 2017	81.12	5.7445755	85.22	0.65711975
452	VTIAX	Oct 13, 2017	29.98	Jul 17, 2017	28.35	5.7495575	29.49	1.6615753	*P*
453	FSGEX	Oct 13, 2017	13.24	Jul 17, 2017	12.52	5.750786	13.03	1.6116638
454	FFDKX	Oct 13, 2017	44.12	Jul 17, 2017	41.72	5.752632	43.96	0.3639679
455	GSSUX	Oct 13, 2017	65.35	Jul 17, 2017	61.79	5.761444	65.45	-0.15278625
456	FCNTX	Oct 13, 2017	123.99	Jul 17, 2017	117.22	5.775467	123.41	0.4699707	*P*
457	FDSCX	Oct 13, 2017	28.52	Jul 17, 2017	26.96	5.7863617	28.53	-0.035057068
458	FCNKX	Oct 13, 2017	123.98	Jul 17, 2017	117.19	5.794014	123.4	0.47001648	*P*
459	NBB	Oct 13, 2017	21.91	Jul 17, 2017	20.71	5.7943115	21.29	2.9121628
460	FSOPX	Oct 13, 2017	14.16	Jul 17, 2017	13.38	5.8295975	14.16	0.0
461	FSCSX	Oct 13, 2017	164.29	Jul 17, 2017	155.24	5.8296814	162.3	1.2261124	*P*
462	FJPNX	Oct 13, 2017	14.7	Jul 17, 2017	13.89	5.8315277	14.32	2.653633
463	FTIEX	Oct 13, 2017	9.42	Jul 17, 2017	8.9	5.842697	9.28	1.5086288
464	RZV	Oct 13, 2017	69.83	Jul 17, 2017	65.95	5.883255	70.81	-1.3839798
465	VEU	Oct 13, 2017	53.84	Jul 17, 2017	50.84	5.9008636	52.9	1.7769318
466	XTN	Oct 13, 2017	60.46	Jul 17, 2017	57.09	5.902954	60.38	0.13249207	*P*
467	HDOGX	Oct 13, 2017	14.71	Jul 17, 2017	13.89	5.903534	14.67	0.27266693
468	FIREX	Oct 13, 2017	11.28	Jul 17, 2017	10.65	5.915497	11.08	1.8050537
469	FOCPX	Oct 13, 2017	106.37	Jul 17, 2017	100.38	5.967331	105.84	0.50076294
470	XLB	Oct 13, 2017	58.35	Jul 17, 2017	55.06	5.975296	57.9	0.7771988	*P*
471	FMAGX	Oct 13, 2017	103.84	Jul 17, 2017	97.97	5.991623	103.69	0.14466095
472	FMGKX	Oct 13, 2017	103.73	Jul 17, 2017	97.85	6.009201	103.58	0.14481354
473	RYTRX	Oct 13, 2017	14.98	Jul 17, 2017	14.13	6.015564	14.94	0.2677307	*BT*
474	SSSFX	Oct 13, 2017	25.83	Jul 17, 2017	24.36	6.034485	25.97	-0.5390854
475	JIGFX	Oct 13, 2017	32.76	Jul 17, 2017	30.89	6.053734	32.45	0.955307
476	VTRIX	Oct 13, 2017	39.23	Jul 17, 2017	36.98	6.0843735	38.68	1.4219131
477	VAW	Oct 13, 2017	132.23	Jul 17, 2017	124.63	6.0980453	131.28	0.7236328
478	FXZ	Oct 13, 2017	41.57	Jul 17, 2017	39.18	6.1000443	41.16	0.996109
479	VXUS	Oct 13, 2017	55.99	Jul 17, 2017	52.74	6.1623077	54.95	1.8926239
480	CGMFX	Oct 13, 2017	51.84	Jul 17, 2017	48.83	6.164238	52.6	-1.4448624
481	PRNHX	Oct 13, 2017	54.93	Jul 17, 2017	51.74	6.1654434	54.9	0.054641724
482	RTM	Oct 13, 2017	106.51	Jul 17, 2017	100.32	6.1702576	105.46	0.995636
483	FOSFX	Oct 13, 2017	50.47	Jul 17, 2017	47.53	6.18557	49.58	1.7950745
484	SCHD	Oct 13, 2017	48.01	Jul 17, 2017	45.21	6.1933136	47.4	1.286911
485	FOSKX	Oct 13, 2017	50.39	Jul 17, 2017	47.45	6.195999	49.5	1.7979736
486	FIENX	Oct 13, 2017	10.11	Jul 17, 2017	9.52	6.197464	9.96	1.5060196
487	PSCE	Oct 13, 2017	14.22	Jul 17, 2017	13.39	6.198654	14.38	-1.1126556	*P*
488	FDCAX	Oct 13, 2017	37.68	Jul 17, 2017	35.48	6.2006836	37.63	0.13287354
489	OAKIX	Oct 13, 2017	29.1	Jul 17, 2017	27.38	6.2819595	28.84	0.90153503
490	FWWFX	Oct 13, 2017	27.23	Jul 17, 2017	25.62	6.284157	26.88	1.3020859
491	DIA	Oct 13, 2017	228.73	Jul 17, 2017	215.02	6.3761444	227.55	0.5185623	*P*
492	FDSVX	Oct 13, 2017	32.48	Jul 17, 2017	30.53	6.3871613	32.32	0.49505615
493	FGCKX	Oct 13, 2017	179.1	Jul 17, 2017	168.34	6.391838	177.74	0.76516724
494	FSCGX	Oct 13, 2017	43.04	Jul 17, 2017	40.45	6.4029694	43.04	0.0
495	DRA	Sep 28, 2017	18.1	Jun 30, 2017	17.01	6.407997	18.1	0.0
496	MOO	Oct 13, 2017	59.92	Jul 17, 2017	56.31	6.4109344	59.05	1.4733276
497	FGDKX	Oct 13, 2017	32.5	Jul 17, 2017	30.54	6.4178085	32.34	0.49474335
498	PENNX	Oct 13, 2017	12.48	Jul 17, 2017	11.72	6.484642	12.45	0.24095917
499	JASCX	Oct 13, 2017	36.97	Jul 17, 2017	34.71	6.511101	36.86	0.2984314
500	FISMX	Oct 13, 2017	29.84	Jul 17, 2017	28.0	6.5714264	29.39	1.5311356
501	VNQI	Oct 13, 2017	60.51	Jul 17, 2017	56.74	6.644333	59.62	1.4927826	*P*
502	FSVLX	Oct 13, 2017	15.28	Jul 17, 2017	14.32	6.703911	15.26	0.13105774
503	PCBIX	Oct 13, 2017	27.35	Jul 17, 2017	25.63	6.710884	27.3	0.18315125	*BT**P*
504	PKB	Oct 13, 2017	31.93	Jul 17, 2017	29.92	6.7179184	31.94	-0.031311035
505	FSAIX	Oct 13, 2017	87.36	Jul 17, 2017	81.82	6.770958	86.6	0.877594	*P*
506	FIVFX	Oct 13, 2017	21.07	Jul 17, 2017	19.73	6.791687	20.67	1.935173
507	IBB	Oct 13, 2017	336.38	Jul 17, 2017	314.97	6.79747	340.48	-1.2041855
508	FTQGX	Oct 13, 2017	22.86	Jul 17, 2017	21.4	6.8224335	22.62	1.0610123
509	FSLBX	Oct 13, 2017	80.75	Jul 17, 2017	75.59	6.826309	80.36	0.48531342	*P*
510	RERGX	Oct 13, 2017	56.95	Jul 17, 2017	53.3	6.8480377	55.86	1.9513092
511	VGT	Oct 13, 2017	156.53	Jul 17, 2017	146.46	6.8755875	154.63	1.2287369
512	EES	Oct 13, 2017	35.3	Jul 17, 2017	33.02	6.9048996	35.51	-0.59137726
513	FTEC	Oct 13, 2017	47.53	Jul 17, 2017	44.44	6.9531937	46.92	1.300087
514	PYZ	Oct 13, 2017	67.73	Jul 17, 2017	63.32	6.9646378	67.02	1.0594025
515	FICDX	Oct 13, 2017	55.15	Jul 17, 2017	51.5	7.087387	54.51	1.1741028
516	FIGRX	Oct 13, 2017	47.05	Jul 17, 2017	43.92	7.1265945	46.2	1.8398285
517	EWJ	Oct 13, 2017	57.38	Jul 17, 2017	53.56	7.132187	55.99	2.482582
518	FSAGX	Oct 13, 2017	21.55	Jul 17, 2017	20.11	7.1606064	21.33	1.0314102	*P*
519	FIDKX	Oct 13, 2017	46.97	Jul 17, 2017	43.83	7.1640396	46.12	1.8430252
520	FSDPX	Oct 13, 2017	91.66	Jul 17, 2017	85.53	7.167076	91.0	0.72528076
521	FZAIX	Oct 13, 2017	46.94	Jul 17, 2017	43.8	7.1689453	46.09	1.8442154	*BT*
522	VSS	Oct 13, 2017	117.34	Jul 17, 2017	109.49	7.1696014	115.06	1.9815674
523	CSCO	Oct 13, 2017	33.47	Jul 17, 2017	31.23	7.1726	33.75	-0.829628
524	JMIEX	Oct 13, 2017	28.81	Jul 17, 2017	26.86	7.259857	28.45	1.2653732	*BT*
525	CGMRX	Oct 13, 2017	35.59	Jul 17, 2017	33.17	7.2957535	35.39	0.56513214
526	PSCM	Oct 13, 2017	51.05	Jul 17, 2017	47.56	7.3380966	50.48	1.1291656
527	FSAMX	Oct 13, 2017	11.21	Jul 17, 2017	10.44	7.3754807	11.05	1.4479675
528	FBIOX	Oct 13, 2017	231.35	Jul 17, 2017	215.38	7.4148026	235.42	-1.7288208	*P*
529	RSXJ	Oct 13, 2017	43.39	Jul 17, 2017	40.37	7.480797	42.16	2.9174576
530	MVALX	Oct 13, 2017	43.41	Jul 17, 2017	40.38	7.5037155	43.44	-0.06906128
531	XT	Oct 13, 2017	35.0	Jul 17, 2017	32.54	7.5599213	34.73	0.77742004
532	DBC	Oct 13, 2017	15.58	Jul 17, 2017	14.48	7.5966797	15.23	2.2980957
533	FEMEX	Oct 13, 2017	9.76	Jul 17, 2017	9.07	7.607506	9.42	3.6093445
534	USAGX	Oct 13, 2017	13.55	Jul 17, 2017	12.59	7.625107	13.37	1.3462982
535	PRGTX	Oct 13, 2017	18.96	Jul 17, 2017	17.59	7.788513	18.81	0.7974472
536	EEM	Oct 13, 2017	46.66	Jul 17, 2017	43.22	7.9592743	45.63	2.257286
537	VWO	Oct 13, 2017	45.18	Jul 17, 2017	41.81	8.060265	44.37	1.8255615
538	FSEAX	Oct 13, 2017	43.15	Jul 17, 2017	39.85	8.281067	41.99	2.7625656	*P*
539	ITB	Oct 13, 2017	37.42	Jul 17, 2017	34.55	8.306801	37.39	0.08023071
540	FEMSX	Oct 13, 2017	21.37	Jul 17, 2017	19.72	8.367142	21.02	1.6650772
541	FSELX	Oct 13, 2017	115.18	Jul 17, 2017	106.19	8.465958	114.25	0.8140106
542	FEMFX	Sep 06, 2017	20.73	Jun 07, 2017	19.09	8.590874	20.73	0.0
543	FBSOX	Oct 13, 2017	53.04	Jul 17, 2017	48.73	8.844666	52.21	1.5897369
544	FJSCX	Oct 13, 2017	18.62	Jul 17, 2017	17.09	8.952606	18.18	2.42025
545	FCPGX	Oct 13, 2017	24.46	Jul 17, 2017	22.45	8.953224	24.44	0.08182526	*P*
546	FFGCX	Oct 13, 2017	12.7	Jul 17, 2017	11.64	9.106529	12.53	1.3567429
547	FEMKX	Oct 13, 2017	31.51	Jul 17, 2017	28.86	9.182266	30.88	2.0401611	*P*
548	FBT	Oct 13, 2017	125.74	Jul 17, 2017	115.13	9.215668	126.38	-0.5064087
549	FPBFX	Oct 13, 2017	35.06	Jul 17, 2017	32.09	9.2552185	33.95	3.269516	*P*
550	FATIX	Oct 13, 2017	60.42	Jul 17, 2017	55.17	9.516037	59.75	1.1213303	*BT**P*
551	FSCHX	Oct 13, 2017	181.95	Jul 17, 2017	166.08	9.555641	180.94	0.558197
552	FSPTX	Oct 13, 2017	183.99	Jul 17, 2017	167.67	9.733414	181.8	1.2046204
553	USO	Oct 13, 2017	10.37	Jul 17, 2017	9.45	9.735451	9.97	4.012039
554	XBI	Oct 13, 2017	86.66	Jul 17, 2017	78.28	10.70517	88.32	-1.8795242
555	FXI	Oct 13, 2017	46.23	Jul 17, 2017	41.72	10.810158	45.82	0.8948059
556	ASHR	Oct 13, 2017	30.39	Jul 17, 2017	27.35	11.115173	29.96	1.4352417
557	FHKCX	Oct 13, 2017	34.42	Jul 17, 2017	30.96	11.175705	33.81	1.804184	*P*
558	OIL	Oct 13, 2017	5.35	Jul 17, 2017	4.77	12.159325	5.08	5.3149567	*P*
559	FSDAX	Oct 13, 2017	165.31	Jul 17, 2017	146.94	12.501694	164.94	0.22431946
560	RSX	Oct 13, 2017	22.56	Jul 17, 2017	20.05	12.518707	22.13	1.9430618
561	ROBO	Oct 13, 2017	39.77	Jul 17, 2017	35.29	12.694809	38.95	2.1052628
562	THD	Oct 13, 2017	88.92	Jul 17, 2017	78.65	13.057854	86.59	2.6908417
563	FLATX	Oct 13, 2017	26.49	Jul 17, 2017	23.38	13.301971	26.48	0.037765503	*P*
564	FSAVX	Oct 13, 2017	39.8	Jul 17, 2017	35.11	13.358009	39.8	0.0
565	ERUS	Oct 13, 2017	34.28	Jul 17, 2017	30.11	13.849213	33.56	2.145401
566	HAO	Oct 13, 2017	30.62	Jul 17, 2017	26.7	14.681648	30.51	0.36053467
567	UGA	Oct 13, 2017	28.84	Jul 17, 2017	24.94	15.637527	27.72	4.0404053
568	EWZ	Oct 13, 2017	43.34	Jul 17, 2017	36.78	17.835785	42.62	1.689354
569	EPU	Oct 13, 2017	41.27	Jul 17, 2017	34.87	18.35389	40.81	1.1271744
570	BOTZ	Oct 13, 2017	22.79	Jul 17, 2017	19.2	18.697914	21.95	3.8268814	*P*