1	CHAD	Nov 10, 2017	31.26	Aug 14, 2017	35.42	-11.744774	32.25	-3.0697632
2	FSTCX	Nov 10, 2017	63.51	Aug 14, 2017	69.95	-9.2065735	0.0	Infinity
3	PHK	Nov 10, 2017	7.66	Aug 14, 2017	8.24	-7.0388336	7.75	-1.161293
4	RYURX	Nov 10, 2017	63.87	Aug 14, 2017	67.04	-4.7285233	63.76	0.17251587
5	PTM	Nov 10, 2017	9.77	Aug 14, 2017	10.22	-4.4031296	9.7	0.7216568
6	FBMPX	Nov 10, 2017	80.28	Aug 14, 2017	83.8	-4.200485	78.14	2.738678
7	FDFAX	Nov 10, 2017	93.95	Aug 14, 2017	97.52	-3.6607895	92.67	1.3812408
8	AMLP	Nov 10, 2017	10.56	Aug 14, 2017	10.87	-2.851883	10.57	-0.09459686
9	JQC	Nov 10, 2017	8.2	Aug 14, 2017	8.41	-2.4970322	8.25	-0.60606384
10	FSAGX	Nov 10, 2017	20.01	Aug 14, 2017	20.52	-2.485382	19.91	0.50226593
11	MERKX	Nov 10, 2017	9.85	Aug 14, 2017	10.06	-2.087471	9.8	0.5102005
12	BULIX	Nov 10, 2017	18.15	Aug 14, 2017	18.53	-2.0507355	18.24	-0.49341583
13	USAGX	Nov 10, 2017	12.59	Aug 14, 2017	12.83	-1.8706131	12.58	0.07949066
14	EMLC	Nov 10, 2017	18.45	Aug 14, 2017	18.8	-1.8616943	18.38	0.38085938
15	FPHAX	Nov 10, 2017	18.28	Aug 14, 2017	18.59	-1.6675568	18.57	-1.5616531
16	GVPIX	Nov 10, 2017	54.16	Aug 14, 2017	54.98	-1.4914551	55.12	-1.7416534
17	GABUX	Nov 10, 2017	9.41	Aug 14, 2017	9.55	-1.4659729	9.43	-0.21208954
18	RYGBX	Nov 10, 2017	52.39	Aug 14, 2017	53.13	-1.3928146	53.32	-1.7441864
19	XMPT	Nov 10, 2017	26.65	Aug 14, 2017	27.0	-1.2963028	0.0	Infinity
20	FSOFX	Sep 06, 2017	14.15	Jun 07, 2017	14.3	-1.0489502	14.15	0.0
21	PFBDX	Nov 10, 2017	9.92	Aug 14, 2017	10.02	-0.9980087	9.89	0.30332947
22	FLBAX	Nov 10, 2017	13.01	Aug 14, 2017	13.14	-0.98934937	0.0	Infinity
23	NKX	Nov 10, 2017	15.6	Aug 14, 2017	15.74	-0.8894501	0.0	Infinity	*P*
24	FIUIX	Nov 10, 2017	26.64	Aug 14, 2017	26.87	-0.8559799	26.78	-0.5227814
25	FIBAX	Nov 10, 2017	10.7	Aug 14, 2017	10.79	-0.83410645	10.75	-0.4651184
26	IEI	Nov 10, 2017	122.83	Aug 14, 2017	123.85	-0.8235779	0.0	Infinity
27	PRULX	Nov 10, 2017	12.54	Aug 14, 2017	12.64	-0.7911453	12.7	-1.2598419
28	FLBIX	Nov 10, 2017	13.01	Aug 14, 2017	13.11	-0.7627716	13.18	-1.2898331
29	VUSTX	Nov 10, 2017	12.15	Aug 14, 2017	12.24	-0.73529816	12.3	-1.2195206
30	VFITX	Nov 10, 2017	11.12	Aug 14, 2017	11.2	-0.7142868	11.16	-0.35842133
31	PRFSX	Nov 10, 2017	5.59	Aug 14, 2017	5.63	-0.71047974	0.0	Infinity
32	PRTIX	Nov 10, 2017	5.73	Aug 14, 2017	5.77	-0.6932373	5.75	-0.3478241
33	GLD	Nov 10, 2017	121.13	Aug 14, 2017	121.92	-0.6479645	120.62	0.42281342
34	BCLTX	Oct 20, 2017	11.5	Jul 24, 2017	11.57	-0.605011	11.69	-1.6253204
35	FGOVX	Nov 10, 2017	10.21	Aug 14, 2017	10.27	-0.58423615	0.0	Infinity
36	WIP	Nov 10, 2017	56.48	Aug 14, 2017	56.77	-0.51083374	56.0	0.8571396
37	IAU	Nov 10, 2017	12.26	Aug 14, 2017	12.32	-0.48700714	12.21	0.40950775
38	FSTGX	Nov 10, 2017	10.45	Aug 14, 2017	10.5	-0.4761963	10.47	-0.19102478
39	FKVFX	Sep 13, 2017	13.85	Jun 14, 2017	13.91	-0.43134308	13.83	0.14461517
40	BMBSX	Nov 10, 2017	11.89	Aug 14, 2017	11.94	-0.41875458	11.9	-0.08402252
41	FFXSX	Nov 10, 2017	9.91	Aug 14, 2017	9.95	-0.40200806	9.92	-0.10080719
42	BND	Nov 10, 2017	81.42	Aug 14, 2017	81.74	-0.3914795	81.8	-0.46455383
43	FVIIX	Nov 10, 2017	10.23	Aug 14, 2017	10.27	-0.38949585	10.27	-0.38949585	*BT*
44	FSBAX	Nov 10, 2017	10.36	Aug 14, 2017	10.4	-0.38461304	10.37	-0.09643555
45	FFKCX	Sep 13, 2017	13.15	Jun 14, 2017	13.2	-0.37878418	13.13	0.15231323
46	FCSTX	Nov 10, 2017	10.63	Aug 14, 2017	10.67	-0.37488556	10.64	-0.09398651
47	VMLTX	Nov 10, 2017	10.95	Aug 14, 2017	10.99	-0.3639679	10.97	-0.18231964
48	VBIIX	Nov 10, 2017	11.38	Aug 14, 2017	11.42	-0.35025787	11.45	-0.611351
49	FNMIX	Nov 10, 2017	16.12	Aug 14, 2017	16.17	-0.30921173	0.0	Infinity
50	BTTTX	Nov 10, 2017	104.06	Aug 14, 2017	104.37	-0.2970276	104.1	-0.03842926
51	BSV	Nov 10, 2017	79.45	Aug 14, 2017	79.68	-0.28865814	79.53	-0.10059357	*P*
52	NAD	Nov 10, 2017	14.02	Aug 14, 2017	14.06	-0.2844925	13.96	0.4297943
53	SHY	Nov 10, 2017	84.14	Aug 14, 2017	84.37	-0.27261353	84.18	-0.04751587
54	VBILX	Nov 10, 2017	11.38	Aug 14, 2017	11.41	-0.2629242	11.45	-0.611351
55	FSTFX	Nov 10, 2017	10.57	Aug 14, 2017	10.59	-0.18886566	10.58	-0.09452057
56	VSGBX	Nov 10, 2017	10.65	Aug 14, 2017	10.67	-0.1874466	10.67	-0.1874466
57	NCITX	Nov 10, 2017	10.69	Aug 14, 2017	10.71	-0.18674469	10.7	-0.09346008
58	FTHRX	Nov 10, 2017	10.84	Aug 14, 2017	10.86	-0.18415833	10.87	-0.27598572
59	TGFNX	Nov 10, 2017	10.94	Aug 14, 2017	10.96	-0.18248749	10.98	-0.36429596
60	PGNDX	Nov 10, 2017	11.07	Aug 14, 2017	11.09	-0.18034363	11.11	-0.36003876
61	FSITX	Nov 10, 2017	11.56	Aug 14, 2017	11.58	-0.1727066	11.63	-0.60189056
62	FBIDX	Nov 10, 2017	11.57	Aug 14, 2017	11.59	-0.17256927	11.63	-0.5159073
63	TGMNX	Nov 10, 2017	10.28	Aug 14, 2017	10.29	-0.09718323	10.31	-0.2909851
64	FMSFX	Nov 10, 2017	11.23	Aug 14, 2017	11.24	-0.088974	11.27	-0.3549347
65	FFIPX	Sep 06, 2017	9.93	Jun 07, 2017	9.93	0.0	9.93	0.0
66	NOAZX	Nov 10, 2017	10.67	Aug 14, 2017	10.66	0.093803406	10.67	0.0
67	FTBFX	Nov 10, 2017	10.64	Aug 14, 2017	10.63	0.094078064	10.69	-0.46772003
68	VFIIX	Nov 10, 2017	10.49	Aug 14, 2017	10.48	0.09542847	10.53	-0.37986755
69	LQD	Nov 10, 2017	119.89	Aug 14, 2017	119.77	0.10019684	121.13	-1.0236893
70	FSIPX	Nov 10, 2017	9.91	Aug 14, 2017	9.9	0.10102081	9.92	-0.10080719
71	PLMDX	Nov 10, 2017	9.22	Aug 14, 2017	9.21	0.10857391	9.21	0.10857391
72	FBNDX	Nov 10, 2017	7.91	Aug 14, 2017	7.9	0.12657928	7.94	-0.3778305
73	FSAZX	Nov 10, 2017	12.09	Aug 14, 2017	12.07	0.16570282	0.0	Infinity
74	BCITX	Nov 10, 2017	11.93	Aug 14, 2017	11.91	0.1679306	11.93	0.0
75	FIPAX	Nov 10, 2017	11.88	Aug 14, 2017	11.86	0.1686325	11.9	-0.1680603
76	VCAIX	Nov 10, 2017	11.82	Aug 14, 2017	11.8	0.16949463	11.82	0.0
77	SWNTX	Nov 10, 2017	11.74	Aug 14, 2017	11.72	0.17064667	11.74	0.0
78	CDSIX	Nov 10, 2017	16.18	Aug 14, 2017	16.15	0.1857605	16.2	-0.12345886	*BT*
79	FPCIX	Nov 10, 2017	10.65	Aug 14, 2017	10.63	0.1881485	10.66	-0.093811035
80	FSHFX	Sep 06, 2017	9.66	Jun 07, 2017	9.64	0.2074585	9.66	0.0
81	FFKVX	Sep 13, 2017	13.25	Jun 14, 2017	13.22	0.22692871	13.23	0.15116882
82	FINPX	Nov 10, 2017	12.03	Aug 14, 2017	12.0	0.24999237	12.06	-0.24875641
83	USNYX	Nov 10, 2017	11.95	Aug 14, 2017	11.92	0.25167847	11.95	0.0
84	KYTFX	Nov 10, 2017	7.76	Aug 14, 2017	7.74	0.25839996	7.76	0.0
85	FCBFX	Nov 10, 2017	11.58	Aug 14, 2017	11.55	0.2597351	0.0	Infinity
86	FICNX	Nov 10, 2017	11.46	Aug 14, 2017	11.43	0.26246643	11.46	0.0
87	PRRDX	Nov 10, 2017	11.0	Aug 14, 2017	10.97	0.27346802	11.03	-0.2719803
88	USSTX	Nov 10, 2017	10.5	Aug 14, 2017	10.47	0.28652954	10.5	0.0
89	DODIX	Nov 10, 2017	13.8	Aug 14, 2017	13.76	0.2906952	13.85	-0.36101532
90	FCNVX	Nov 10, 2017	10.04	Aug 14, 2017	10.01	0.29969025	10.04	0.0
91	VIPSX	Nov 10, 2017	13.12	Aug 14, 2017	13.08	0.30580902	13.15	-0.22813416
92	PRIPX	Nov 10, 2017	11.95	Aug 14, 2017	11.91	0.33584595	11.97	-0.16709137
93	PRNYX	Nov 10, 2017	11.67	Aug 14, 2017	11.63	0.34394073	11.68	-0.085617065
94	TIP	Nov 10, 2017	113.71	Aug 14, 2017	113.32	0.34415436	113.95	-0.21061707
95	FIMIX	Nov 10, 2017	11.66	Aug 14, 2017	11.62	0.34423065	11.66	0.0
96	NCATX	Nov 10, 2017	11.65	Aug 14, 2017	11.61	0.3445282	11.64	0.08589935
97	ACITX	Nov 10, 2017	11.63	Aug 14, 2017	11.59	0.3451233	11.65	-0.171669
98	GTFBX	Nov 10, 2017	11.52	Aug 14, 2017	11.48	0.34843445	11.52	0.0
99	SWRSX	Nov 10, 2017	11.1	Aug 14, 2017	11.06	0.36167145	11.11	-0.09000397
100	FTFMX	Nov 10, 2017	13.33	Aug 14, 2017	13.28	0.37651062	13.33	0.0
101	FFKDX	Sep 13, 2017	14.94	Jun 14, 2017	14.88	0.40322876	14.92	0.13404846
102	HLPPX	Nov 10, 2017	14.58	Aug 14, 2017	14.52	0.41321564	14.43	1.0394897
103	PRVAX	Nov 10, 2017	12.03	Aug 14, 2017	11.98	0.41736603	12.01	0.1665268
104	VBLTX	Nov 10, 2017	14.08	Aug 14, 2017	14.02	0.42796326	14.28	-1.4005585
105	USVAX	Nov 10, 2017	11.34	Aug 14, 2017	11.29	0.4428711	0.0	Infinity
106	MDXBX	Nov 10, 2017	10.79	Aug 14, 2017	10.74	0.46554565	10.78	0.09276581
107	NOTEX	Nov 10, 2017	10.7	Aug 14, 2017	10.65	0.46948242	10.69	0.09354401
108	PBDDX	Nov 10, 2017	10.57	Aug 14, 2017	10.52	0.47527313	10.65	-0.7511749
109	FLTMX	Nov 10, 2017	10.42	Aug 14, 2017	10.37	0.48216248	10.42	0.0
110	FFKAX	Sep 13, 2017	12.04	Jun 14, 2017	11.98	0.5008316	12.02	0.16638184
111	SJNK	Nov 10, 2017	27.58	Aug 14, 2017	27.44	0.5102005	27.77	-0.6841965
112	SMDMX	Nov 10, 2017	11.4	Aug 14, 2017	11.34	0.5290985	11.38	0.17573547
113	FOHFX	Nov 10, 2017	12.24	Aug 14, 2017	12.17	0.5751877	12.23	0.08176422
114	NHINX	Nov 10, 2017	8.69	Aug 14, 2017	8.64	0.5786896	8.78	-1.0250549
115	PRTAX	Nov 10, 2017	10.18	Aug 14, 2017	10.12	0.5928879	10.17	0.098335266
116	DRTAX	Nov 10, 2017	11.8	Aug 14, 2017	11.73	0.5967636	11.79	0.08481598
117	PRXCX	Nov 10, 2017	11.56	Aug 14, 2017	11.49	0.60923004	11.56	0.0
118	FSFFX	Sep 06, 2017	12.97	Jun 07, 2017	12.89	0.620636	12.97	0.0
119	FPXTX	Nov 10, 2017	11.21	Aug 14, 2017	11.14	0.62836456	11.2	0.089286804
120	JNK	Nov 10, 2017	36.68	Aug 14, 2017	36.45	0.6309967	37.0	-0.86486053
121	USCBX	Nov 10, 2017	11.07	Aug 14, 2017	11.0	0.63636017	11.06	0.090408325
122	FMHTX	Nov 10, 2017	12.26	Aug 14, 2017	12.18	0.6568222	12.25	0.08163452
123	FDMMX	Nov 10, 2017	12.25	Aug 14, 2017	12.17	0.65735626	12.23	0.16352844
124	USATX	Nov 10, 2017	13.38	Aug 14, 2017	13.29	0.6772003	0.0	Infinity
125	FCTFX	Nov 10, 2017	13.04	Aug 14, 2017	12.95	0.6949768	13.03	0.07674408
126	FSRIX	Nov 10, 2017	12.55	Aug 14, 2017	12.46	0.7223129	12.61	-0.4758072	*BT*
127	FSICX	Nov 10, 2017	11.1	Aug 14, 2017	11.02	0.72595215	11.15	-0.4484253
128	FFRHX	Nov 10, 2017	9.64	Aug 14, 2017	9.57	0.73145294	9.66	-0.20703888
129	VMATX	Nov 10, 2017	10.84	Aug 14, 2017	10.76	0.74349976	10.82	0.18484497
130	NTFIX	Nov 10, 2017	11.59	Aug 14, 2017	11.5	0.78260803	11.57	0.17286682
131	FRIFX	Nov 10, 2017	12.27	Aug 14, 2017	12.17	0.82170105	12.23	0.32707214
132	FKTWX	Sep 13, 2017	15.81	Jun 14, 2017	15.68	0.8290787	15.79	0.12666321
133	VWLTX	Nov 10, 2017	11.7	Aug 14, 2017	11.6	0.86206055	11.68	0.17123413
134	FTABX	Nov 10, 2017	11.6	Aug 14, 2017	11.5	0.8695755	11.58	0.17271423
135	IBB	Nov 10, 2017	312.18	Aug 14, 2017	309.47	0.87568665	316.87	-1.4801025
136	FIBFX	Sep 06, 2017	11.35	Jun 07, 2017	11.25	0.8888931	11.35	0.0
137	GASFX	Nov 10, 2017	30.41	Aug 14, 2017	30.14	0.8958206	0.0	Infinity
138	ROOF	Nov 10, 2017	27.03	Aug 14, 2017	26.79	0.89585876	26.68	1.3118515
139	FFIGX	Sep 06, 2017	15.58	Jun 07, 2017	15.44	0.9067383	15.58	0.0
140	VCITX	Nov 10, 2017	12.22	Aug 14, 2017	12.11	0.9083481	12.2	0.16394043
141	FHIGX	Nov 10, 2017	13.27	Aug 14, 2017	13.15	0.9125595	13.26	0.075408936
142	FFKEX	Sep 13, 2017	16.31	Jun 14, 2017	16.16	0.9282074	16.28	0.18426514
143	PRINX	Nov 10, 2017	11.96	Aug 14, 2017	11.85	0.92826843	11.94	0.16751099
144	PFODX	Nov 10, 2017	10.7	Aug 14, 2017	10.6	0.9433899	10.71	-0.09336853
145	VOHIX	Nov 10, 2017	12.67	Aug 14, 2017	12.55	0.95617676	12.65	0.15810394
146	VWESX	Nov 10, 2017	10.51	Aug 14, 2017	10.41	0.9606247	10.68	-1.5917587
147	SMTFX	Nov 10, 2017	10.48	Aug 14, 2017	10.38	0.96338654	10.46	0.19120026
148	RYU	Nov 10, 2017	88.97	Aug 14, 2017	88.06	1.0333862	88.6	0.4176178	*P*
149	VPAIX	Nov 10, 2017	11.66	Aug 14, 2017	11.54	1.0398636	11.63	0.25795746
150	VGHCX	Nov 10, 2017	208.99	Aug 14, 2017	206.83	1.0443344	210.92	-0.91503143
151	USTEX	Nov 10, 2017	13.44	Aug 14, 2017	13.3	1.0526276	13.42	0.14902496
152	VGHAX	Nov 10, 2017	88.17	Aug 14, 2017	87.25	1.0544434	88.98	-0.9103241
153	FEDCX	Nov 10, 2017	10.31	Aug 14, 2017	10.2	1.0784378	10.4	-0.86537933
154	FSDCX	Nov 10, 2017	34.31	Aug 14, 2017	33.93	1.119957	34.57	-0.75209045
155	BCHYX	Nov 10, 2017	10.65	Aug 14, 2017	10.53	1.1396027	10.62	0.28247833
156	SWHFX	Nov 10, 2017	25.33	Aug 14, 2017	25.04	1.1581421	25.54	-0.82224274
157	FFVNX	Sep 06, 2017	10.45	Jun 07, 2017	10.33	1.1616592	10.45	0.0
158	FEDFX	Sep 06, 2017	10.42	Jun 07, 2017	10.3	1.1650467	10.42	0.0
159	PRFHX	Nov 10, 2017	12.07	Aug 14, 2017	11.93	1.1735077	12.04	0.2491684
160	FFKFX	Sep 13, 2017	17.17	Jun 14, 2017	16.97	1.1785507	17.14	0.17503357
161	FIKFX	Nov 10, 2017	11.91	Aug 14, 2017	11.77	1.1894608	11.95	-0.33472443
162	FKTHX	Sep 13, 2017	17.15	Jun 14, 2017	16.94	1.2396698	17.12	0.1752243
163	FASIX	Nov 10, 2017	13.61	Aug 14, 2017	13.44	1.264885	13.65	-0.2930374
164	FVDFX	Nov 10, 2017	27.62	Aug 14, 2017	27.27	1.2834702	27.83	-0.75457764
165	FVDKX	Nov 10, 2017	27.63	Aug 14, 2017	27.27	1.3201218	27.84	-0.75431824
166	VWAHX	Nov 10, 2017	11.43	Aug 14, 2017	11.28	1.3297882	11.4	0.26316833
167	FSHCX	Nov 10, 2017	91.21	Aug 14, 2017	89.97	1.3782349	0.0	Infinity
168	FIRNX	Nov 10, 2017	57.96	Aug 14, 2017	57.17	1.3818512	0.0	Infinity
169	FIAFX	Nov 10, 2017	11.27	Aug 14, 2017	11.11	1.440155	11.3	-0.26548767	*BT*
170	FFFAX	Nov 10, 2017	11.9	Aug 14, 2017	11.73	1.4492722	0.0	Infinity
171	FIRMX	Nov 10, 2017	58.02	Aug 14, 2017	57.17	1.4868011	58.17	-0.25785828
172	PRPFX	Nov 10, 2017	41.1	Aug 14, 2017	40.49	1.5065308	40.95	0.36629486
173	IHE	Nov 10, 2017	150.76	Aug 14, 2017	148.51	1.5150528	0.0	Infinity
174	FPIOX	Nov 10, 2017	9.61	Aug 14, 2017	9.46	1.5856171	9.68	-0.72314453
175	FFKHX	Sep 13, 2017	17.93	Jun 14, 2017	17.65	1.5864029	17.9	0.16759491
176	SPHIX	Nov 10, 2017	8.96	Aug 14, 2017	8.82	1.5873108	9.04	-0.88495636
177	FFKGX	Sep 13, 2017	17.78	Jun 14, 2017	17.5	1.6000061	17.76	0.11261749
178	MNBAX	Nov 10, 2017	18.12	Aug 14, 2017	17.83	1.6264801	18.22	-0.5488434
179	FHIFX	Nov 10, 2017	8.72	Aug 14, 2017	8.58	1.6316986	8.78	-0.68336487
180	FIRPX	Nov 10, 2017	58.36	Aug 14, 2017	57.4	1.6724701	58.52	-0.2734146
181	CHTTX	Nov 10, 2017	41.82	Aug 14, 2017	41.13	1.6776123	0.0	Infinity
182	FIROX	Nov 10, 2017	59.1	Aug 14, 2017	58.12	1.6861649	59.25	-0.2531662
183	FFSTX	Sep 06, 2017	17.44	Jun 07, 2017	17.15	1.6909714	17.44	0.0
184	PAUDX	Nov 10, 2017	8.97	Aug 14, 2017	8.82	1.7006836	8.98	-0.11135101
185	JDD	Nov 10, 2017	12.53	Aug 14, 2017	12.32	1.7045517	0.0	Infinity
186	FJIFX	Nov 10, 2017	13.45	Aug 14, 2017	13.22	1.7397919	13.49	-0.29651642
187	FCSFX	Sep 06, 2017	5.23	Jun 07, 2017	5.14	1.7509689	5.23	0.0
188	FWRLX	Nov 10, 2017	10.2	Aug 14, 2017	10.02	1.796402	10.11	0.8902054	*P*
189	FTANX	Nov 10, 2017	11.17	Aug 14, 2017	10.97	1.8231506	11.2	-0.2678604
190	FSPHX	Nov 10, 2017	227.07	Aug 14, 2017	222.96	1.8433838	230.76	-1.5990524
191	FNJHX	Nov 10, 2017	11.96	Aug 14, 2017	11.74	1.8739319	11.93	0.2514572
192	FLATX	Nov 10, 2017	24.23	Aug 14, 2017	23.78	1.8923416	24.53	-1.2229996	*P*
193	FFIVX	Nov 10, 2017	12.37	Aug 14, 2017	12.14	1.8945541	12.41	-0.32231903	*BT*
194	FSHNX	Nov 10, 2017	9.7	Aug 14, 2017	9.51	1.9978867	9.77	-0.71648407
195	FFFVX	Nov 10, 2017	12.72	Aug 14, 2017	12.47	2.0048141	12.75	-0.23529053
196	KRE	Nov 10, 2017	54.35	Aug 14, 2017	53.27	2.0274048	57.16	-4.916031
197	FIRQX	Nov 10, 2017	56.91	Aug 14, 2017	55.77	2.0441055	57.07	-0.28035736
198	EWZ	Nov 10, 2017	38.83	Aug 14, 2017	38.05	2.0499496	39.31	-1.2210617
199	OWSMX	Nov 10, 2017	17.23	Aug 14, 2017	16.88	2.0734634	17.4	-0.97701263
200	FDVLX	Nov 10, 2017	120.98	Aug 14, 2017	118.51	2.0842056	121.5	-0.42797852
201	PASDX	Nov 10, 2017	12.13	Aug 14, 2017	11.88	2.1043777	12.15	-0.16460419
202	FIRRX	Nov 10, 2017	53.36	Aug 14, 2017	52.26	2.104866	53.51	-0.28031158
203	FVLKX	Nov 10, 2017	121.17	Aug 14, 2017	118.67	2.1066818	0.0	Infinity
204	JPC	Nov 10, 2017	10.48	Aug 14, 2017	10.26	2.1442413	0.0	Infinity
205	FSMEX	Nov 10, 2017	46.72	Aug 14, 2017	45.73	2.1648865	46.93	-0.44747925
206	VWINX	Nov 10, 2017	26.87	Aug 14, 2017	26.3	2.167305	27.03	-0.5919342
207	FSRRX	Nov 10, 2017	8.93	Aug 14, 2017	8.74	2.1739273	8.91	0.22447205
208	FKIFX	Nov 10, 2017	14.33	Aug 14, 2017	14.02	2.2111206	14.37	-0.27835846
209	NBB	Nov 10, 2017	21.56	Aug 14, 2017	21.09	2.2285461	21.65	-0.41571045
210	FBCVX	Nov 10, 2017	18.8	Aug 14, 2017	18.39	2.229477	18.78	0.10649109
211	FCIFX	Nov 10, 2017	12.91	Aug 14, 2017	12.62	2.2979355	12.96	-0.38580322	*BT*
212	FRESX	Nov 10, 2017	42.81	Aug 14, 2017	41.84	2.3183594	41.82	2.3672943
213	FIRSX	Nov 10, 2017	54.04	Aug 14, 2017	52.79	2.3678741	0.0	Infinity
214	FBIOX	Nov 10, 2017	216.71	Aug 14, 2017	211.56	2.4343033	221.48	-2.1536865	*P*
215	FFANX	Nov 10, 2017	11.75	Aug 14, 2017	11.47	2.4411469	11.78	-0.2546692
216	FFFCX	Nov 10, 2017	16.32	Aug 14, 2017	15.93	2.448204	0.0	Infinity
217	FSAIX	Nov 10, 2017	83.09	Aug 14, 2017	81.05	2.5169601	84.44	-1.5987778	*P*
218	FIRUX	Nov 10, 2017	58.7	Aug 14, 2017	57.24	2.5506592	58.87	-0.28876495
219	FNORX	Nov 10, 2017	54.19	Aug 14, 2017	52.82	2.5937042	55.27	-1.9540482	*P*
220	FSUTX	Nov 10, 2017	86.3	Aug 14, 2017	84.1	2.615944	85.73	0.66487885
221	ICF	Nov 10, 2017	103.3	Aug 14, 2017	100.65	2.6328888	101.09	2.18618
222	FEQTX	Nov 10, 2017	28.71	Aug 14, 2017	27.97	2.6456985	28.91	-0.6918106
223	ACWV	Nov 10, 2017	82.71	Aug 14, 2017	80.57	2.6560822	82.67	0.04838562
224	FSLVX	Nov 10, 2017	20.09	Aug 14, 2017	19.57	2.6571274	20.14	-0.2482605
225	FLIFX	Nov 10, 2017	14.97	Aug 14, 2017	14.58	2.6749039	15.02	-0.33289337
226	FSCRX	Nov 10, 2017	31.26	Aug 14, 2017	30.44	2.6938171	0.0	Infinity
227	DODFX	Nov 10, 2017	46.09	Aug 14, 2017	44.88	2.6960754	46.52	-0.9243393
228	VNQ	Nov 10, 2017	84.93	Aug 14, 2017	82.62	2.7959366	83.09	2.21447
229	FFVFX	Nov 10, 2017	13.55	Aug 14, 2017	13.18	2.8072815	13.6	-0.36764526
230	FIRVX	Nov 10, 2017	52.34	Aug 14, 2017	50.91	2.8088837	52.5	-0.3047638
231	FFVIX	Nov 10, 2017	13.15	Aug 14, 2017	12.79	2.8146973	0.0	Infinity	*BT*
232	REACX	Nov 10, 2017	29.6	Aug 14, 2017	28.78	2.8491974	29.06	1.858223
233	FASMX	Nov 10, 2017	18.53	Aug 14, 2017	18.0	2.9444427	0.0	Infinity
234	FIXRX	Nov 10, 2017	53.95	Aug 14, 2017	52.39	2.9776688	54.13	-0.3325348
235	GTSGX	Nov 10, 2017	9.67	Aug 14, 2017	9.39	2.9818878	0.0	Infinity
236	FIRWX	Nov 10, 2017	58.89	Aug 14, 2017	57.18	2.9905548	59.07	-0.30472565
237	FSRBX	Nov 10, 2017	33.39	Aug 14, 2017	32.42	2.9919891	34.91	-4.3540573
238	FEQIX	Nov 10, 2017	60.81	Aug 14, 2017	59.04	2.9979706	61.22	-0.6697159
239	FEIKX	Nov 10, 2017	60.77	Aug 14, 2017	59.0	3.0	0.0	Infinity
240	FCVSX	Nov 10, 2017	28.42	Aug 14, 2017	27.59	3.008339	28.42	0.0
241	FPIFX	Nov 10, 2017	15.72	Aug 14, 2017	15.26	3.0144196	15.77	-0.31706238
242	FDIFX	Nov 10, 2017	14.19	Aug 14, 2017	13.77	3.0501022	14.25	-0.42105103	*BT*
243	TWEBX	Nov 10, 2017	23.46	Aug 14, 2017	22.76	3.0755615	23.69	-0.9708786
244	FFFDX	Nov 10, 2017	16.7	Aug 14, 2017	16.18	3.2138443	0.0	Infinity
245	JPI	Nov 10, 2017	25.25	Aug 14, 2017	24.45	3.271988	0.0	Infinity
246	FQIFX	Nov 10, 2017	16.67	Aug 14, 2017	16.14	3.2837753	16.73	-0.35863495
247	HDOGX	Nov 10, 2017	14.65	Aug 14, 2017	14.18	3.3145218	14.67	-0.13633728
248	VNQI	Nov 10, 2017	60.0	Aug 14, 2017	58.07	3.323578	0.0	Infinity	*P*
249	FITWX	Nov 10, 2017	14.14	Aug 14, 2017	13.68	3.3625717	14.2	-0.42253113	*BT*
250	FZAAX	Nov 10, 2017	21.14	Aug 14, 2017	20.45	3.3740768	21.22	-0.37700653	*BT*
251	FHLC	Nov 10, 2017	39.19	Aug 14, 2017	37.9	3.4036865	39.46	-0.6842346
252	FSDIX	Nov 10, 2017	15.79	Aug 14, 2017	15.27	3.405365	0.0	Infinity
253	FBALX	Nov 10, 2017	23.65	Aug 14, 2017	22.87	3.4105759	23.74	-0.37911224
254	VWELX	Nov 10, 2017	42.6	Aug 14, 2017	41.18	3.4482727	42.86	-0.6066284
255	FBAKX	Nov 10, 2017	23.65	Aug 14, 2017	22.86	3.4558182	23.74	-0.37911224
256	VPU	Nov 10, 2017	121.99	Aug 14, 2017	117.9	3.46904	0.0	Infinity
257	FIREX	Nov 10, 2017	11.29	Aug 14, 2017	10.91	3.4830475	11.23	0.5342865
258	FEMEX	Nov 10, 2017	9.45	Aug 14, 2017	9.13	3.504921	9.4	0.53191376
259	POGSX	Nov 10, 2017	62.87	Aug 14, 2017	60.74	3.5067444	63.42	-0.8672333
260	VHT	Nov 10, 2017	151.09	Aug 14, 2017	145.97	3.5075684	152.13	-0.6836319
261	FFTWX	Nov 10, 2017	14.45	Aug 14, 2017	13.96	3.510025	14.5	-0.34483337
262	FSANX	Nov 10, 2017	12.66	Aug 14, 2017	12.23	3.5159454	12.7	-0.3149643
263	YACKX	Nov 10, 2017	24.25	Aug 14, 2017	23.42	3.5439835	23.98	1.125946
264	XTN	Nov 10, 2017	58.05	Aug 14, 2017	56.04	3.5867233	59.83	-2.9750977	*P*
265	FSLSX	Nov 10, 2017	43.72	Aug 14, 2017	42.2	3.6018982	43.77	-0.114234924
266	PEQKX	Nov 10, 2017	35.66	Aug 14, 2017	34.42	3.602562	35.95	-0.8066788	*BT*
267	JPS	Nov 10, 2017	10.33	Aug 14, 2017	9.97	3.6108246	10.33	0.0	*P*
268	FVSKX	Nov 10, 2017	43.72	Aug 14, 2017	42.19	3.6264572	43.76	-0.09140015
269	FSPCX	Nov 10, 2017	88.2	Aug 14, 2017	85.08	3.6671295	88.22	-0.02267456
270	FIVLX	Nov 10, 2017	9.02	Aug 14, 2017	8.7	3.6781693	9.09	-0.77007294
271	FMIMX	Nov 10, 2017	28.45	Aug 14, 2017	27.44	3.6807556	28.84	-1.3522873
272	SPLV	Nov 10, 2017	46.95	Aug 14, 2017	45.28	3.6881714	46.79	0.34194946	*P*
273	PRMTX	Nov 10, 2017	97.51	Aug 14, 2017	94.02	3.7119904	97.05	0.47397614
274	DODGX	Nov 10, 2017	200.54	Aug 14, 2017	193.32	3.7347336	202.11	-0.7768097
275	MFVSX	Nov 10, 2017	22.83	Aug 14, 2017	21.99	3.8199158	22.9	-0.30567932
276	FGBLX	Nov 10, 2017	25.95	Aug 14, 2017	24.99	3.841545	25.99	-0.15390015
277	FEFIX	Nov 10, 2017	15.3	Aug 14, 2017	14.72	3.940216	15.37	-0.4554367	*P*
278	FEXPX	Nov 10, 2017	21.33	Aug 14, 2017	20.52	3.9473648	21.37	-0.18717957
279	FINVX	Nov 10, 2017	10.79	Aug 14, 2017	10.38	3.9499054	10.86	-0.64456177
280	YAFFX	Nov 10, 2017	22.6	Aug 14, 2017	21.74	3.955841	22.23	1.6644211
281	OAKBX	Nov 10, 2017	33.85	Aug 14, 2017	32.56	3.9619064	33.97	-0.35325623
282	FXIFX	Nov 10, 2017	17.51	Aug 14, 2017	16.84	3.9786224	17.57	-0.34148407
283	FEXKX	Nov 10, 2017	21.29	Aug 14, 2017	20.47	4.0058746	0.0	Infinity
284	EIERX	Nov 10, 2017	17.8	Aug 14, 2017	17.1	4.093567	17.93	-0.7250519	*BT*
285	FGRTX	Nov 10, 2017	17.26	Aug 14, 2017	16.58	4.101326	17.34	-0.46135712
286	OAKIX	Nov 10, 2017	28.65	Aug 14, 2017	27.52	4.106102	29.13	-1.6477814
287	FASGX	Nov 10, 2017	22.72	Aug 14, 2017	21.82	4.1246567	22.78	-0.2633896
288	FOSFX	Nov 10, 2017	49.87	Aug 14, 2017	47.89	4.1344757	50.3	-0.85487366
289	VWNFX	Nov 10, 2017	38.78	Aug 14, 2017	37.24	4.135338	38.97	-0.48755646
290	FFFEX	Nov 10, 2017	18.1	Aug 14, 2017	17.38	4.1427	18.16	-0.33039093
291	FDGKX	Nov 10, 2017	34.44	Aug 14, 2017	33.07	4.142723	34.5	-0.17391205
292	VIMSX	Nov 10, 2017	40.65	Aug 14, 2017	39.02	4.1773453	0.0	Infinity
293	FOSKX	Nov 10, 2017	49.8	Aug 14, 2017	47.8	4.184105	50.22	-0.8363266
294	FGRIX	Nov 10, 2017	36.14	Aug 14, 2017	34.68	4.209915	0.0	Infinity
295	FGIKX	Nov 10, 2017	36.1	Aug 14, 2017	34.64	4.214775	36.3	-0.55096436
296	VIG	Nov 10, 2017	97.1	Aug 14, 2017	93.17	4.2181015	97.21	-0.11315918
297	FFNOX	Nov 10, 2017	43.96	Aug 14, 2017	42.18	4.220009	44.15	-0.4303589
298	FDYSX	Nov 10, 2017	9.85	Aug 14, 2017	9.45	4.232811	9.88	-0.30364227
299	FSIIX	Nov 10, 2017	43.05	Aug 14, 2017	41.3	4.237282	43.35	-0.6920395
300	FDIVX	Nov 10, 2017	41.3	Aug 14, 2017	39.62	4.240288	41.49	-0.45794678
301	FDIKX	Nov 10, 2017	41.26	Aug 14, 2017	39.57	4.270912	41.44	-0.43436432
302	VO	Nov 10, 2017	148.95	Aug 14, 2017	142.84	4.2775116	0.0	Infinity
303	FSIVX	Nov 10, 2017	43.08	Aug 14, 2017	41.31	4.284683	43.37	-0.6686554	*P*
304	FNCL	Nov 10, 2017	38.19	Aug 14, 2017	36.62	4.287277	39.22	-2.626213
305	EFA	Nov 10, 2017	69.28	Aug 14, 2017	66.43	4.290222	69.8	-0.7449951
306	FSCPX	Nov 10, 2017	40.27	Aug 14, 2017	38.6	4.3264236	40.14	0.3238678
307	FPURX	Nov 10, 2017	23.15	Aug 14, 2017	22.18	4.373314	23.25	-0.43010712
308	FPUKX	Nov 10, 2017	23.13	Aug 14, 2017	22.16	4.3772583	23.23	-0.43047333
309	VFH	Nov 10, 2017	65.72	Aug 14, 2017	62.95	4.4003143	67.42	-2.5214996
310	XLF	Nov 10, 2017	26.08	Aug 14, 2017	24.97	4.4453354	26.78	-2.6138992
311	VTV	Nov 10, 2017	101.56	Aug 14, 2017	97.23	4.4533463	0.0	Infinity
312	FLVEX	Nov 10, 2017	13.08	Aug 14, 2017	12.52	4.4728394	13.09	-0.07639313	*P*
313	RSP	Nov 10, 2017	96.9	Aug 14, 2017	92.75	4.474388	96.73	0.17575073
314	VIS	Nov 10, 2017	134.06	Aug 14, 2017	128.28	4.505768	135.63	-1.1575623
315	EEMV	Nov 10, 2017	59.52	Aug 14, 2017	56.94	4.531082	59.26	0.43875122
316	FITHX	Nov 10, 2017	14.91	Aug 14, 2017	14.26	4.5582047	0.0	Infinity	*BT*
317	PRFDX	Nov 10, 2017	34.68	Aug 14, 2017	33.16	4.583832	34.85	-0.4878006
318	FIFFX	Nov 10, 2017	15.95	Aug 14, 2017	15.25	4.590164	16.02	-0.4369583	*BT*
319	FDKQX	Nov 10, 2017	11.84	Aug 14, 2017	11.32	4.593643	11.89	-0.4205246	*BT*
320	FFFPX	Nov 10, 2017	12.29	Aug 14, 2017	11.75	4.5957413	12.35	-0.4858322	*BT*
321	FHFIX	Nov 10, 2017	13.4	Aug 14, 2017	12.81	4.605774	13.46	-0.44577026	*BT*
322	RWJ	Nov 10, 2017	65.58	Aug 14, 2017	62.69	4.609993	66.36	-1.1753998
323	FSRFX	Nov 10, 2017	98.46	Aug 14, 2017	94.12	4.6111374	100.23	-1.7659454
324	FLCSX	Nov 10, 2017	32.63	Aug 14, 2017	31.19	4.616867	0.0	Infinity
325	FSCDX	Nov 10, 2017	28.31	Aug 14, 2017	27.06	4.619362	28.73	-1.4618835
326	FIHFX	Nov 10, 2017	18.5	Aug 14, 2017	17.68	4.6380005	18.56	-0.3232727
327	PRF	Nov 10, 2017	108.71	Aug 14, 2017	103.86	4.6697464	0.0	Infinity
328	FFTHX	Nov 10, 2017	15.19	Aug 14, 2017	14.51	4.6864166	15.24	-0.32808685
329	FSMVX	Nov 10, 2017	27.41	Aug 14, 2017	26.18	4.698242	27.43	-0.07291412
330	FBIFX	Nov 10, 2017	18.64	Aug 14, 2017	17.8	4.719101	18.7	-0.32086182
331	FIPFX	Nov 10, 2017	18.86	Aug 14, 2017	18.01	4.7196045	18.92	-0.3171234
332	FIEUX	Nov 10, 2017	42.11	Aug 14, 2017	40.21	4.725197	42.77	-1.5431366
333	VICEX	Nov 10, 2017	31.24	Aug 14, 2017	29.83	4.726776	30.99	0.8067169
334	FIOFX	Nov 10, 2017	18.78	Aug 14, 2017	17.93	4.740654	0.0	Infinity
335	FFFGX	Nov 10, 2017	12.06	Aug 14, 2017	11.51	4.7784576	12.1	-0.33058167
336	MOO	Nov 10, 2017	59.34	Aug 14, 2017	56.63	4.785446	60.01	-1.116478
337	SSSFX	Nov 10, 2017	25.13	Aug 14, 2017	23.98	4.795662	25.27	-0.5540161
338	FSTSX	Nov 10, 2017	18.08	Aug 14, 2017	17.25	4.8115997	18.19	-0.6047287
339	FFFFX	Nov 10, 2017	10.67	Aug 14, 2017	10.18	4.813362	10.7	-0.28037262
340	FFFHX	Nov 10, 2017	12.13	Aug 14, 2017	11.57	4.840111	12.17	-0.32867432
341	VHDYX	Nov 10, 2017	32.68	Aug 14, 2017	31.17	4.844406	32.81	-0.39622498
342	SCHF	Nov 10, 2017	33.96	Aug 14, 2017	32.39	4.847168	34.21	-0.73078156
343	PRHSX	Nov 10, 2017	73.78	Aug 14, 2017	70.35	4.8756256	75.13	-1.7968826
344	FSAEX	Nov 10, 2017	13.7	Aug 14, 2017	13.06	4.9004517	0.0	Infinity
345	FSVLX	Nov 10, 2017	15.18	Aug 14, 2017	14.47	4.9067	15.65	-3.003189
346	FAMRX	Nov 10, 2017	19.62	Aug 14, 2017	18.69	4.9759293	19.66	-0.20345306
347	FOHIX	Nov 10, 2017	17.04	Aug 14, 2017	16.23	4.9907684	0.0	Infinity
348	FSLCX	Nov 10, 2017	19.76	Aug 14, 2017	18.82	4.99469	19.95	-0.9523773
349	FMCSX	Nov 10, 2017	38.6	Aug 14, 2017	36.76	5.0054398	38.87	-0.69462585
350	GWX	Nov 10, 2017	35.64	Aug 14, 2017	33.94	5.0088425	35.7	-0.16807556
351	FLPSX	Nov 10, 2017	52.73	Aug 14, 2017	50.21	5.0189285	52.78	-0.09472656
352	FKMCX	Nov 10, 2017	38.63	Aug 14, 2017	36.78	5.029915	38.9	-0.6940918
353	VEIPX	Nov 10, 2017	36.33	Aug 14, 2017	34.59	5.0303574	36.51	-0.49301147
354	FUSIX	Nov 10, 2017	10.63	Aug 14, 2017	10.12	5.039528	0.0	Infinity
355	FLPKX	Nov 10, 2017	52.7	Aug 14, 2017	50.16	5.063797	52.74	-0.07584381
356	FSCOX	Nov 10, 2017	18.64	Aug 14, 2017	17.74	5.0732727	18.72	-0.42734528
357	FIGFX	Nov 10, 2017	13.42	Aug 14, 2017	12.77	5.090042	13.46	-0.29718018
358	FIDU	Nov 10, 2017	36.54	Aug 14, 2017	34.77	5.0905914	36.95	-1.1096039
359	VEU	Nov 10, 2017	53.66	Aug 14, 2017	51.06	5.0920486	53.92	-0.482193
360	FDEQX	Nov 10, 2017	38.92	Aug 14, 2017	37.03	5.1039734	39.05	-0.33290863
361	VXUS	Nov 10, 2017	55.73	Aug 14, 2017	53.02	5.1112747	56.03	-0.5354309
362	VGTSX	Nov 10, 2017	17.88	Aug 14, 2017	17.01	5.114624	17.98	-0.55617523
363	RPMGX	Nov 10, 2017	91.43	Aug 14, 2017	86.98	5.1161194	92.23	-0.8674011
364	VWNDX	Nov 10, 2017	23.39	Aug 14, 2017	22.25	5.1235886	0.0	Infinity
365	VTMGX	Nov 10, 2017	14.15	Aug 14, 2017	13.46	5.126297	0.0	Infinity
366	VEVRX	Nov 10, 2017	39.98	Aug 14, 2017	38.03	5.1275406	0.0	Infinity	*BT**P*
367	CGMFX	Nov 10, 2017	51.87	Aug 14, 2017	49.34	5.127678	0.0	Infinity
368	FDEKX	Nov 10, 2017	38.89	Aug 14, 2017	36.99	5.1365128	39.02	-0.33316803
369	FSGDX	Nov 10, 2017	13.48	Aug 14, 2017	12.82	5.1482086	13.53	-0.3695526	*BT*
370	FIDSX	Nov 10, 2017	109.6	Aug 14, 2017	104.23	5.1520615	0.0	Infinity
371	VTIAX	Nov 10, 2017	29.92	Aug 14, 2017	28.45	5.1669617	30.07	-0.49884033	*P*
372	FUSEX	Nov 10, 2017	90.44	Aug 14, 2017	85.98	5.187248	90.57	-0.1435318
373	VFINX	Nov 10, 2017	238.83	Aug 14, 2017	227.05	5.188286	239.17	-0.14215851
374	FSLBX	Nov 10, 2017	79.13	Aug 14, 2017	75.22	5.198082	80.22	-1.3587646	*P*
375	SPY	Nov 10, 2017	258.09	Aug 14, 2017	245.32	5.2054443	258.45	-0.13929749	*P*
376	FUSVX	Nov 10, 2017	90.46	Aug 14, 2017	85.98	5.2105103	90.59	-0.14350128	*P*
377	VFIAX	Nov 10, 2017	238.86	Aug 14, 2017	227.02	5.215393	239.2	-0.14213562	*P*
378	VOO	Nov 10, 2017	237.04	Aug 14, 2017	225.28	5.2201614	237.43	-0.16426086	*P*
379	IVV	Nov 10, 2017	259.81	Aug 14, 2017	246.9	5.2288437	260.18	-0.14220428
380	FCSSX	Nov 10, 2017	5.41	Aug 14, 2017	5.14	5.252922	5.39	0.37106323
381	FSGEX	Nov 10, 2017	13.22	Aug 14, 2017	12.56	5.2547836	13.27	-0.3767929
382	VT	Nov 10, 2017	72.25	Aug 14, 2017	68.64	5.259323	72.51	-0.3585739
383	JDSNX	Nov 10, 2017	23.8	Aug 14, 2017	22.61	5.263153	24.25	-1.8556747	*BT*
384	VTRIX	Nov 10, 2017	39.36	Aug 14, 2017	37.38	5.2969437	39.39	-0.076156616
385	NOSGX	Nov 10, 2017	25.03	Aug 14, 2017	23.77	5.3007965	25.47	-1.7275162
386	VTSMX	Nov 10, 2017	64.47	Aug 14, 2017	61.22	5.3087234	64.64	-0.26299286
387	FIENX	Nov 10, 2017	10.11	Aug 14, 2017	9.6	5.3124924	0.0	Infinity
388	FSTMX	Nov 10, 2017	74.87	Aug 14, 2017	71.09	5.317215	75.06	-0.25312042
389	VTSAX	Nov 10, 2017	64.5	Aug 14, 2017	61.24	5.3233185	64.67	-0.2628708
390	FSTVX	Nov 10, 2017	74.89	Aug 14, 2017	71.1	5.3305283	75.08	-0.25306702
391	FFSMX	Nov 10, 2017	74.91	Aug 14, 2017	71.11	5.3438416	75.1	-0.25299072
392	FISMX	Nov 10, 2017	29.65	Aug 14, 2017	28.14	5.366028	29.68	-0.10107422
393	VTI	Nov 10, 2017	132.54	Aug 14, 2017	125.78	5.3744583	132.82	-0.21082306
394	DGRO	Nov 10, 2017	33.32	Aug 14, 2017	31.62	5.376343	33.42	-0.29921722
395	LEXCX	Nov 10, 2017	35.59	Aug 14, 2017	33.77	5.389389	35.57	0.056228638
396	ANDVX	Nov 10, 2017	18.42	Aug 14, 2017	17.47	5.4378967	18.62	-1.0741196	*BT*
397	FLSAX	Nov 10, 2017	44.4	Aug 14, 2017	42.11	5.438141	44.51	-0.24712372
398	VWO	Nov 10, 2017	44.59	Aug 14, 2017	42.28	5.4635773	44.62	-0.067230225
399	FTIEX	Nov 10, 2017	9.4	Aug 14, 2017	8.91	5.4994354	9.42	-0.21231842
400	FIGRX	Nov 10, 2017	46.89	Aug 14, 2017	44.44	5.5130463	47.12	-0.4881134
401	FIDKX	Nov 10, 2017	46.81	Aug 14, 2017	44.36	5.5229874	47.04	-0.488945
402	VSS	Nov 10, 2017	116.1	Aug 14, 2017	110.02	5.526268	117.02	-0.78619385
403	FZAIX	Nov 10, 2017	46.78	Aug 14, 2017	44.33	5.526718	47.01	-0.4892578	*BT*
404	ANWPX	Nov 10, 2017	44.86	Aug 14, 2017	42.5	5.552948	45.16	-0.66430664
405	FCPEX	Nov 10, 2017	14.23	Aug 14, 2017	13.48	5.563797	14.42	-1.3176193
406	FIGSX	Nov 10, 2017	16.2	Aug 14, 2017	15.34	5.6062546	0.0	Infinity
407	FDEGX	Nov 10, 2017	39.52	Aug 14, 2017	37.42	5.6119766	39.82	-0.75338745	*P*
408	FLCKX	Nov 10, 2017	33.44	Aug 14, 2017	31.66	5.6222305	33.79	-1.0358124
409	FLVCX	Nov 10, 2017	33.37	Aug 14, 2017	31.59	5.6346893	33.71	-1.008606
410	FAGKX	Nov 10, 2017	39.83	Aug 14, 2017	37.7	5.649864	40.13	-0.7475662
411	PYVLX	Nov 10, 2017	16.72	Aug 14, 2017	15.82	5.689003	16.82	-0.5945358
412	FIVFX	Nov 10, 2017	20.99	Aug 14, 2017	19.86	5.689827	21.06	-0.3323822
413	JIGFX	Nov 10, 2017	32.73	Aug 14, 2017	30.95	5.7512054	32.92	-0.57714844
414	ANFVX	Nov 10, 2017	27.75	Aug 14, 2017	26.24	5.7545776	28.19	-1.5608368	*BT*
415	VEXMX	Nov 10, 2017	81.67	Aug 14, 2017	77.19	5.803856	82.33	-0.80165863
416	MLAIX	Nov 10, 2017	11.11	Aug 14, 2017	10.5	5.8095245	11.15	-0.35874176	*BT**P*
417	FMEIX	Nov 10, 2017	15.77	Aug 14, 2017	14.9	5.838928	15.78	-0.06336212
418	VEXAX	Nov 10, 2017	81.64	Aug 14, 2017	77.13	5.847275	82.29	-0.7898941	*P*
419	IBM	Nov 10, 2017	149.16	Aug 14, 2017	140.91	5.8547974	150.08	-0.6130066
420	FSEVX	Nov 10, 2017	62.15	Aug 14, 2017	58.7	5.877342	62.64	-0.7822418
421	FSEMX	Nov 10, 2017	62.14	Aug 14, 2017	58.69	5.8783417	62.63	-0.78237915
422	FBT	Nov 10, 2017	120.57	Aug 14, 2017	113.87	5.883896	123.98	-2.7504425
423	GSSUX	Nov 10, 2017	64.24	Aug 14, 2017	60.67	5.8842926	65.14	-1.3816452
424	STCEX	Nov 10, 2017	10.59	Aug 14, 2017	10.0	5.9000015	10.57	0.18922424
425	FSCGX	Nov 10, 2017	42.89	Aug 14, 2017	40.47	5.9797287	43.16	-0.62557983
426	FMILX	Nov 10, 2017	41.44	Aug 14, 2017	39.08	6.0388794	41.75	-0.74251556
427	IWM	Nov 10, 2017	146.57	Aug 14, 2017	138.21	6.0487595	148.61	-1.3727188
428	NAESX	Nov 10, 2017	68.18	Aug 14, 2017	64.29	6.050705	68.7	-0.7569046
429	VUG	Nov 10, 2017	137.67	Aug 14, 2017	129.78	6.079521	137.18	0.35720062
430	XHB	Nov 10, 2017	40.85	Aug 14, 2017	38.5	6.103897	40.41	1.0888367
431	VB	Nov 10, 2017	142.36	Aug 14, 2017	134.16	6.1120987	143.49	-0.78751373
432	FCPVX	Nov 10, 2017	19.79	Aug 14, 2017	18.65	6.11261	19.99	-1.0004959
433	FDSSX	Nov 10, 2017	44.23	Aug 14, 2017	41.68	6.1180344	0.0	Infinity
434	FLCEX	Nov 10, 2017	14.54	Aug 14, 2017	13.7	6.131386	14.52	0.13773346
435	FSSKX	Nov 10, 2017	44.27	Aug 14, 2017	41.71	6.137619	44.31	-0.090278625
436	RFV	Nov 10, 2017	65.7	Aug 14, 2017	61.88	6.173233	65.4	0.4587021
437	FDSVX	Nov 10, 2017	32.99	Aug 14, 2017	31.07	6.179596	33.08	-0.2720642
438	FDCAX	Nov 10, 2017	38.01	Aug 14, 2017	35.79	6.2028427	38.17	-0.4191742
439	FGDKX	Nov 10, 2017	33.02	Aug 14, 2017	31.09	6.2077866	33.1	-0.24168396
440	PCRIX	Nov 10, 2017	6.84	Aug 14, 2017	6.44	6.2111816	6.81	0.44052887	*BT*
441	FILFX	Nov 10, 2017	11.58	Aug 14, 2017	10.9	6.238533	11.61	-0.25839996
442	RERGX	Nov 10, 2017	57.01	Aug 14, 2017	53.66	6.2430115	57.25	-0.41921997
443	FVSAX	Nov 10, 2017	20.03	Aug 14, 2017	18.85	6.2599564	20.14	-0.5461731
444	PCBIX	Nov 10, 2017	27.49	Aug 14, 2017	25.87	6.2620773	27.54	-0.1815567	*BT**P*
445	CXXRX	Nov 10, 2017	25.62	Aug 14, 2017	24.11	6.2629547	25.82	-0.77458954	*BT*
446	IJR	Nov 10, 2017	73.35	Aug 14, 2017	68.99	6.319763	73.94	-0.79795074
447	SHOP	Nov 10, 2017	100.01	Aug 14, 2017	94.06	6.32576	98.71	1.3169861	*P*
448	XT	Nov 10, 2017	34.78	Aug 14, 2017	32.71	6.3283463	35.05	-0.77033234
449	JASCX	Nov 10, 2017	35.89	Aug 14, 2017	33.75	6.340744	36.4	-1.4011002
450	FSRPX	Nov 10, 2017	126.02	Aug 14, 2017	118.48	6.3639374	126.08	-0.047592163
451	FSLEX	Nov 10, 2017	26.05	Aug 14, 2017	24.49	6.3699493	26.45	-1.5122986
452	PRGFX	Nov 10, 2017	70.11	Aug 14, 2017	65.91	6.372322	70.36	-0.35531616
453	VOOG	Nov 10, 2017	134.03	Aug 14, 2017	125.94	6.423691	133.73	0.22434235
454	FZANX	Nov 10, 2017	33.39	Aug 14, 2017	31.36	6.4732056	33.62	-0.68411255	*BT*
455	SEQUX	Nov 10, 2017	186.9	Aug 14, 2017	175.47	6.5139313	188.3	-0.74349976
456	EEH	Nov 10, 2017	19.19	Aug 14, 2017	18.01	6.551918	0.0	Infinity
457	FCSAX	Nov 10, 2017	18.05	Aug 14, 2017	16.94	6.5525284	18.09	-0.22112274
458	PRNHX	Nov 10, 2017	54.92	Aug 14, 2017	51.54	6.558014	55.96	-1.8584747
459	JATTX	Nov 10, 2017	28.74	Aug 14, 2017	26.97	6.562851	29.15	-1.406517
460	FDFFX	Nov 10, 2017	41.14	Aug 14, 2017	38.59	6.6079254	41.39	-0.60401154
461	PARWX	Nov 10, 2017	38.46	Aug 14, 2017	36.07	6.6259995	38.31	0.3915329
462	AGTHX	Nov 10, 2017	51.51	Aug 14, 2017	48.3	6.6459656	51.72	-0.40603638
463	SCHD	Nov 10, 2017	48.68	Aug 14, 2017	45.64	6.6608276	0.0	Infinity
464	ONEQ	Nov 10, 2017	265.6	Aug 14, 2017	249.0	6.6666718	0.0	Infinity
465	FNCMX	Nov 10, 2017	89.27	Aug 14, 2017	83.66	6.7057037	89.39	-0.13424683	*P*
466	EEM	Nov 10, 2017	46.29	Aug 14, 2017	43.36	6.7573776	46.34	-0.1078949
467	FCNTX	Nov 10, 2017	126.65	Aug 14, 2017	118.61	6.778511	127.51	-0.67445374	*P*
468	BRSVX	Nov 10, 2017	25.94	Aug 14, 2017	24.29	6.7929153	26.06	-0.4604721
469	FCNKX	Nov 10, 2017	126.65	Aug 14, 2017	118.58	6.8055267	127.51	-0.67445374	*P*
470	FCYIX	Nov 10, 2017	35.77	Aug 14, 2017	33.48	6.839905	36.05	-0.77669525
471	FFIDX	Nov 10, 2017	45.0	Aug 14, 2017	42.09	6.9137573	45.3	-0.6622467
472	FFDKX	Nov 10, 2017	44.99	Aug 14, 2017	42.07	6.940819	45.29	-0.6623993
473	FDSCX	Nov 10, 2017	28.31	Aug 14, 2017	26.46	6.991684	28.67	-1.2556686
474	IJS	Nov 10, 2017	146.61	Aug 14, 2017	137.02	6.9989777	147.8	-0.80514526
475	FSOPX	Nov 10, 2017	14.06	Aug 14, 2017	13.14	7.0015182	14.24	-1.2640381
476	QQQ	Nov 10, 2017	153.68	Aug 14, 2017	143.62	7.004593	153.27	0.2674942
477	FOCPX	Nov 10, 2017	108.85	Aug 14, 2017	101.71	7.0199585	108.87	-0.018379211
478	FTRNX	Nov 10, 2017	105.11	Aug 14, 2017	98.21	7.0257645	105.55	-0.41687012
479	FWWFX	Nov 10, 2017	27.66	Aug 14, 2017	25.84	7.043335	27.75	-0.32432556
480	DIAX	Nov 10, 2017	17.59	Aug 14, 2017	16.43	7.060257	17.73	-0.78961945
481	RYTRX	Nov 10, 2017	14.82	Aug 14, 2017	13.84	7.080925	15.0	-1.2000046	*BT*
482	FDLSX	Nov 10, 2017	167.62	Aug 14, 2017	156.48	7.1191177	168.38	-0.45137024
483	FSHOX	Nov 10, 2017	66.91	Aug 14, 2017	62.46	7.124565	66.5	0.61654663
484	DIA	Nov 10, 2017	234.43	Aug 14, 2017	218.81	7.138611	235.18	-0.31890106	*P*
485	SLYV	Nov 10, 2017	125.06	Aug 14, 2017	116.69	7.172844	125.93	-0.69085693
486	FSCFX	Nov 10, 2017	15.13	Aug 14, 2017	14.11	7.22892	15.26	-0.8518982
487	VHCOX	Nov 10, 2017	66.84	Aug 14, 2017	62.32	7.252884	67.33	-0.72776794
488	FMAGX	Nov 10, 2017	105.96	Aug 14, 2017	98.79	7.25782	106.43	-0.4416046
489	FMGKX	Nov 10, 2017	105.86	Aug 14, 2017	98.67	7.2869186	106.32	-0.43265533
490	EES	Nov 10, 2017	34.57	Aug 14, 2017	32.22	7.2936096	35.25	-1.9290771
491	FCPGX	Nov 10, 2017	24.19	Aug 14, 2017	22.53	7.367958	24.62	-1.7465439	*P*
492	FBGRX	Nov 10, 2017	87.96	Aug 14, 2017	81.92	7.373047	87.81	0.17082977
493	CSCO	Nov 10, 2017	33.99	Aug 14, 2017	31.57	7.665512	34.47	-1.3925171
494	FSDAX	Nov 10, 2017	164.65	Aug 14, 2017	152.81	7.748184	166.79	-1.2830505
495	CGMRX	Nov 10, 2017	36.28	Aug 14, 2017	33.67	7.7517166	36.01	0.749794
496	FXZ	Nov 10, 2017	40.98	Aug 14, 2017	38.02	7.78537	41.6	-1.490387
497	FICDX	Nov 10, 2017	55.4	Aug 14, 2017	51.39	7.8030853	0.0	Infinity
498	FSGFX	Nov 10, 2017	18.78	Aug 14, 2017	17.4	7.9310455	18.76	0.10660553
499	FEMSX	Nov 10, 2017	21.49	Aug 14, 2017	19.91	7.9357147	21.48	0.046554565
500	FLGEX	Nov 10, 2017	18.88	Aug 14, 2017	17.49	7.9473953	18.82	0.31880188
501	RSXJ	Nov 10, 2017	43.08	Aug 14, 2017	39.83	8.159676	43.2	-0.27777863
502	FJSCX	Nov 10, 2017	18.95	Aug 14, 2017	17.52	8.162102	18.93	0.105651855
503	JMIEX	Nov 10, 2017	29.22	Aug 14, 2017	27.0	8.222221	28.83	1.3527527	*BT*
504	XLB	Nov 10, 2017	58.11	Aug 14, 2017	53.69	8.232452	58.83	-1.2238693	*P*
505	RTM	Nov 10, 2017	106.54	Aug 14, 2017	98.43	8.239349	107.8	-1.1688385
506	VAW	Nov 10, 2017	130.95	Aug 14, 2017	120.95	8.267883	132.95	-1.5043259
507	XBI	Nov 10, 2017	82.77	Aug 14, 2017	76.41	8.323502	85.6	-3.306076
508	FGCKX	Nov 10, 2017	183.39	Aug 14, 2017	169.27	8.34169	183.04	0.19122314
509	FEMKX	Nov 10, 2017	31.63	Aug 14, 2017	29.19	8.359024	31.49	0.44458008	*P*
510	PENNX	Nov 10, 2017	12.42	Aug 14, 2017	11.46	8.376968	12.54	-0.95693207
511	FSDPX	Nov 10, 2017	90.85	Aug 14, 2017	83.79	8.425819	92.09	-1.3465042
512	EWJ	Nov 10, 2017	59.08	Aug 14, 2017	54.47	8.463371	59.19	-0.18583679
513	FEMFX	Sep 06, 2017	20.73	Jun 07, 2017	19.09	8.590874	20.73	0.0
514	PYZ	Nov 10, 2017	66.52	Aug 14, 2017	61.22	8.657288	67.33	-1.2030334
515	FSAMX	Nov 10, 2017	11.28	Aug 14, 2017	10.38	8.670517	11.22	0.5347519
516	THD	Nov 10, 2017	86.54	Aug 14, 2017	79.39	9.00618	87.65	-1.2664032
517	FTQGX	Nov 10, 2017	23.66	Aug 14, 2017	21.6	9.537033	23.66	0.0
518	POAGX	Nov 10, 2017	41.94	Aug 14, 2017	38.27	9.589752	41.61	0.79307556
519	FJPNX	Nov 10, 2017	15.31	Aug 14, 2017	13.97	9.591988	15.26	0.3276596
520	FSAVX	Nov 10, 2017	39.11	Aug 14, 2017	35.68	9.613228	39.68	-1.4364929	*P*
521	FFGCX	Nov 10, 2017	12.76	Aug 14, 2017	11.64	9.621986	12.71	0.39338684
522	PRGTX	Nov 10, 2017	19.44	Aug 14, 2017	17.7	9.830513	19.51	-0.35878754
523	FSNGX	Nov 10, 2017	24.6	Aug 14, 2017	22.32	10.215057	24.18	1.7369766
524	FBSOX	Nov 10, 2017	54.56	Aug 14, 2017	49.47	10.2890625	0.0	Infinity
525	FSCSX	Nov 10, 2017	171.33	Aug 14, 2017	154.92	10.592567	171.67	-0.19805145	*P*
526	MVALX	Nov 10, 2017	44.02	Aug 14, 2017	39.8	10.60302	43.59	0.98646545
527	XLE	Nov 10, 2017	69.66	Aug 14, 2017	62.92	10.7120285	68.68	1.4269104
528	FPBFX	Nov 10, 2017	36.01	Aug 14, 2017	32.52	10.73185	35.65	1.0098114	*P*
529	HAO	Nov 10, 2017	30.2	Aug 14, 2017	27.25	10.825691	30.13	0.23233032
530	RZV	Nov 10, 2017	69.24	Aug 14, 2017	62.43	10.908211	69.6	-0.51724243
531	VGT	Nov 10, 2017	164.8	Aug 14, 2017	147.94	11.396515	164.59	0.12758636
532	RSX	Nov 10, 2017	22.28	Aug 14, 2017	19.99	11.455727	21.78	2.2956848
533	FSEAX	Nov 10, 2017	44.78	Aug 14, 2017	40.17	11.476227	44.37	0.9240494	*P*
534	FTEC	Nov 10, 2017	50.04	Aug 14, 2017	44.88	11.49733	49.98	0.12005615
535	VDE	Nov 10, 2017	95.37	Aug 14, 2017	85.48	11.569954	93.84	1.6304398
536	FENY	Nov 10, 2017	19.33	Aug 14, 2017	17.32	11.605087	0.0	Infinity
537	FXI	Nov 10, 2017	47.12	Aug 14, 2017	42.18	11.711708	46.28	1.8150482
538	FSCHX	Nov 10, 2017	182.18	Aug 14, 2017	162.96	11.794296	183.58	-0.762619
539	PSCM	Nov 10, 2017	50.05	Aug 14, 2017	44.75	11.843575	51.03	-1.9204407
540	PKB	Nov 10, 2017	32.84	Aug 14, 2017	29.35	11.890968	32.74	0.30543518
541	DBC	Nov 10, 2017	16.4	Aug 14, 2017	14.65	11.945389	16.22	1.1097412
542	QQQX	Nov 10, 2017	23.87	Aug 14, 2017	21.32	11.960602	23.86	0.041915894
543	FATIX	Nov 10, 2017	63.08	Aug 14, 2017	56.28	12.082443	62.45	1.008812	*BT**P*
544	FSPTX	Nov 10, 2017	192.0	Aug 14, 2017	171.22	12.136436	190.27	0.9092331
545	FSESX	Nov 10, 2017	46.48	Aug 14, 2017	41.33	12.46067	44.35	4.802704
546	ASHR	Nov 10, 2017	31.39	Aug 14, 2017	27.86	12.670494	30.42	3.1886902
547	FDCPX	Nov 10, 2017	98.65	Aug 14, 2017	87.46	12.794426	97.47	1.2106323
548	FHKCX	Nov 10, 2017	35.89	Aug 14, 2017	31.81	12.826157	34.97	2.6308212	*P*
549	ROBO	Nov 10, 2017	40.64	Aug 14, 2017	35.88	13.266441	40.71	-0.1719513
550	FNARX	Nov 10, 2017	28.82	Aug 14, 2017	25.21	14.319717	28.37	1.586174
551	ICENX	Nov 10, 2017	12.85	Aug 14, 2017	11.21	14.629791	12.53	2.5538788
552	ERUS	Nov 10, 2017	34.59	Aug 14, 2017	30.04	15.146469	33.21	4.1553726
553	EPU	Nov 10, 2017	41.37	Aug 14, 2017	35.92	15.172615	42.38	-2.3832016
554	FSENX	Nov 10, 2017	43.06	Aug 14, 2017	37.28	15.504303	42.21	2.0137405
555	ITB	Nov 10, 2017	40.02	Aug 14, 2017	34.54	15.865662	39.09	2.3791351
556	USO	Nov 10, 2017	11.42	Aug 14, 2017	9.72	17.489708	11.18	2.1466827
557	FSELX	Nov 10, 2017	126.14	Aug 14, 2017	105.6	19.45076	124.46	1.3498306
558	BOTZ	Nov 10, 2017	24.06	Aug 14, 2017	20.0	20.299995	23.64	1.7766495	*P*
559	OIL	Nov 10, 2017	6.11	Aug 14, 2017	4.94	23.68422	5.92	3.2094574	*P*
560	PSCE	Nov 10, 2017	15.27	Aug 14, 2017	11.94	27.889458	14.46	5.6016693	*P*
561	UGA	Nov 10, 2017	32.94	Aug 14, 2017	25.73	28.021759	32.24	2.1712036
562	AIEQ	Nov 10, 2017	24.41	null	1.0	2341.0	1.0	2341.0
