1	PHK	Nov 24, 2017	7.51	Aug 25, 2017	8.23	-8.748474	7.59	-1.0540161
2	CHAD	Nov 24, 2017	30.99	Aug 25, 2017	33.78	-8.259323	31.12	-0.41773987
3	RYURX	Nov 24, 2017	63.34	Aug 25, 2017	67.59	-6.2879105	63.75	-0.6431351
4	FSTCX	Nov 24, 2017	65.58	Aug 25, 2017	69.13	-5.1352463	63.89	2.645172
5	AMLP	Nov 24, 2017	10.16	Aug 25, 2017	10.7	-5.04673	10.23	-0.68426514
6	PTM	Nov 24, 2017	9.81	Aug 25, 2017	10.22	-4.0117416	9.83	-0.20345306
7	FSAGX	Nov 24, 2017	20.22	Aug 25, 2017	21.04	-3.8973465	19.97	1.2518768
8	JDD	Nov 24, 2017	12.16	Aug 25, 2017	12.53	-2.9529114	12.28	-0.97720337
9	FBMPX	Nov 24, 2017	79.93	Aug 25, 2017	82.25	-2.820671	80.14	-0.26203918
10	MERKX	Nov 24, 2017	9.96	Aug 25, 2017	10.2	-2.3529434	9.85	1.1167526
11	USAGX	Nov 24, 2017	12.85	Aug 25, 2017	13.09	-1.833458	12.6	1.9841309
12	JQC	Nov 24, 2017	8.14	Aug 25, 2017	8.28	-1.6908188	8.1	0.49382782
13	EMLC	Nov 24, 2017	18.81	Aug 25, 2017	19.09	-1.4667358	18.52	1.5658722
14	NKX	Nov 24, 2017	15.35	Aug 25, 2017	15.56	-1.349617	15.58	-1.4762497
15	BULIX	Nov 24, 2017	18.42	Aug 25, 2017	18.65	-1.2332458	18.33	0.4909973
16	FSOFX	Sep 06, 2017	14.15	Jun 07, 2017	14.3	-1.0489502	14.15	0.0
17	XMPT	Nov 24, 2017	26.78	Aug 25, 2017	27.05	-0.99814606	26.85	-0.26070404
18	FIBAX	Nov 24, 2017	10.72	Aug 25, 2017	10.82	-0.9242096	10.71	0.09337616
19	BMBSX	Nov 24, 2017	11.83	Aug 25, 2017	11.94	-0.92126465	11.88	-0.42087555
20	VFITX	Nov 24, 2017	11.12	Aug 25, 2017	11.22	-0.89126587	11.12	0.0
21	PRFSX	Nov 24, 2017	5.57	Aug 25, 2017	5.62	-0.88967896	5.58	-0.17920685
22	FDFAX	Nov 24, 2017	95.09	Aug 25, 2017	95.93	-0.87564087	94.4	0.73093414
23	PRTIX	Nov 24, 2017	5.73	Aug 25, 2017	5.78	-0.86505127	5.73	0.0
24	NCITX	Nov 24, 2017	10.63	Aug 25, 2017	10.72	-0.83955383	10.67	-0.37488556
25	IEI	Nov 24, 2017	122.85	Aug 25, 2017	123.89	-0.83945465	122.82	0.024429321
26	FCSTX	Nov 24, 2017	10.58	Aug 25, 2017	10.66	-0.750473	10.61	-0.282753
27	VMLTX	Nov 24, 2017	10.91	Aug 25, 2017	10.99	-0.7279358	10.94	-0.27422333
28	NOAZX	Nov 24, 2017	10.61	Aug 25, 2017	10.68	-0.65543365	10.66	-0.46904755
29	NAD	Nov 24, 2017	13.99	Aug 25, 2017	14.08	-0.63920593	13.98	0.07154083
30	GABUX	Nov 24, 2017	9.54	Aug 25, 2017	9.6	-0.625	9.51	0.31545258
31	BCLTX	Oct 20, 2017	11.5	Jul 24, 2017	11.57	-0.605011	11.69	-1.6253204
32	FSTGX	Nov 24, 2017	10.45	Aug 25, 2017	10.51	-0.5708847	10.45	0.0
33	BTTTX	Nov 24, 2017	103.88	Aug 25, 2017	104.47	-0.5647583	103.94	-0.05773163
34	GASFX	Nov 24, 2017	30.37	Aug 25, 2017	30.53	-0.52407074	30.4	-0.09867859
35	FFXSX	Nov 24, 2017	9.9	Aug 25, 2017	9.95	-0.5025177	9.9	0.0
36	FSBAX	Nov 24, 2017	10.35	Aug 25, 2017	10.4	-0.48075867	10.35	0.0
37	TIXRX	Nov 24, 2017	10.41	Aug 25, 2017	10.46	-0.47801208	10.45	-0.38277435
38	NOITX	Nov 24, 2017	10.51	Aug 25, 2017	10.56	-0.47348785	10.54	-0.28462982
39	FSTFX	Nov 24, 2017	10.54	Aug 25, 2017	10.59	-0.47214508	10.56	-0.18939972
40	VBIIX	Nov 24, 2017	11.41	Aug 25, 2017	11.46	-0.43630219	11.38	0.26361847
41	FKVFX	Sep 13, 2017	13.85	Jun 14, 2017	13.91	-0.43134308	13.83	0.14461517
42	SWNTX	Nov 24, 2017	11.68	Aug 25, 2017	11.73	-0.42625427	11.72	-0.34129333
43	VCAIX	Nov 24, 2017	11.75	Aug 25, 2017	11.8	-0.42372894	11.8	-0.42372894
44	FSAZX	Nov 24, 2017	12.02	Aug 25, 2017	12.07	-0.4142456	12.07	-0.4142456
45	PFBDX	Nov 24, 2017	10.07	Aug 25, 2017	10.11	-0.39565277	9.94	1.3078461
46	SHY	Nov 24, 2017	84.1	Aug 25, 2017	84.43	-0.39085388	84.13	-0.03565216
47	FGOVX	Nov 24, 2017	10.24	Aug 25, 2017	10.28	-0.38910675	10.23	0.0977478
48	FVIIX	Nov 24, 2017	10.25	Aug 25, 2017	10.29	-0.38872528	10.24	0.09765625	*BT*
49	FFKCX	Sep 13, 2017	13.15	Jun 14, 2017	13.2	-0.37878418	13.13	0.15231323
50	BSV	Nov 24, 2017	79.45	Aug 25, 2017	79.75	-0.37617493	79.43	0.025177002	*P*
51	FTHRX	Nov 24, 2017	10.84	Aug 25, 2017	10.88	-0.36764526	10.83	0.09233856
52	VBILX	Nov 24, 2017	11.41	Aug 25, 2017	11.45	-0.34934235	11.38	0.26361847
53	FIMIX	Nov 24, 2017	11.59	Aug 25, 2017	11.63	-0.3439331	11.64	-0.42955017
54	GLD	Nov 24, 2017	122.32	Aug 25, 2017	122.74	-0.34218597	121.4	0.75782776
55	BCITX	Nov 24, 2017	11.87	Aug 25, 2017	11.91	-0.33585358	11.92	-0.4194641
56	IAU	Nov 24, 2017	12.38	Aug 25, 2017	12.42	-0.32205963	12.29	0.7322998
57	FPHAX	Nov 24, 2017	18.59	Aug 25, 2017	18.65	-0.32170868	18.41	0.9777298
58	FTFMX	Nov 24, 2017	13.24	Aug 25, 2017	13.28	-0.3012085	13.31	-0.5259247
59	VSGBX	Nov 24, 2017	10.64	Aug 25, 2017	10.67	-0.28115845	10.65	-0.09388733
60	NOTEX	Nov 24, 2017	10.65	Aug 25, 2017	10.68	-0.28090668	10.69	-0.37418365
61	KYTFX	Nov 24, 2017	7.72	Aug 25, 2017	7.74	-0.25839996	7.75	-0.38710022
62	PRNYX	Nov 24, 2017	11.61	Aug 25, 2017	11.64	-0.2577362	11.66	-0.42881775
63	TGMNX	Nov 24, 2017	10.31	Aug 25, 2017	10.33	-0.19361115	10.3	0.097084045
64	FLTMX	Nov 24, 2017	10.37	Aug 25, 2017	10.39	-0.19249725	10.41	-0.38424683
65	FICNX	Nov 24, 2017	11.4	Aug 25, 2017	11.42	-0.17513275	11.45	-0.43668365
66	WIP	Nov 24, 2017	57.45	Aug 25, 2017	57.55	-0.17375946	56.54	1.6094818
67	FSHBX	Nov 24, 2017	8.6	Aug 25, 2017	8.61	-0.11613464	8.6	0.0
68	PTTDX	Nov 24, 2017	10.28	Aug 25, 2017	10.29	-0.09718323	10.26	0.19493103
69	TGFNX	Nov 24, 2017	10.98	Aug 25, 2017	10.99	-0.09099579	10.96	0.18247223
70	PGNDX	Nov 24, 2017	11.08	Aug 25, 2017	11.09	-0.09017944	11.07	0.09033966
71	GTFBX	Nov 24, 2017	11.47	Aug 25, 2017	11.48	-0.08709717	11.51	-0.34752655
72	FSITX	Nov 24, 2017	11.6	Aug 25, 2017	11.61	-0.086128235	11.58	0.17271423
73	FBIDX	Nov 24, 2017	11.61	Aug 25, 2017	11.62	-0.08605957	11.58	0.25906372
74	USNYX	Nov 24, 2017	11.91	Aug 25, 2017	11.92	-0.08389282	11.95	-0.33472443
75	DRTAX	Nov 24, 2017	11.74	Aug 25, 2017	11.74	0.0	11.79	-0.42408752
76	RYGBX	Nov 24, 2017	53.92	Aug 25, 2017	53.91	0.018547058	53.15	1.4487305
77	FIUIX	Nov 24, 2017	27.09	Aug 25, 2017	27.08	0.0369339	26.91	0.6688919
78	GVPIX	Nov 24, 2017	55.9	Aug 25, 2017	55.87	0.053703308	55.01	1.617897
79	BND	Nov 24, 2017	81.86	Aug 25, 2017	81.81	0.06111908	81.61	0.30633545
80	FLBIX	Nov 24, 2017	13.25	Aug 25, 2017	13.24	0.075531006	13.14	0.8371353
81	FCTFX	Nov 24, 2017	12.96	Aug 25, 2017	12.95	0.07722473	13.02	-0.4608307
82	VUSTX	Nov 24, 2017	12.38	Aug 25, 2017	12.37	0.080848694	12.27	0.896492
83	FMHTX	Nov 24, 2017	12.19	Aug 25, 2017	12.18	0.082099915	12.24	-0.40850067
84	FOHFX	Nov 24, 2017	12.17	Aug 25, 2017	12.16	0.08224487	12.23	-0.49059296
85	VMATX	Nov 24, 2017	10.78	Aug 25, 2017	10.77	0.0928421	10.82	-0.3696823
86	MDXBX	Nov 24, 2017	10.75	Aug 25, 2017	10.74	0.09311676	10.78	-0.2782898
87	VFIIX	Nov 24, 2017	10.5	Aug 25, 2017	10.49	0.095329285	10.5	0.0
88	USSTX	Nov 24, 2017	10.48	Aug 25, 2017	10.47	0.09549713	10.49	-0.095329285
89	PRTAX	Nov 24, 2017	10.13	Aug 25, 2017	10.12	0.09881592	10.17	-0.39331055
90	FSIPX	Nov 24, 2017	9.92	Aug 25, 2017	9.91	0.100914	9.92	0.0
91	FNMIX	Nov 24, 2017	16.27	Aug 25, 2017	16.25	0.12308502	16.2	0.4320984
92	CDSIX	Nov 24, 2017	16.18	Aug 25, 2017	16.16	0.12376404	16.17	0.061843872	*BT*
93	FBNDX	Nov 24, 2017	7.93	Aug 25, 2017	7.92	0.12625122	7.92	0.12625122
94	RSXJ	Nov 24, 2017	41.96	Aug 25, 2017	41.9	0.1431961	41.79	0.4067917
95	FLBAX	Nov 24, 2017	13.26	Aug 25, 2017	13.24	0.15106201	13.14	0.9132385
96	FHIGX	Nov 24, 2017	13.19	Aug 25, 2017	13.17	0.1518631	13.25	-0.45283508
97	PRULX	Nov 24, 2017	12.79	Aug 25, 2017	12.77	0.15661621	12.67	0.94712067
98	FTABX	Nov 24, 2017	11.53	Aug 25, 2017	11.51	0.17375946	11.58	-0.43178558
99	RYU	Nov 24, 2017	89.33	Aug 25, 2017	89.17	0.17943573	89.9	-0.63404083	*P*
100	USCBX	Nov 24, 2017	11.03	Aug 25, 2017	11.01	0.18164825	11.06	-0.2712555
101	PRRDX	Nov 24, 2017	11.01	Aug 25, 2017	10.99	0.18198395	11.01	0.0
102	FTBFX	Nov 24, 2017	10.67	Aug 25, 2017	10.65	0.18780518	10.65	0.18780518
103	FPCIX	Nov 24, 2017	10.65	Aug 25, 2017	10.63	0.1881485	10.62	0.28247833
104	HLPPX	Nov 24, 2017	14.63	Aug 25, 2017	14.6	0.20548248	14.51	0.8270111
105	FSHFX	Sep 06, 2017	9.66	Jun 07, 2017	9.64	0.2074585	9.66	0.0
106	FFKVX	Sep 13, 2017	13.25	Jun 14, 2017	13.22	0.22692871	13.23	0.15116882
107	VCITX	Nov 24, 2017	12.15	Aug 25, 2017	12.12	0.24752808	12.2	-0.40983582
108	VWLTX	Nov 24, 2017	11.63	Aug 25, 2017	11.6	0.2586136	11.68	-0.42808533
109	FSIGX	Nov 24, 2017	11.29	Aug 25, 2017	11.26	0.26643372	11.27	0.17745209
110	FCNVX	Nov 24, 2017	10.04	Aug 25, 2017	10.01	0.29969025	10.04	0.0
111	USATX	Nov 24, 2017	13.31	Aug 25, 2017	13.27	0.30142975	13.36	-0.3742447
112	FINPX	Nov 24, 2017	12.07	Aug 25, 2017	12.03	0.33249664	12.06	0.08290863
113	FIPAX	Nov 24, 2017	11.92	Aug 25, 2017	11.88	0.3366928	11.91	0.08396149
114	VPAIX	Nov 24, 2017	11.59	Aug 25, 2017	11.55	0.34631348	11.64	-0.42955017
115	USVAX	Nov 24, 2017	11.31	Aug 25, 2017	11.27	0.35491943	11.34	-0.26454926
116	DODIX	Nov 24, 2017	13.84	Aug 25, 2017	13.79	0.36258698	13.81	0.21723175
117	VOHIX	Nov 24, 2017	12.6	Aug 25, 2017	12.55	0.39840698	12.65	-0.3952484
118	FFKDX	Sep 13, 2017	14.94	Jun 14, 2017	14.88	0.40322876	14.92	0.13404846
119	PRINX	Nov 24, 2017	11.91	Aug 25, 2017	11.86	0.42158508	11.95	-0.33472443
120	ACITX	Nov 24, 2017	11.67	Aug 25, 2017	11.62	0.43029785	11.65	0.17167664
121	SWRSX	Nov 24, 2017	11.14	Aug 25, 2017	11.09	0.45085907	11.12	0.17986298
122	VIPSX	Nov 24, 2017	13.17	Aug 25, 2017	13.11	0.45767212	13.15	0.15209961
123	TIP	Nov 24, 2017	114.14	Aug 25, 2017	113.59	0.48420715	113.92	0.19311523
124	FFKAX	Sep 13, 2017	12.04	Jun 14, 2017	11.98	0.5008316	12.02	0.16638184
125	PRIPX	Nov 24, 2017	12.0	Aug 25, 2017	11.94	0.5025177	11.97	0.2506256
126	USTEX	Nov 24, 2017	13.38	Aug 25, 2017	13.31	0.52591705	13.42	-0.2980652
127	IBB	Nov 24, 2017	312.63	Aug 25, 2017	310.94	0.54351044	310.81	0.5855713
128	FSFFX	Sep 06, 2017	12.97	Jun 07, 2017	12.89	0.620636	12.97	0.0
129	PLMDX	Nov 24, 2017	9.37	Aug 25, 2017	9.31	0.64445496	9.26	1.1878967
130	SMTFX	Nov 24, 2017	10.45	Aug 25, 2017	10.38	0.6743698	10.48	-0.28625488
131	NHINX	Nov 24, 2017	8.7	Aug 25, 2017	8.64	0.69444275	8.68	0.23040771
132	VWAHX	Nov 24, 2017	11.38	Aug 25, 2017	11.3	0.70796204	11.42	-0.35025787
133	PRFHX	Nov 24, 2017	12.03	Aug 25, 2017	11.94	0.7537689	12.06	-0.24875641
134	PBDDX	Nov 24, 2017	10.64	Aug 25, 2017	10.56	0.757576	10.58	0.5671158
135	BCHYX	Nov 24, 2017	10.61	Aug 25, 2017	10.53	0.7597351	10.64	-0.28195953
136	FCBFX	Nov 24, 2017	11.65	Aug 25, 2017	11.56	0.77854156	11.59	0.5176773
137	LQD	Nov 24, 2017	121.19	Aug 25, 2017	120.25	0.78170013	120.31	0.7314453
138	FKTWX	Sep 13, 2017	15.81	Jun 14, 2017	15.68	0.8290787	15.79	0.12666321
139	FIBFX	Sep 06, 2017	11.35	Jun 07, 2017	11.25	0.8888931	11.35	0.0
140	PAUDX	Nov 24, 2017	9.03	Aug 25, 2017	8.95	0.89385223	8.94	1.0067139
141	FRIFX	Nov 24, 2017	12.31	Aug 25, 2017	12.2	0.90164185	12.27	0.32600403
142	FFIGX	Sep 06, 2017	15.58	Jun 07, 2017	15.44	0.9067383	15.58	0.0
143	FFKEX	Sep 13, 2017	16.31	Jun 14, 2017	16.16	0.9282074	16.28	0.18426514
144	FFRHX	Nov 24, 2017	9.63	Aug 25, 2017	9.54	0.9433975	9.62	0.1039505
145	SJNK	Nov 24, 2017	27.75	Aug 25, 2017	27.49	0.94579315	27.67	0.2891159
146	JNK	Nov 24, 2017	36.99	Aug 25, 2017	36.64	0.955246	36.81	0.4889984
147	FSRIX	Nov 24, 2017	12.62	Aug 25, 2017	12.5	0.9600067	12.56	0.4777069	*BT*
148	FSICX	Nov 24, 2017	11.16	Aug 25, 2017	11.05	0.99546814	11.11	0.45005035
149	PFODX	Nov 24, 2017	10.73	Aug 25, 2017	10.62	1.0357742	10.71	0.18674469
150	IHE	Nov 24, 2017	151.08	Aug 25, 2017	149.5	1.0568619	151.17	-0.059532166
151	FEDCX	Nov 24, 2017	10.37	Aug 25, 2017	10.26	1.0721207	10.34	0.29013062
152	FNJHX	Nov 24, 2017	11.89	Aug 25, 2017	11.76	1.1054382	11.93	-0.335289
153	FBIOX	Nov 24, 2017	216.6	Aug 25, 2017	214.17	1.1346207	214.56	0.9507904	*P*
154	FFVNX	Sep 06, 2017	10.45	Jun 07, 2017	10.33	1.1616592	10.45	0.0
155	FEDFX	Sep 06, 2017	10.42	Jun 07, 2017	10.3	1.1650467	10.42	0.0
156	FFKFX	Sep 13, 2017	17.17	Jun 14, 2017	16.97	1.1785507	17.14	0.17503357
157	FKTHX	Sep 13, 2017	17.15	Jun 14, 2017	16.94	1.2396698	17.12	0.1752243
158	VBLTX	Nov 24, 2017	14.33	Aug 25, 2017	14.15	1.2720795	14.17	1.1291504
159	FLATX	Nov 24, 2017	25.39	Aug 25, 2017	25.07	1.2764206	24.41	4.01474	*P*
160	JPC	Nov 24, 2017	10.46	Aug 25, 2017	10.32	1.3565903	10.4	0.5769272
161	EWZ	Nov 24, 2017	40.73	Aug 25, 2017	40.14	1.4698486	39.26	3.7442703
162	FASIX	Nov 24, 2017	13.69	Aug 25, 2017	13.48	1.5578613	13.62	0.51394653
163	FPIOX	Nov 24, 2017	9.63	Aug 25, 2017	9.48	1.5822906	9.6	0.31249237
164	FFKHX	Sep 13, 2017	17.93	Jun 14, 2017	17.65	1.5864029	17.9	0.16759491
165	SWHFX	Nov 24, 2017	25.55	Aug 25, 2017	25.15	1.5904541	25.4	0.5905533
166	FFKGX	Sep 13, 2017	17.78	Jun 14, 2017	17.5	1.6000061	17.76	0.11261749
167	FIKFX	Nov 24, 2017	11.97	Aug 25, 2017	11.78	1.612915	11.92	0.4194641
168	FHIFX	Nov 24, 2017	8.73	Aug 25, 2017	8.59	1.6297913	8.71	0.22962189
169	FFSTX	Sep 06, 2017	17.44	Jun 07, 2017	17.15	1.6909714	17.44	0.0
170	JHMS	Nov 24, 2017	26.44	Aug 25, 2017	26.0	1.6923065	25.38	4.1765213
171	FIAFX	Nov 24, 2017	11.33	Aug 25, 2017	11.14	1.7055664	11.28	0.44326782	*BT*
172	FIRNX	Nov 24, 2017	58.27	Aug 25, 2017	57.27	1.7461166	57.99	0.48284912
173	FCSFX	Sep 06, 2017	5.23	Jun 07, 2017	5.14	1.7509689	5.23	0.0
174	FIRMX	Nov 24, 2017	58.34	Aug 25, 2017	57.33	1.7617188	58.05	0.49957275
175	PRPFX	Nov 24, 2017	41.37	Aug 25, 2017	40.65	1.7712097	41.06	0.7549896
176	FFFAX	Nov 24, 2017	11.96	Aug 25, 2017	11.75	1.7872314	11.9	0.5042114
177	SPHIX	Nov 24, 2017	8.98	Aug 25, 2017	8.82	1.8140564	8.95	0.33518982
178	ICF	Nov 24, 2017	103.06	Aug 25, 2017	101.2	1.837944	103.53	-0.4539795
179	FSUTX	Nov 24, 2017	86.9	Aug 25, 2017	85.28	1.8996277	87.29	-0.44678497
180	VWESX	Nov 24, 2017	10.7	Aug 25, 2017	10.5	1.9047623	10.57	1.2298965
181	PASDX	Nov 24, 2017	12.24	Aug 25, 2017	12.01	1.915062	12.11	1.073494
182	FIROX	Nov 24, 2017	59.44	Aug 25, 2017	58.29	1.9728928	59.13	0.5242615
183	JHMU	Nov 24, 2017	29.13	Aug 25, 2017	28.56	1.9958038	29.37	-0.8171692
184	FIRPX	Nov 24, 2017	58.71	Aug 25, 2017	57.55	2.0156403	58.4	0.5308151
185	NBB	Nov 24, 2017	21.74	Aug 25, 2017	21.31	2.01783	21.8	-0.27522278
186	FRESX	Nov 24, 2017	42.82	Aug 25, 2017	41.96	2.0495758	42.93	-0.25623322
187	FSHNX	Nov 24, 2017	9.72	Aug 25, 2017	9.52	2.1008377	9.68	0.41322327
188	FSRRX	Nov 24, 2017	8.95	Aug 25, 2017	8.76	2.1689453	8.9	0.5617981
189	RWX	Nov 24, 2017	39.35	Aug 25, 2017	38.49	2.2343369	38.76	1.5221863
190	MNBAX	Nov 24, 2017	18.25	Aug 25, 2017	17.85	2.2408981	18.12	0.71743774
191	FJIFX	Nov 24, 2017	13.53	Aug 25, 2017	13.23	2.2675781	13.47	0.44542694
192	FTANX	Nov 24, 2017	11.25	Aug 25, 2017	11.0	2.272728	11.18	0.6261139
193	ROOF	Nov 24, 2017	27.27	Aug 25, 2017	26.66	2.2880783	26.99	1.0374222
194	VPU	Nov 24, 2017	122.91	Aug 25, 2017	120.13	2.3141632	123.62	-0.5743408
195	FFIVX	Nov 24, 2017	12.46	Aug 25, 2017	12.17	2.3829117	12.38	0.64619446	*BT*
196	REACX	Nov 24, 2017	29.63	Aug 25, 2017	28.94	2.3842316	29.6	0.10134888
197	VNQ	Nov 24, 2017	84.95	Aug 25, 2017	82.97	2.386406	85.02	-0.0823288
198	FFFVX	Nov 24, 2017	12.8	Aug 25, 2017	12.5	2.4000015	12.73	0.5498886
199	FIRQX	Nov 24, 2017	57.31	Aug 25, 2017	55.92	2.4857025	56.95	0.6321335
200	FIRRX	Nov 24, 2017	53.73	Aug 25, 2017	52.39	2.5577393	53.39	0.63682556
201	VGHCX	Nov 24, 2017	211.64	Aug 25, 2017	206.16	2.6581268	210.48	0.5511322
202	VGHAX	Nov 24, 2017	89.29	Aug 25, 2017	86.97	2.6675797	88.8	0.55179596
203	VWINX	Nov 24, 2017	27.06	Aug 25, 2017	26.33	2.772499	26.91	0.5574112
204	FSPHX	Nov 24, 2017	229.08	Aug 25, 2017	222.81	2.8140564	226.36	1.2016296
205	FEMEX	Nov 24, 2017	9.79	Aug 25, 2017	9.52	2.8361359	9.48	3.2700424
206	FKIFX	Nov 24, 2017	14.43	Aug 25, 2017	14.03	2.851036	14.34	0.62760925
207	FCIFX	Nov 24, 2017	13.01	Aug 25, 2017	12.64	2.9272232	12.93	0.618721	*BT*
208	FFFCX	Nov 24, 2017	16.44	Aug 25, 2017	15.97	2.943016	16.33	0.6736145
209	FFANX	Nov 24, 2017	11.85	Aug 25, 2017	11.51	2.9539566	11.76	0.7653122
210	FIRSX	Nov 24, 2017	54.46	Aug 25, 2017	52.88	2.9878998	54.08	0.702652
211	JPS	Nov 24, 2017	10.29	Aug 25, 2017	9.99	3.0029984	10.2	0.88235474	*P*
212	DODFX	Nov 24, 2017	46.72	Aug 25, 2017	45.32	3.0891418	45.91	1.7643204
213	FIRUX	Nov 24, 2017	59.18	Aug 25, 2017	57.38	3.1369781	58.74	0.7490616
214	JHMH	Nov 24, 2017	30.4	Aug 25, 2017	29.46	3.1907654	30.32	0.26385498
215	JPI	Nov 24, 2017	25.25	Aug 25, 2017	24.45	3.271988	24.93	1.2835999
216	ACWV	Nov 24, 2017	83.54	Aug 25, 2017	80.86	3.3143768	83.19	0.42072296
217	FFVIX	Nov 24, 2017	13.26	Aug 25, 2017	12.82	3.4321442	13.16	0.75987244	*BT*
218	FVDKX	Nov 24, 2017	27.96	Aug 25, 2017	27.03	3.4406204	27.75	0.756752
219	FVDFX	Nov 24, 2017	27.94	Aug 25, 2017	27.01	3.4431686	27.74	0.7209778
220	FIRVX	Nov 24, 2017	52.8	Aug 25, 2017	51.04	3.4482727	52.37	0.82107544
221	FLIFX	Nov 24, 2017	15.09	Aug 25, 2017	14.58	3.4979477	14.99	0.6671219
222	FFVFX	Nov 24, 2017	13.68	Aug 25, 2017	13.21	3.557907	13.57	0.8106079
223	FIRWX	Nov 24, 2017	59.43	Aug 25, 2017	57.33	3.663002	58.94	0.83135223
224	FSHCX	Nov 24, 2017	93.15	Aug 25, 2017	89.84	3.6843262	92.0	1.2500076
225	FIXRX	Nov 24, 2017	54.46	Aug 25, 2017	52.52	3.6938324	54.0	0.8518448
226	FASMX	Nov 24, 2017	18.72	Aug 25, 2017	18.05	3.711914	18.55	0.9164429
227	HDOGX	Nov 24, 2017	14.7	Aug 25, 2017	14.16	3.813568	14.62	0.54719543
228	FDIFX	Nov 24, 2017	14.33	Aug 25, 2017	13.8	3.8405762	14.21	0.8444824	*BT*
229	FIREX	Nov 24, 2017	11.35	Aug 25, 2017	10.93	3.842636	11.22	1.1586456
230	FPIFX	Nov 24, 2017	15.85	Aug 25, 2017	15.26	3.8663177	15.73	0.7628784
231	FDVLX	Nov 24, 2017	122.18	Aug 25, 2017	117.59	3.9034042	121.39	0.6508026
232	FVLKX	Nov 24, 2017	122.38	Aug 25, 2017	117.76	3.9232254	121.58	0.65799713
233	FFFDX	Nov 24, 2017	16.86	Aug 25, 2017	16.22	3.945755	16.71	0.89766693
234	FBCVX	Nov 24, 2017	18.91	Aug 25, 2017	18.19	3.9582138	18.82	0.47821808
235	TWEBX	Nov 24, 2017	23.62	Aug 25, 2017	22.72	3.9612732	23.39	0.9833374
236	EEMV	Nov 24, 2017	60.4	Aug 25, 2017	58.05	4.0482407	59.76	1.0709534
237	FSLVX	Nov 24, 2017	20.21	Aug 25, 2017	19.41	4.1215744	20.14	0.3475647
238	VNQI	Nov 24, 2017	60.83	Aug 25, 2017	58.38	4.19664	60.05	1.2989197	*P*
239	FITWX	Nov 24, 2017	14.29	Aug 25, 2017	13.71	4.230484	14.16	0.91807556	*BT*
240	FCVSX	Nov 24, 2017	28.77	Aug 25, 2017	27.6	4.239128	28.51	0.9119644
241	FFTWX	Nov 24, 2017	14.6	Aug 25, 2017	14.0	4.285721	14.46	0.96819305
242	FWRLX	Nov 24, 2017	10.41	Aug 25, 2017	9.98	4.3086166	10.22	1.8590927	*P*
243	FQIFX	Nov 24, 2017	16.83	Aug 25, 2017	16.13	4.3397446	16.69	0.8388138
244	VWO	Nov 24, 2017	45.6	Aug 25, 2017	43.69	4.3717117	44.62	2.1963272
245	FSDIX	Nov 24, 2017	15.91	Aug 25, 2017	15.24	4.396332	15.86	0.31526184
246	FSANX	Nov 24, 2017	12.81	Aug 25, 2017	12.27	4.400978	12.68	1.025238
247	VWELX	Nov 24, 2017	42.86	Aug 25, 2017	41.02	4.4856186	42.6	0.6103287
248	FEQIX	Nov 24, 2017	61.21	Aug 25, 2017	58.57	4.5074234	60.96	0.41010284
249	FSPCX	Nov 24, 2017	87.5	Aug 25, 2017	83.71	4.5275345	87.37	0.14878845
250	FEIKX	Nov 24, 2017	61.18	Aug 25, 2017	58.52	4.5454483	60.92	0.42679596
251	FIVLX	Nov 24, 2017	9.14	Aug 25, 2017	8.74	4.576668	9.0	1.5555649
252	VHT	Nov 24, 2017	152.52	Aug 25, 2017	145.83	4.587532	151.81	0.46769714
253	FHLC	Nov 24, 2017	39.59	Aug 25, 2017	37.85	4.597107	39.37	0.5588074
254	JHMD	Nov 24, 2017	30.23	Aug 25, 2017	28.89	4.638275	29.82	1.3749084
255	FZAAX	Nov 24, 2017	21.34	Aug 25, 2017	20.39	4.659149	21.19	0.7078781	*BT*
256	FCSSX	Nov 24, 2017	5.39	Aug 25, 2017	5.15	4.660187	5.31	1.5065918
257	FEQTX	Nov 24, 2017	28.95	Aug 25, 2017	27.66	4.66378	28.76	0.66064453
258	SPLV	Nov 24, 2017	47.22	Aug 25, 2017	45.11	4.677452	47.15	0.14846039	*P*
259	FBALX	Nov 24, 2017	23.88	Aug 25, 2017	22.81	4.690918	23.7	0.75948334
260	GAOSX	Nov 24, 2017	18.97	Aug 25, 2017	18.12	4.6909485	18.74	1.2273178
261	OAKIX	Nov 24, 2017	28.95	Aug 25, 2017	27.65	4.7016296	28.46	1.7217178
262	FBAKX	Nov 24, 2017	23.88	Aug 25, 2017	22.8	4.7368393	23.7	0.75948334
263	FNORX	Nov 24, 2017	54.63	Aug 25, 2017	52.15	4.7555084	53.58	1.9596786	*P*
264	FSLSX	Nov 24, 2017	44.07	Aug 25, 2017	42.04	4.8287277	43.94	0.29586792
265	FVSKX	Nov 24, 2017	44.08	Aug 25, 2017	42.03	4.877472	43.94	0.31861877
266	OWSMX	Nov 24, 2017	17.61	Aug 25, 2017	16.79	4.8838654	17.35	1.498558
267	FEFIX	Nov 24, 2017	15.48	Aug 25, 2017	14.74	5.020355	15.33	0.97846985	*P*
268	JPIN	Nov 24, 2017	60.08	Aug 25, 2017	57.2	5.034973	59.37	1.1958923
269	FDYSX	Nov 24, 2017	9.99	Aug 25, 2017	9.51	5.04731	9.86	1.3184509
270	YACKX	Nov 24, 2017	24.5	Aug 25, 2017	23.32	5.0600433	24.38	0.49221802
271	FISMX	Nov 24, 2017	30.05	Aug 25, 2017	28.6	5.0699234	29.5	1.8644104
272	FINVX	Nov 24, 2017	10.95	Aug 25, 2017	10.42	5.0863724	10.77	1.6713028
273	FGRTX	Nov 24, 2017	17.27	Aug 25, 2017	16.43	5.112602	17.2	0.40698242
274	FASGX	Nov 24, 2017	23.01	Aug 25, 2017	21.89	5.116501	22.75	1.1428604
275	FOSFX	Nov 24, 2017	50.65	Aug 25, 2017	48.17	5.1484375	49.75	1.8090515
276	FFFEX	Nov 24, 2017	18.32	Aug 25, 2017	17.42	5.1664734	18.12	1.1037445
277	FOSKX	Nov 24, 2017	50.58	Aug 25, 2017	48.09	5.1777954	49.68	1.8115997
278	GTSGX	Nov 24, 2017	9.87	Aug 25, 2017	9.38	5.2238846	9.68	1.9628067
279	FXIFX	Nov 24, 2017	17.7	Aug 25, 2017	16.82	5.2318726	17.53	0.9697647
280	FSIIX	Nov 24, 2017	43.67	Aug 25, 2017	41.49	5.2542725	42.94	1.7000427
281	FIENX	Nov 24, 2017	10.2	Aug 25, 2017	9.69	5.2631607	10.05	1.4925385
282	FSIVX	Nov 24, 2017	43.7	Aug 25, 2017	41.51	5.2758484	42.96	1.7225418	*P*
283	FGRIX	Nov 24, 2017	36.18	Aug 25, 2017	34.36	5.296852	36.0	0.5
284	FGIKX	Nov 24, 2017	36.15	Aug 25, 2017	34.33	5.301491	35.97	0.5004196
285	PRHSX	Nov 24, 2017	74.34	Aug 25, 2017	70.58	5.327286	73.93	0.55457306
286	FDIVX	Nov 24, 2017	41.99	Aug 25, 2017	39.86	5.343712	41.31	1.6460876
287	XBI	Nov 24, 2017	81.96	Aug 25, 2017	77.78	5.3741302	81.43	0.650856
288	EFA	Nov 24, 2017	70.34	Aug 25, 2017	66.75	5.378273	69.16	1.7061844
289	FDIKX	Nov 24, 2017	41.95	Aug 25, 2017	39.8	5.4020157	41.27	1.6476898
290	FGBLX	Nov 24, 2017	26.46	Aug 25, 2017	25.09	5.460335	26.05	1.5738983
291	FLCSX	Nov 24, 2017	32.65	Aug 25, 2017	30.93	5.5609436	32.49	0.49245453
292	FPUKX	Nov 24, 2017	23.32	Aug 25, 2017	22.09	5.568123	23.16	0.6908417
293	DODGX	Nov 24, 2017	201.9	Aug 25, 2017	191.25	5.5686264	200.75	0.57284546
294	PCRIX	Nov 24, 2017	6.82	Aug 25, 2017	6.46	5.5727615	6.71	1.6393433	*BT*
295	FEXKX	Nov 24, 2017	21.47	Aug 25, 2017	20.33	5.6074753	21.33	0.6563568
296	FPURX	Nov 24, 2017	23.34	Aug 25, 2017	22.1	5.6108627	23.18	0.6902466
297	FILFX	Nov 24, 2017	11.65	Aug 25, 2017	11.03	5.621025	11.52	1.1284561
298	YAFFX	Nov 24, 2017	22.91	Aug 25, 2017	21.69	5.62471	22.73	0.79190826
299	FSGDX	Nov 24, 2017	13.7	Aug 25, 2017	12.97	5.628372	13.45	1.8587341	*BT*
300	VWNFX	Nov 24, 2017	38.99	Aug 25, 2017	36.91	5.63533	38.66	0.85359955
301	FEXPX	Nov 24, 2017	21.52	Aug 25, 2017	20.37	5.645546	21.37	0.70191956
302	VEU	Nov 24, 2017	54.56	Aug 25, 2017	51.64	5.654541	53.65	1.6961823
303	FSGEX	Nov 24, 2017	13.43	Aug 25, 2017	12.71	5.6648407	13.19	1.8195648
304	VGTSX	Nov 24, 2017	18.17	Aug 25, 2017	17.19	5.700981	17.84	1.8497696
305	FFNOX	Nov 24, 2017	44.46	Aug 25, 2017	42.05	5.73127	44.02	0.99954224
306	VTIAX	Nov 24, 2017	30.39	Aug 25, 2017	28.74	5.7411346	29.84	1.8431702	*P*
307	FITHX	Nov 24, 2017	15.1	Aug 25, 2017	14.28	5.742302	14.93	1.138649	*BT*
308	FFFPX	Nov 24, 2017	12.45	Aug 25, 2017	11.77	5.777397	12.31	1.1372833	*BT*
309	VXUS	Nov 24, 2017	56.69	Aug 25, 2017	53.59	5.7846527	55.74	1.7043381
310	OAKBX	Nov 24, 2017	34.17	Aug 25, 2017	32.3	5.7894745	33.88	0.85595703
311	PEQKX	Nov 24, 2017	36.15	Aug 25, 2017	34.17	5.7945633	36.0	0.41667175	*BT*
312	FDKQX	Nov 24, 2017	11.99	Aug 25, 2017	11.33	5.8252487	11.86	1.0961151	*BT*
313	FIFFX	Nov 24, 2017	16.16	Aug 25, 2017	15.27	5.828415	15.98	1.1264114	*BT*
314	VTV	Nov 24, 2017	102.13	Aug 25, 2017	96.5	5.834198	101.73	0.39318848
315	FFFIX	Nov 24, 2017	12.51	Aug 25, 2017	11.82	5.83757	12.37	1.1317749	*BT*
316	FHFIX	Nov 24, 2017	13.57	Aug 25, 2017	12.82	5.850235	13.42	1.1177292	*BT*
317	FFTHX	Nov 24, 2017	15.39	Aug 25, 2017	14.53	5.9187927	15.2	1.2500076
318	SCHF	Nov 24, 2017	34.51	Aug 25, 2017	32.58	5.9238663	33.97	1.5896301
319	PRMTX	Nov 24, 2017	99.66	Aug 25, 2017	94.08	5.9311295	98.21	1.4764328
320	FLPSX	Nov 24, 2017	53.34	Aug 25, 2017	50.35	5.938431	52.59	1.4261246
321	FIGRX	Nov 24, 2017	47.68	Aug 25, 2017	45.0	5.955551	46.79	1.9021149
322	VSS	Nov 24, 2017	118.25	Aug 25, 2017	111.6	5.958786	115.91	2.0188065
323	FLPKX	Nov 24, 2017	53.3	Aug 25, 2017	50.3	5.964218	52.56	1.4079132
324	VTMGX	Nov 24, 2017	14.36	Aug 25, 2017	13.55	5.9778595	14.12	1.699707
325	FFFFX	Nov 24, 2017	10.81	Aug 25, 2017	10.2	5.9803925	10.68	1.2172318
326	FFFGX	Nov 24, 2017	12.22	Aug 25, 2017	11.53	5.9843903	12.07	1.2427597
327	FIDKX	Nov 24, 2017	47.6	Aug 25, 2017	44.91	5.9897537	46.71	1.9053726
328	FZAIX	Nov 24, 2017	47.57	Aug 25, 2017	44.88	5.993759	46.68	1.906601	*BT*
329	FIHFX	Nov 24, 2017	18.72	Aug 25, 2017	17.66	6.0022583	18.52	1.0799026
330	FDGKX	Nov 24, 2017	34.74	Aug 25, 2017	32.77	6.0116043	34.51	0.66648865
331	MFVSX	Nov 24, 2017	23.06	Aug 25, 2017	21.75	6.0229874	22.89	0.7426834
332	FFFHX	Nov 24, 2017	12.29	Aug 25, 2017	11.59	6.039688	12.14	1.2355804
333	JHMF	Nov 24, 2017	34.99	Aug 25, 2017	32.99	6.0624466	34.94	0.14311218
334	FUSIX	Nov 24, 2017	10.82	Aug 25, 2017	10.2	6.07843	10.63	1.7873917
335	FSAIX	Nov 24, 2017	84.45	Aug 25, 2017	79.61	6.0796356	84.13	0.38036346	*P*
336	FSNGX	Nov 24, 2017	23.51	Aug 25, 2017	22.16	6.0920563	23.22	1.2489319
337	XLF	Nov 24, 2017	26.22	Aug 25, 2017	24.71	6.1108856	26.19	0.11454773
338	FIPFX	Nov 24, 2017	19.09	Aug 25, 2017	17.99	6.1145096	18.88	1.112297
339	FBIFX	Nov 24, 2017	18.86	Aug 25, 2017	17.77	6.1339417	18.66	1.0718079
340	FEMSX	Nov 24, 2017	21.94	Aug 25, 2017	20.67	6.1441803	21.57	1.7153473
341	FIOFX	Nov 24, 2017	19.0	Aug 25, 2017	17.9	6.1452484	18.79	1.1176147
342	FICDX	Nov 24, 2017	55.27	Aug 25, 2017	52.06	6.1659546	54.66	1.1159897
343	VHDYX	Nov 24, 2017	32.88	Aug 25, 2017	30.97	6.167267	32.76	0.3663025
344	JIGFX	Nov 24, 2017	33.36	Aug 25, 2017	31.42	6.174408	32.76	1.8315048
345	PRF	Nov 24, 2017	109.48	Aug 25, 2017	103.11	6.177864	108.76	0.66200256
346	EEM	Nov 24, 2017	47.71	Aug 25, 2017	44.93	6.187401	46.59	2.4039536
347	EIERX	Nov 24, 2017	17.98	Aug 25, 2017	16.93	6.2020035	17.84	0.7847519	*BT*
348	FAMRX	Nov 24, 2017	19.91	Aug 25, 2017	18.74	6.2433395	19.65	1.3231506
349	FIGFX	Nov 24, 2017	13.73	Aug 25, 2017	12.92	6.269348	13.44	2.1577377
350	FLVEX	Nov 24, 2017	13.18	Aug 25, 2017	12.4	6.290329	13.11	0.5339508	*P*
351	JHMC	Nov 24, 2017	29.04	Aug 25, 2017	27.32	6.295761	28.4	2.2535172
352	VICEX	Nov 24, 2017	31.78	Aug 25, 2017	29.89	6.3231964	31.22	1.7937317
353	FNCL	Nov 24, 2017	38.51	Aug 25, 2017	36.21	6.351837	38.43	0.2081604
354	FSMEX	Nov 24, 2017	48.1	Aug 25, 2017	45.22	6.3688507	47.12	2.0797958
355	FTIEX	Nov 24, 2017	9.6	Aug 25, 2017	9.02	6.4301453	9.41	2.0191345
356	RSP	Nov 24, 2017	97.99	Aug 25, 2017	92.06	6.441452	97.3	0.70913696
357	POGSX	Nov 24, 2017	64.06	Aug 25, 2017	60.18	6.4473114	63.38	1.0728836
358	FSAEX	Nov 24, 2017	13.83	Aug 25, 2017	12.99	6.466522	13.71	0.875267
359	VIMSX	Nov 24, 2017	41.38	Aug 25, 2017	38.86	6.4848175	40.91	1.1488647
360	VEIPX	Nov 24, 2017	36.6	Aug 25, 2017	34.37	6.4882126	36.4	0.5494461
361	VFH	Nov 24, 2017	66.29	Aug 25, 2017	62.25	6.4899597	66.11	0.27227783
362	PRFDX	Nov 24, 2017	35.0	Aug 25, 2017	32.86	6.512474	34.75	0.719429
363	VO	Nov 24, 2017	151.58	Aug 25, 2017	142.31	6.513954	149.81	1.1814957
364	KRE	Nov 24, 2017	55.91	Aug 25, 2017	52.49	6.515526	55.6	0.55755615
365	HLIEX	Nov 24, 2017	16.89	Aug 25, 2017	15.85	6.561508	16.83	0.35650635
366	FSRBX	Nov 24, 2017	34.06	Aug 25, 2017	31.96	6.5707245	33.94	0.35357666
367	VT	Nov 24, 2017	73.25	Aug 25, 2017	68.7	6.6230087	72.3	1.3139572
368	GWX	Nov 24, 2017	36.49	Aug 25, 2017	34.22	6.633545	35.69	2.2415314
369	IBM	Nov 24, 2017	151.84	Aug 25, 2017	142.32	6.6891403	149.12	1.8240356
370	FIGSX	Nov 24, 2017	16.58	Aug 25, 2017	15.54	6.6924133	16.23	2.1565094
371	PYVLX	Nov 24, 2017	16.84	Aug 25, 2017	15.78	6.717369	16.77	0.4174118
372	FSTSX	Nov 24, 2017	18.57	Aug 25, 2017	17.4	6.724144	18.09	2.6533966
373	ANDVX	Nov 24, 2017	18.53	Aug 25, 2017	17.36	6.7396317	18.44	0.48806763	*BT*
374	FSAMX	Nov 24, 2017	11.54	Aug 25, 2017	10.81	6.753006	11.29	2.2143478
375	VEVRX	Nov 24, 2017	40.3	Aug 25, 2017	37.75	6.7549744	39.92	0.9519119	*BT**P*
376	LEXCX	Nov 24, 2017	35.86	Aug 25, 2017	33.59	6.757965	35.48	1.071022
377	FOHIX	Nov 24, 2017	17.16	Aug 25, 2017	16.07	6.7828293	17.05	0.64515686
378	FMCSX	Nov 24, 2017	39.17	Aug 25, 2017	36.67	6.817566	38.68	1.2667999
379	FKMCX	Nov 24, 2017	39.2	Aug 25, 2017	36.69	6.84111	38.71	1.2658234
380	VTRIX	Nov 24, 2017	40.06	Aug 25, 2017	37.48	6.8836823	39.3	1.9338455
381	FVSAX	Nov 24, 2017	20.17	Aug 25, 2017	18.87	6.8892365	20.08	0.44820404
382	SPY	Nov 24, 2017	260.36	Aug 25, 2017	243.35	6.9899216	258.62	0.6727905	*P*
383	FMIMX	Nov 24, 2017	29.07	Aug 25, 2017	27.17	6.9930115	28.79	0.97255707
384	FUSEX	Nov 24, 2017	91.23	Aug 25, 2017	85.26	7.0021133	90.62	0.6731415
385	VFINX	Nov 24, 2017	240.91	Aug 25, 2017	225.14	7.004532	239.3	0.6727905
386	IVV	Nov 24, 2017	262.09	Aug 25, 2017	244.93	7.0060883	260.34	0.67219543
387	VOO	Nov 24, 2017	239.12	Aug 25, 2017	223.46	7.0079575	237.54	0.6651535	*P*
388	FSCRX	Nov 24, 2017	31.91	Aug 25, 2017	29.82	7.0087204	31.37	1.7213821
389	FUSVX	Nov 24, 2017	91.25	Aug 25, 2017	85.26	7.025566	90.64	0.6729965	*P*
390	VFIAX	Nov 24, 2017	240.95	Aug 25, 2017	225.11	7.0365524	239.34	0.6726837	*P*
391	VIS	Nov 24, 2017	134.89	Aug 25, 2017	126.0	7.0555573	133.56	0.99580383
392	FSCOX	Nov 24, 2017	19.2	Aug 25, 2017	17.93	7.083107	18.65	2.9490738
393	JHML	Nov 24, 2017	34.01	Aug 25, 2017	31.76	7.084381	33.75	0.77036285
394	FDEQX	Nov 24, 2017	39.41	Aug 25, 2017	36.8	7.092392	39.12	0.74131775
395	CHTTX	Nov 24, 2017	43.66	Aug 25, 2017	40.76	7.11483	42.78	2.0570374
396	FDEKX	Nov 24, 2017	39.38	Aug 25, 2017	36.76	7.1273193	39.09	0.7418747
397	FIDSX	Nov 24, 2017	110.58	Aug 25, 2017	103.21	7.1407776	110.08	0.45420837
398	FIDU	Nov 24, 2017	36.72	Aug 25, 2017	34.26	7.1803894	36.32	1.101326
399	VIG	Nov 24, 2017	98.25	Aug 25, 2017	91.63	7.224716	97.56	0.70726013
400	DGRO	Nov 24, 2017	33.64	Aug 25, 2017	31.37	7.236206	33.52	0.35799408	*P*
401	FCSAX	Nov 24, 2017	18.21	Aug 25, 2017	16.98	7.2438126	18.08	0.71902466
402	RERGX	Nov 24, 2017	58.3	Aug 25, 2017	54.36	7.2479706	57.3	1.7452011
403	PCBIX	Nov 24, 2017	27.92	Aug 25, 2017	26.03	7.260849	27.54	1.3798141	*BT**P*
404	FFGCX	Nov 24, 2017	12.69	Aug 25, 2017	11.83	7.2696457	12.42	2.173912
405	FSMVX	Nov 24, 2017	27.87	Aug 25, 2017	25.98	7.2748337	27.73	0.5048752
406	CGMFX	Nov 24, 2017	53.07	Aug 25, 2017	49.47	7.27713	51.78	2.4913101
407	FIVFX	Nov 24, 2017	21.61	Aug 25, 2017	20.14	7.298912	21.07	2.562889
408	FLSAX	Nov 24, 2017	44.97	Aug 25, 2017	41.87	7.4038773	44.31	1.4895096
409	VTSMX	Nov 24, 2017	65.22	Aug 25, 2017	60.72	7.411064	64.65	0.8816681
410	FSTMX	Nov 24, 2017	75.74	Aug 25, 2017	70.51	7.4173813	75.07	0.8924942
411	VTSAX	Nov 24, 2017	65.25	Aug 25, 2017	60.74	7.4250793	64.68	0.88126373
412	FSTVX	Nov 24, 2017	75.76	Aug 25, 2017	70.52	7.4305267	75.09	0.89227295
413	VTI	Nov 24, 2017	134.11	Aug 25, 2017	124.82	7.442711	132.89	0.9180527
414	FFSMX	Nov 24, 2017	75.78	Aug 25, 2017	70.53	7.4436417	75.1	0.90545654
415	VWNDX	Nov 24, 2017	23.65	Aug 25, 2017	22.01	7.4511566	23.43	0.93896484
416	RPMGX	Nov 24, 2017	93.47	Aug 25, 2017	86.83	7.6471176	92.13	1.4544754
417	FSDCX	Nov 24, 2017	36.23	Aug 25, 2017	33.65	7.66716	35.14	3.1018753
418	ANWPX	Nov 24, 2017	45.83	Aug 25, 2017	42.55	7.7085876	45.15	1.5060883
419	SHOP	Nov 24, 2017	111.81	Aug 25, 2017	103.74	7.7790604	103.89	7.6234436	*P*
420	JHMM	Nov 24, 2017	33.47	Aug 25, 2017	31.05	7.793892	33.12	1.0567627
421	FIEUX	Nov 24, 2017	43.13	Aug 25, 2017	40.01	7.79805	42.13	2.3735962
422	FSCDX	Nov 24, 2017	28.72	Aug 25, 2017	26.64	7.8078003	28.57	0.5250244
423	SEQUX	Nov 24, 2017	166.13	Aug 25, 2017	154.04	7.8486176	164.07	1.2555618
424	FSVLX	Nov 24, 2017	15.61	Aug 25, 2017	14.47	7.8783646	15.42	1.2321625
425	FSRFX	Nov 24, 2017	99.85	Aug 25, 2017	92.51	7.934273	99.1	0.75681305
426	FSCGX	Nov 24, 2017	43.09	Aug 25, 2017	39.92	7.9408875	42.66	1.0079727
427	FDCAX	Nov 24, 2017	38.6	Aug 25, 2017	35.73	8.032463	38.07	1.3921738
428	FMILX	Nov 24, 2017	42.07	Aug 25, 2017	38.94	8.03801	41.51	1.349083
429	CGMRX	Nov 24, 2017	36.99	Aug 25, 2017	34.23	8.06311	36.2	2.1823273
430	FLVCX	Nov 24, 2017	33.98	Aug 25, 2017	31.44	8.078873	33.42	1.6756516
431	FLCKX	Nov 24, 2017	34.06	Aug 25, 2017	31.5	8.126984	33.5	1.6716461
432	SSSFX	Nov 24, 2017	25.74	Aug 25, 2017	23.8	8.151268	25.13	2.4273758
433	FDSSX	Nov 24, 2017	44.92	Aug 25, 2017	41.53	8.162773	44.32	1.3537903
434	JHMA	Nov 24, 2017	34.01	Aug 25, 2017	31.44	8.174286	33.42	1.7654037
435	FSSKX	Nov 24, 2017	44.97	Aug 25, 2017	41.56	8.205009	44.37	1.352272
436	JDSNX	Nov 24, 2017	24.26	Aug 25, 2017	22.42	8.206963	23.98	1.1676407	*BT*
437	VOOG	Nov 24, 2017	135.35	Aug 25, 2017	125.07	8.2193985	134.25	0.8193741
438	FLCEX	Nov 24, 2017	14.7	Aug 25, 2017	13.57	8.327194	14.61	0.6160126
439	XT	Nov 24, 2017	35.6	Aug 25, 2017	32.86	8.338402	35.05	1.569191
440	VUG	Nov 24, 2017	139.54	Aug 25, 2017	128.78	8.355331	138.09	1.0500412
441	PRGFX	Nov 24, 2017	71.25	Aug 25, 2017	65.75	8.365021	70.45	1.1355667
442	RSX	Nov 24, 2017	22.48	Aug 25, 2017	20.74	8.38958	21.66	3.7857742
443	FXI	Nov 24, 2017	47.94	Aug 25, 2017	44.21	8.437004	46.71	2.6332703
444	FDFFX	Nov 24, 2017	41.6	Aug 25, 2017	38.36	8.446289	41.2	0.97086334
445	FDLSX	Nov 24, 2017	170.9	Aug 25, 2017	157.58	8.452843	169.47	0.8437958
446	JMIEX	Nov 24, 2017	30.08	Aug 25, 2017	27.73	8.474579	29.42	2.2433777	*BT*
447	ASHR	Nov 24, 2017	31.53	Aug 25, 2017	29.05	8.537003	31.43	0.31816864
448	DIA	Nov 24, 2017	235.47	Aug 25, 2017	216.9	8.561554	234.35	0.4779129
449	FEMFX	Sep 06, 2017	20.73	Jun 07, 2017	19.09	8.590874	20.73	0.0
450	ANFVX	Nov 24, 2017	28.18	Aug 25, 2017	25.93	8.677208	27.87	1.1123047	*BT*
451	XLB	Nov 24, 2017	58.84	Aug 25, 2017	54.14	8.681198	58.23	1.0475769	*P*
452	FDEGX	Nov 24, 2017	40.41	Aug 25, 2017	37.18	8.687462	39.97	1.1008301	*P*
453	FWWFX	Nov 24, 2017	28.24	Aug 25, 2017	25.98	8.6989975	27.76	1.7291107
454	MLAIX	Nov 24, 2017	11.36	Aug 25, 2017	10.45	8.70813	11.17	1.7009888	*BT**P*
455	FSLBX	Nov 24, 2017	81.15	Aug 25, 2017	74.64	8.721863	79.64	1.8960342	*P*
456	FAGKX	Nov 24, 2017	40.74	Aug 25, 2017	37.47	8.7269745	40.29	1.1169052
457	FEMKX	Nov 24, 2017	32.6	Aug 25, 2017	29.98	8.739159	31.83	2.4191055	*P*
458	MOO	Nov 24, 2017	60.76	Aug 25, 2017	55.87	8.752464	59.5	2.1176453
459	FGDKX	Nov 24, 2017	33.66	Aug 25, 2017	30.95	8.75605	33.23	1.294014
460	FDSVX	Nov 24, 2017	33.64	Aug 25, 2017	30.93	8.761719	33.21	1.2947922
461	FSLCX	Nov 24, 2017	20.18	Aug 25, 2017	18.55	8.787071	19.85	1.662468
462	FSCPX	Nov 24, 2017	41.4	Aug 25, 2017	38.04	8.832809	40.74	1.6200333
463	FMEIX	Nov 24, 2017	16.09	Aug 25, 2017	14.78	8.863327	15.9	1.1949768
464	SCHD	Nov 24, 2017	49.29	Aug 25, 2017	45.27	8.880058	49.05	0.48929596
465	FCYIX	Nov 24, 2017	35.99	Aug 25, 2017	33.05	8.895622	35.67	0.89712524
466	RFV	Nov 24, 2017	66.38	Aug 25, 2017	60.95	8.908936	65.58	1.2198792
467	RTM	Nov 24, 2017	107.65	Aug 25, 2017	98.84	8.913399	106.45	1.1272888
468	FZANX	Nov 24, 2017	33.98	Aug 25, 2017	31.19	8.945168	33.55	1.2816696	*BT*
469	PRNHX	Nov 24, 2017	56.01	Aug 25, 2017	51.41	8.94767	55.28	1.3205566
470	FFIDX	Nov 24, 2017	45.53	Aug 25, 2017	41.77	9.001671	45.21	0.7078018
471	FFDKX	Nov 24, 2017	45.52	Aug 25, 2017	41.75	9.029938	45.2	0.70796204
472	AGTHX	Nov 24, 2017	52.26	Aug 25, 2017	47.93	9.034004	51.56	1.3576355
473	FMAGX	Nov 24, 2017	107.09	Aug 25, 2017	98.15	9.108505	106.21	0.828537
474	FMGKX	Nov 24, 2017	106.99	Aug 25, 2017	98.04	9.128929	106.11	0.82933044
475	JHMI	Nov 24, 2017	33.63	Aug 25, 2017	30.81	9.152878	33.29	1.0213242
476	XLE	Nov 24, 2017	67.88	Aug 25, 2017	62.18	9.166931	67.1	1.1624451
477	FSDPX	Nov 24, 2017	92.01	Aug 25, 2017	84.27	9.184769	91.05	1.0543671
478	XTN	Nov 24, 2017	59.33	Aug 25, 2017	54.33	9.203018	58.65	1.1594162	*P*
479	VAW	Nov 24, 2017	133.09	Aug 25, 2017	121.87	9.20652	131.32	1.3478394
480	NOSGX	Nov 24, 2017	25.58	Aug 25, 2017	23.41	9.2695465	25.17	1.6289215
481	VEXMX	Nov 24, 2017	83.73	Aug 25, 2017	76.61	9.293831	82.11	1.9729614
482	VEXAX	Nov 24, 2017	83.7	Aug 25, 2017	76.55	9.340286	82.08	1.9736786	*P*
483	FSEMX	Nov 24, 2017	63.71	Aug 25, 2017	58.26	9.354614	62.48	1.9686356
484	FCNTX	Nov 24, 2017	128.96	Aug 25, 2017	117.91	9.3715515	127.33	1.2801437	*P*
485	FSEVX	Nov 24, 2017	63.72	Aug 25, 2017	58.26	9.37178	62.49	1.9683151
486	FSGFX	Nov 24, 2017	19.13	Aug 25, 2017	17.49	9.376785	18.89	1.2705078
487	FCNKX	Nov 24, 2017	128.96	Aug 25, 2017	117.89	9.390114	127.33	1.2801437	*P*
488	FSESX	Nov 24, 2017	45.07	Aug 25, 2017	41.2	9.393204	43.58	3.418991
489	FCPVX	Nov 24, 2017	20.18	Aug 25, 2017	18.44	9.436012	19.91	1.356102
490	EEH	Nov 24, 2017	19.71	Aug 25, 2017	18.0	9.499992	19.71	0.0
491	GSSUX	Nov 24, 2017	65.72	Aug 25, 2017	60.01	9.515083	64.63	1.6865234
492	NAESX	Nov 24, 2017	69.74	Aug 25, 2017	63.67	9.533539	68.51	1.7953491
493	VB	Nov 24, 2017	145.62	Aug 25, 2017	132.93	9.546371	143.1	1.760994
494	FJSCX	Nov 24, 2017	19.29	Aug 25, 2017	17.6	9.602272	18.77	2.770378
495	FSCFX	Nov 24, 2017	15.5	Aug 25, 2017	14.14	9.618103	15.21	1.9066467
496	FTRNX	Nov 24, 2017	106.97	Aug 25, 2017	97.57	9.6341095	105.47	1.4222031
497	PYZ	Nov 24, 2017	67.76	Aug 25, 2017	61.78	9.679504	66.38	2.078949
498	HAO	Nov 24, 2017	30.29	Aug 25, 2017	27.61	9.706627	30.21	0.2648239
499	FENY	Nov 24, 2017	18.84	Aug 25, 2017	17.17	9.726265	18.57	1.4539566
500	FSDAX	Nov 24, 2017	166.16	Aug 25, 2017	151.39	9.756264	164.3	1.1320724
501	FXZ	Nov 24, 2017	41.66	Aug 25, 2017	37.94	9.804962	40.97	1.6841507
502	VDE	Nov 24, 2017	93.0	Aug 25, 2017	84.63	9.890114	91.65	1.4729996
503	JATTX	Nov 24, 2017	29.35	Aug 25, 2017	26.7	9.925095	28.92	1.4868622
504	FSLEX	Nov 24, 2017	26.61	Aug 25, 2017	24.18	10.049629	26.29	1.217186
505	FCPEX	Nov 24, 2017	14.63	Aug 25, 2017	13.29	10.082771	14.36	1.8802261
506	ONEQ	Nov 24, 2017	271.16	Aug 25, 2017	246.22	10.12915	267.39	1.4099274
507	FNCMX	Nov 24, 2017	91.11	Aug 25, 2017	82.71	10.15596	89.88	1.3684998	*P*
508	DIAX	Nov 24, 2017	17.99	Aug 25, 2017	16.31	10.30043	17.62	2.099884
509	QQQ	Nov 24, 2017	156.26	Aug 25, 2017	141.66	10.306358	154.54	1.1129837
510	FDSCX	Nov 24, 2017	28.95	Aug 25, 2017	26.24	10.327744	28.44	1.793251
511	FSOPX	Nov 24, 2017	14.38	Aug 25, 2017	13.03	10.3607025	14.13	1.7692795
512	BRSVX	Nov 24, 2017	26.48	Aug 25, 2017	23.99	10.379326	26.0	1.8461456
513	FOCPX	Nov 24, 2017	111.74	Aug 25, 2017	101.19	10.425926	109.46	2.0829544
514	EWJ	Nov 24, 2017	60.05	Aug 25, 2017	54.36	10.467255	58.98	1.8141785
515	FPBFX	Nov 24, 2017	36.62	Aug 25, 2017	33.15	10.467567	36.08	1.4966583	*P*
516	FSEAX	Nov 24, 2017	45.37	Aug 25, 2017	41.06	10.496834	44.81	1.2497177	*P*
517	IWM	Nov 24, 2017	150.95	Aug 25, 2017	136.55	10.545586	147.77	2.1519928
518	FBGRX	Nov 24, 2017	89.84	Aug 25, 2017	81.25	10.572304	88.34	1.6979828
519	STCEX	Nov 24, 2017	10.98	Aug 25, 2017	9.93	10.574005	10.76	2.044609
520	RWJ	Nov 24, 2017	67.96	Aug 25, 2017	61.46	10.575989	66.2	2.658615
521	FLGEX	Nov 24, 2017	19.15	Aug 25, 2017	17.28	10.821747	18.98	0.89567566
522	RYTRX	Nov 24, 2017	15.14	Aug 25, 2017	13.66	10.834564	14.9	1.6107407	*BT*
523	VHCOX	Nov 24, 2017	68.65	Aug 25, 2017	61.86	10.976395	67.48	1.733841
524	PARWX	Nov 24, 2017	38.18	Aug 25, 2017	34.38	11.052933	37.63	1.4616013
525	DBC	Nov 24, 2017	16.44	Aug 25, 2017	14.79	11.156189	16.06	2.3661346
526	FGCKX	Nov 24, 2017	187.07	Aug 25, 2017	168.14	11.258484	183.94	1.7016449
527	FCPGX	Nov 24, 2017	24.88	Aug 25, 2017	22.34	11.369743	24.3	2.3868332	*P*
528	THD	Nov 24, 2017	89.42	Aug 25, 2017	80.27	11.399033	88.29	1.2798691
529	JASCX	Nov 24, 2017	36.9	Aug 25, 2017	33.11	11.446693	36.06	2.3294601
530	JHME	Nov 24, 2017	27.7	Aug 25, 2017	24.84	11.513687	27.24	1.6886978
531	FJPNX	Nov 24, 2017	15.7	Aug 25, 2017	14.03	11.903069	15.3	2.61438
532	FHKCX	Nov 24, 2017	36.47	Aug 25, 2017	32.58	11.939835	36.11	0.9969559	*P*
533	ERUS	Nov 24, 2017	35.03	Aug 25, 2017	31.25	12.096001	33.79	3.669716
534	PRGTX	Nov 24, 2017	20.05	Aug 25, 2017	17.88	12.136475	19.65	2.035614
535	ICENX	Nov 24, 2017	12.47	Aug 25, 2017	11.12	12.140289	12.23	1.9624023
536	FSHOX	Nov 24, 2017	68.34	Aug 25, 2017	60.9	12.216736	67.22	1.6661682
537	FTQGX	Nov 24, 2017	24.32	Aug 25, 2017	21.67	12.228882	23.87	1.8852081
538	IJR	Nov 24, 2017	76.11	Aug 25, 2017	67.76	12.3229065	74.31	2.422287
539	CXXRX	Nov 24, 2017	26.59	Aug 25, 2017	23.67	12.336288	25.96	2.4268188	*BT*
540	FSRPX	Nov 24, 2017	130.52	Aug 25, 2017	116.18	12.342918	127.72	2.1922913
541	FBSOX	Nov 24, 2017	55.62	Aug 25, 2017	49.49	12.386337	55.09	0.9620514
542	EPU	Nov 24, 2017	41.67	Aug 25, 2017	37.07	12.408951	40.31	3.373848
543	SLYV	Nov 24, 2017	129.09	Aug 25, 2017	114.77	12.477127	126.03	2.4279938
544	FSAVX	Nov 24, 2017	40.08	Aug 25, 2017	35.63	12.489471	39.37	1.8034134	*P*
545	IJS	Nov 24, 2017	151.44	Aug 25, 2017	134.59	12.519501	148.05	2.289772
546	FSCSX	Nov 24, 2017	174.11	Aug 25, 2017	154.61	12.612381	172.31	1.044632	*P*
547	XHB	Nov 24, 2017	42.23	Aug 25, 2017	37.44	12.7938	41.47	1.8326416
548	FSCHX	Nov 24, 2017	185.63	Aug 25, 2017	164.42	12.899902	182.38	1.78199
549	FNARX	Nov 24, 2017	28.24	Aug 25, 2017	24.97	13.095711	27.65	2.133812
550	EES	Nov 24, 2017	35.74	Aug 25, 2017	31.59	13.137077	34.92	2.348236
551	PENNX	Nov 24, 2017	12.8	Aug 25, 2017	11.26	13.676727	12.51	2.3181458
552	FSENX	Nov 24, 2017	41.99	Aug 25, 2017	36.91	13.763214	41.04	2.3148193
553	FTEC	Nov 24, 2017	50.92	Aug 25, 2017	44.72	13.864044	50.22	1.3938675
554	VGT	Nov 24, 2017	167.77	Aug 25, 2017	147.34	13.865898	165.48	1.3838501
555	JHMT	Nov 24, 2017	42.1	Aug 25, 2017	36.74	14.588997	41.54	1.3480911
556	FDCPX	Nov 24, 2017	100.91	Aug 25, 2017	87.99	14.683495	98.95	1.9808044
557	MVALX	Nov 24, 2017	45.44	Aug 25, 2017	39.58	14.80545	44.23	2.735695
558	FSPTX	Nov 24, 2017	198.17	Aug 25, 2017	172.09	15.154861	193.96	2.1705475
559	QQQX	Nov 24, 2017	24.35	Aug 25, 2017	21.14	15.184486	23.85	2.0964355
560	PSCM	Nov 24, 2017	51.39	Aug 25, 2017	44.6	15.22422	50.33	2.1060944
561	FATIX	Nov 24, 2017	65.23	Aug 25, 2017	56.57	15.308472	63.8	2.2413864	*BT**P*
562	RZV	Nov 24, 2017	72.23	Aug 25, 2017	62.03	16.443672	70.1	3.0385284
563	CSCO	Nov 24, 2017	36.49	Aug 25, 2017	31.17	17.067696	35.88	1.700119
564	POAGX	Nov 24, 2017	44.56	Aug 25, 2017	37.79	17.914795	43.06	3.4835129
565	ROBO	Nov 24, 2017	42.59	Aug 25, 2017	36.1	17.977844	40.9	4.132019
566	PKB	Nov 24, 2017	33.65	Aug 25, 2017	28.36	18.653038	32.73	2.8108826
567	UGA	Nov 24, 2017	32.17	Aug 25, 2017	26.83	19.903091	30.84	4.3125763
568	USO	Nov 24, 2017	11.79	Aug 25, 2017	9.75	20.92308	11.07	6.504074
569	BOTZ	Nov 24, 2017	24.89	Aug 25, 2017	20.18	23.339935	24.05	3.4927216	*P*
570	PSCE	Nov 24, 2017	14.74	Aug 25, 2017	11.93	23.554062	14.09	4.6131973	*P*
571	ITB	Nov 24, 2017	42.03	Aug 25, 2017	33.48	25.537636	40.5	3.7777786	*P*
572	FSELX	Nov 24, 2017	131.25	Aug 25, 2017	104.29	25.85099	126.94	3.3953094
573	OIL	Nov 24, 2017	6.36	Aug 25, 2017	4.96	28.2258	5.86	8.532425	*P*
574	AIEQ	Nov 24, 2017	25.09	null	1.0	2409.0	24.53	2.2829208
575	JHSC	Nov 24, 2017	25.43	null	1.0	2443.0	25.11	1.2743988
