
1	CHAD	Nov 03, 2017	32.25	Aug 07, 2017	35.13	-8.198128	31.85	1.2558823
2	PHK	Nov 03, 2017	7.83	Aug 07, 2017	8.51	-7.990608	7.82	0.12787628
3	FSTCX	Nov 03, 2017	64.41	Aug 07, 2017	69.85	-7.788109	67.22	-4.180298
4	AMLP	Nov 03, 2017	10.77	Aug 07, 2017	11.56	-6.833908	10.65	1.12677
5	FDFAX	Nov 03, 2017	92.67	Aug 07, 2017	98.84	-6.2424088	94.02	-1.4358673
6	FBMPX	Nov 03, 2017	78.14	Aug 07, 2017	83.3	-6.194481	78.7	-0.7115631
7	RYURX	Nov 03, 2017	63.76	Aug 07, 2017	66.67	-4.3647842	63.93	-0.26592255
8	JQC	Nov 03, 2017	8.25	Aug 07, 2017	8.49	-2.826851	8.38	-1.5513153
9	HLPPX	Nov 03, 2017	14.43	Aug 07, 2017	14.81	-2.565834	14.37	0.4175415
10	EMLC	Nov 03, 2017	18.38	Aug 07, 2017	18.85	-2.4933777	18.54	-0.8630066
11	MERKX	Nov 03, 2017	9.8	Aug 07, 2017	10.04	-2.390442	9.82	-0.20366669
12	CHTTX	Nov 03, 2017	41.64	Aug 07, 2017	42.63	-2.3223114	42.25	-1.4437943
13	BULIX	Nov 03, 2017	18.24	Aug 07, 2017	18.61	-1.9881821	18.39	-0.81565857
14	GABUX	Nov 03, 2017	9.43	Aug 07, 2017	9.61	-1.8730392	9.46	-0.3171234
15	PTM	Nov 03, 2017	9.7	Aug 07, 2017	9.87	-1.7223892	9.56	1.4644241
16	NKX	Nov 03, 2017	15.45	Aug 07, 2017	15.72	-1.7175598	15.45	0.0	*P*
17	NAD	Nov 03, 2017	13.96	Aug 07, 2017	14.15	-1.3427582	13.85	0.79422
18	XMPT	Nov 03, 2017	26.57	Aug 07, 2017	26.92	-1.300148	26.48	0.33987427
19	WIP	Nov 03, 2017	56.0	Aug 07, 2017	56.68	-1.1997147	55.69	0.5566559
20	PFBDX	Nov 03, 2017	9.89	Aug 07, 2017	10.01	-1.1987991	9.87	0.20264435
21	FPHAX	Nov 03, 2017	18.57	Aug 07, 2017	18.78	-1.1182175	18.57	0.0
22	ROOF	Nov 03, 2017	26.68	Aug 07, 2017	26.98	-1.1119308	26.93	-0.92832947
23	FSOFX	Sep 06, 2017	14.15	Jun 07, 2017	14.3	-1.0489502	14.15	0.0
24	RWX	Nov 03, 2017	38.5	Aug 07, 2017	38.87	-0.95188904	38.17	0.86455536
25	BCLTX	Oct 20, 2017	11.5	Jul 24, 2017	11.57	-0.605011	11.69	-1.6253204
26	JDD	Nov 03, 2017	12.76	Aug 07, 2017	12.82	-0.46801758	12.66	0.7898941	*P*
27	FSAGX	Nov 03, 2017	19.91	Aug 07, 2017	20.0	-0.45000458	20.03	-0.59910583
28	FIUIX	Nov 03, 2017	26.78	Aug 07, 2017	26.9	-0.4460907	27.02	-0.88822937
29	FKVFX	Sep 13, 2017	13.85	Jun 14, 2017	13.91	-0.43134308	13.83	0.14461517
30	FFKCX	Sep 13, 2017	13.15	Jun 14, 2017	13.2	-0.37878418	13.13	0.15231323
31	FIBAX	Nov 03, 2017	10.75	Aug 07, 2017	10.79	-0.37071228	10.7	0.46728516
32	VFITX	Nov 03, 2017	11.16	Aug 07, 2017	11.2	-0.35714722	11.13	0.2695465
33	PRFSX	Nov 03, 2017	5.6	Aug 07, 2017	5.62	-0.3558731	5.6	0.0
34	BMBSX	Nov 03, 2017	11.9	Aug 07, 2017	11.94	-0.3350067	11.89	0.084098816
35	PLMDX	Nov 03, 2017	9.21	Aug 07, 2017	9.24	-0.32466888	9.23	-0.21668243
36	FFXSX	Nov 03, 2017	9.92	Aug 07, 2017	9.95	-0.30150604	9.92	0.0
37	FSBAX	Nov 03, 2017	10.37	Aug 07, 2017	10.4	-0.28845978	10.37	0.0
38	FRESX	Nov 03, 2017	41.82	Aug 07, 2017	41.94	-0.28611755	41.6	0.52884674
39	FSTGX	Nov 03, 2017	10.47	Aug 07, 2017	10.5	-0.28570557	10.46	0.09560394
40	IEI	Nov 03, 2017	123.13	Aug 07, 2017	123.43	-0.24305725	122.86	0.21976471
41	FCSTX	Nov 03, 2017	10.64	Aug 07, 2017	10.66	-0.18761444	10.64	0.0
42	VSGBX	Nov 03, 2017	10.67	Aug 07, 2017	10.69	-0.18708801	10.67	0.0
43	VMLTX	Nov 03, 2017	10.97	Aug 07, 2017	10.99	-0.18197632	10.97	0.0
44	PRTIX	Nov 03, 2017	5.75	Aug 07, 2017	5.76	-0.1736145	5.73	0.3490448
45	SHY	Nov 03, 2017	84.18	Aug 07, 2017	84.31	-0.15419006	84.23	-0.05936432
46	BTTTX	Nov 03, 2017	104.1	Aug 07, 2017	104.24	-0.13430786	104.09	0.009605408
47	GASFX	Nov 03, 2017	30.32	Aug 07, 2017	30.36	-0.13175964	30.25	0.23140717
48	FGOVX	Nov 03, 2017	10.25	Aug 07, 2017	10.26	-0.097465515	10.21	0.3917694
49	NCITX	Nov 03, 2017	10.7	Aug 07, 2017	10.71	-0.09336853	10.68	0.18726349
50	FTHRX	Nov 03, 2017	10.87	Aug 07, 2017	10.88	-0.091918945	10.85	0.18431854
51	IBB	Nov 03, 2017	316.87	Aug 07, 2017	317.16	-0.09143829	316.12	0.23725128
52	BSV	Nov 03, 2017	79.53	Aug 07, 2017	79.58	-0.06283569	79.54	-0.012573242	*P*
53	FFIPX	Sep 06, 2017	9.93	Jun 07, 2017	9.93	0.0	9.93	0.0
54	VNQ	Nov 03, 2017	83.09	Aug 07, 2017	83.04	0.060203552	82.28	0.98444366
55	PRVAX	Nov 03, 2017	12.01	Aug 07, 2017	12.0	0.08333588	11.99	0.16680908
56	SWNTX	Nov 03, 2017	11.74	Aug 07, 2017	11.73	0.085258484	11.73	0.085258484
57	VBIIX	Nov 03, 2017	11.45	Aug 07, 2017	11.44	0.0874176	11.4	0.43859863
58	PGNDX	Nov 03, 2017	11.11	Aug 07, 2017	11.1	0.09008789	11.08	0.27075958
59	NOITX	Nov 03, 2017	10.55	Aug 07, 2017	10.54	0.09487915	10.54	0.09487915
60	KYTFX	Nov 03, 2017	7.76	Aug 07, 2017	7.75	0.12902832	7.75	0.12902832
61	ICF	Nov 03, 2017	101.09	Aug 07, 2017	100.95	0.1386795	99.59	1.5061722
62	VCAIX	Nov 03, 2017	11.82	Aug 07, 2017	11.8	0.16949463	11.81	0.08466339
63	NCATX	Nov 03, 2017	11.64	Aug 07, 2017	11.62	0.17212677	11.62	0.17212677
64	FBIDX	Nov 03, 2017	11.63	Aug 07, 2017	11.61	0.17227173	11.58	0.43177795
65	GTFBX	Nov 03, 2017	11.52	Aug 07, 2017	11.5	0.17391205	11.49	0.26110077
66	FMSFX	Nov 03, 2017	11.27	Aug 07, 2017	11.25	0.17778015	11.23	0.35620117
67	TGFNX	Nov 03, 2017	10.98	Aug 07, 2017	10.96	0.18247223	10.95	0.27396393
68	VBMFX	Nov 03, 2017	10.79	Aug 07, 2017	10.77	0.18569183	10.74	0.46554565
69	MDXBX	Nov 03, 2017	10.78	Aug 07, 2017	10.76	0.18586731	10.76	0.18586731
70	TIXRX	Nov 03, 2017	10.47	Aug 07, 2017	10.45	0.19139099	10.46	0.09560394
71	TGMNX	Nov 03, 2017	10.31	Aug 07, 2017	10.29	0.19437408	10.28	0.2918396
72	FCNVX	Nov 03, 2017	10.04	Aug 07, 2017	10.02	0.19959259	10.04	0.0
73	FSIPX	Nov 03, 2017	9.92	Aug 07, 2017	9.9	0.20202637	9.89	0.30332947
74	FSHFX	Sep 06, 2017	9.66	Jun 07, 2017	9.64	0.2074585	9.66	0.0
75	FFKVX	Sep 13, 2017	13.25	Jun 14, 2017	13.22	0.22692871	13.23	0.15116882
76	CDSIX	Nov 03, 2017	16.2	Aug 07, 2017	16.16	0.24752808	16.19	0.06175995	*BT*
77	FSAZX	Nov 03, 2017	12.08	Aug 07, 2017	12.05	0.24895477	12.05	0.24895477
78	BCITX	Nov 03, 2017	11.93	Aug 07, 2017	11.9	0.2521057	11.91	0.1679306
79	FBNDX	Nov 03, 2017	7.94	Aug 07, 2017	7.92	0.2525177	7.91	0.37926483
80	PRNYX	Nov 03, 2017	11.68	Aug 07, 2017	11.65	0.25751495	11.66	0.17153168
81	FSITX	Nov 03, 2017	11.63	Aug 07, 2017	11.6	0.2586136	11.58	0.43177795
82	FICNX	Nov 03, 2017	11.46	Aug 07, 2017	11.43	0.26246643	11.44	0.1748352
83	FGMNX	Nov 03, 2017	11.45	Aug 07, 2017	11.42	0.26268768	11.41	0.35057068
84	SMDMX	Nov 03, 2017	11.38	Aug 07, 2017	11.35	0.26431274	11.36	0.17606354
85	USCBX	Nov 03, 2017	11.06	Aug 07, 2017	11.03	0.27198792	11.04	0.18115997
86	PRRDX	Nov 03, 2017	11.03	Aug 07, 2017	11.0	0.27272797	10.98	0.4553833
87	NOTEX	Nov 03, 2017	10.69	Aug 07, 2017	10.66	0.2814331	10.67	0.18743134
88	VFIIX	Nov 03, 2017	10.53	Aug 07, 2017	10.5	0.28570557	10.49	0.38131714
89	USSTX	Nov 03, 2017	10.5	Aug 07, 2017	10.47	0.28652954	10.5	0.0
90	FLTMX	Nov 03, 2017	10.42	Aug 07, 2017	10.39	0.28873444	10.41	0.09606171
91	PRTAX	Nov 03, 2017	10.17	Aug 07, 2017	10.14	0.29585266	10.16	0.09843445
92	FTFMX	Nov 03, 2017	13.33	Aug 07, 2017	13.29	0.3009796	13.31	0.15026093
93	FRIFX	Nov 03, 2017	12.23	Aug 07, 2017	12.19	0.32813263	12.23	0.0
94	FIPAX	Nov 03, 2017	11.9	Aug 07, 2017	11.86	0.337265	11.84	0.5067444
95	FIMIX	Nov 03, 2017	11.66	Aug 07, 2017	11.62	0.34423065	11.64	0.17181396
96	USVAX	Nov 03, 2017	11.32	Aug 07, 2017	11.28	0.35461426	11.3	0.1769867
97	VMATX	Nov 03, 2017	10.82	Aug 07, 2017	10.78	0.37106323	10.79	0.2780304
98	FTBFX	Nov 03, 2017	10.69	Aug 07, 2017	10.65	0.37557983	10.65	0.37557983
99	FPCIX	Nov 03, 2017	10.65	Aug 07, 2017	10.61	0.3769989	10.61	0.3769989
100	FFKDX	Sep 13, 2017	14.94	Jun 14, 2017	14.88	0.40322876	14.92	0.13404846
101	FMHTX	Nov 03, 2017	12.25	Aug 07, 2017	12.2	0.40984344	12.22	0.24549866
102	FDMMX	Nov 03, 2017	12.23	Aug 07, 2017	12.18	0.41049957	12.21	0.16379547
103	FFRHX	Nov 03, 2017	9.66	Aug 07, 2017	9.62	0.415802	9.66	0.0
104	FINPX	Nov 03, 2017	12.06	Aug 07, 2017	12.01	0.41632843	11.99	0.58382416
105	DRTAX	Nov 03, 2017	11.79	Aug 07, 2017	11.74	0.4258957	11.77	0.16992188
106	PRXCX	Nov 03, 2017	11.56	Aug 07, 2017	11.51	0.4344101	11.53	0.2602005
107	FSIGX	Nov 03, 2017	11.31	Aug 07, 2017	11.26	0.44405365	11.26	0.44405365
108	FPXTX	Nov 03, 2017	11.2	Aug 07, 2017	11.15	0.44843292	11.18	0.17888641
109	SWRSX	Nov 03, 2017	11.11	Aug 07, 2017	11.06	0.45207977	11.04	0.63404846
110	FCTFX	Nov 03, 2017	13.03	Aug 07, 2017	12.97	0.4626007	13.0	0.2307663
111	USAGX	Nov 03, 2017	12.58	Aug 07, 2017	12.52	0.4792328	12.6	-0.15872955
112	SMTFX	Nov 03, 2017	10.46	Aug 07, 2017	10.41	0.48030853	10.46	0.0
113	PTTDX	Nov 03, 2017	10.3	Aug 07, 2017	10.25	0.48780823	10.26	0.38986206
114	FFKAX	Sep 13, 2017	12.04	Jun 14, 2017	11.98	0.5008316	12.02	0.16638184
115	PRIPX	Nov 03, 2017	11.97	Aug 07, 2017	11.91	0.50377655	11.9	0.5882416
116	PRINX	Nov 03, 2017	11.94	Aug 07, 2017	11.88	0.505043	11.92	0.16777802
117	DODIX	Nov 03, 2017	13.85	Aug 07, 2017	13.78	0.507988	13.81	0.28964233
118	ACITX	Nov 03, 2017	11.65	Aug 07, 2017	11.59	0.5176773	11.59	0.5176773
119	NTFIX	Nov 03, 2017	11.57	Aug 07, 2017	11.51	0.5212784	11.54	0.25995636
120	VIPSX	Nov 03, 2017	13.15	Aug 07, 2017	13.08	0.5351639	13.07	0.61209106
121	FNMIX	Nov 03, 2017	16.31	Aug 07, 2017	16.22	0.5548706	16.36	-0.30562592
122	NHINX	Nov 03, 2017	8.78	Aug 07, 2017	8.73	0.57273865	8.78	0.0
123	VCITX	Nov 03, 2017	12.2	Aug 07, 2017	12.13	0.5770798	12.16	0.32894897
124	VWLTX	Nov 03, 2017	11.68	Aug 07, 2017	11.61	0.6029358	11.65	0.25751495
125	VPAIX	Nov 03, 2017	11.63	Aug 07, 2017	11.56	0.6055374	11.6	0.2586136
126	FTABX	Nov 03, 2017	11.58	Aug 07, 2017	11.51	0.60816956	11.56	0.17301178
127	TIP	Nov 03, 2017	113.95	Aug 07, 2017	113.26	0.6092224	113.23	0.63586426
128	VGHCX	Nov 03, 2017	210.92	Aug 07, 2017	209.63	0.6153717	211.26	-0.16094208
129	SJNK	Nov 03, 2017	27.77	Aug 07, 2017	27.6	0.6159439	27.78	-0.035995483
130	FSFFX	Sep 06, 2017	12.97	Jun 07, 2017	12.89	0.620636	12.97	0.0
131	VGHAX	Nov 03, 2017	88.98	Aug 07, 2017	88.43	0.6219635	89.13	-0.16828918
132	BCHYX	Nov 03, 2017	10.62	Aug 07, 2017	10.55	0.66350555	10.59	0.28328705
133	PRFHX	Nov 03, 2017	12.04	Aug 07, 2017	11.96	0.6688919	12.01	0.249794
134	USTEX	Nov 03, 2017	13.42	Aug 07, 2017	13.33	0.67516327	13.38	0.2989502
135	FWRLX	Nov 03, 2017	10.11	Aug 07, 2017	10.04	0.6972046	9.95	1.6080399	*P*
136	VOHIX	Nov 03, 2017	12.65	Aug 07, 2017	12.56	0.71655273	12.62	0.23771667
137	VUSTX	Nov 03, 2017	12.3	Aug 07, 2017	12.21	0.7371063	12.06	1.9900436
138	USATX	Nov 03, 2017	13.36	Aug 07, 2017	13.26	0.75414276	13.34	0.1499176
139	FSDCX	Nov 03, 2017	34.57	Aug 07, 2017	34.31	0.7577896	34.46	0.31920624
140	FHIGX	Nov 03, 2017	13.26	Aug 07, 2017	13.16	0.75987244	13.23	0.22676086
141	IHE	Nov 03, 2017	152.42	Aug 07, 2017	151.27	0.7602234	151.85	0.3753662
142	JNK	Nov 03, 2017	37.0	Aug 07, 2017	36.72	0.76251984	37.06	-0.16190338
143	FCBFX	Nov 03, 2017	11.67	Aug 07, 2017	11.58	0.7772064	11.62	0.43029785
144	PRULX	Nov 03, 2017	12.7	Aug 07, 2017	12.6	0.79364777	12.45	2.0080338
145	FSRIX	Nov 03, 2017	12.61	Aug 07, 2017	12.51	0.79935455	12.58	0.23846436	*BT*
146	BND	Nov 03, 2017	81.8	Aug 07, 2017	81.14	0.8134155	81.28	0.6397705
147	FSICX	Nov 03, 2017	11.15	Aug 07, 2017	11.06	0.81373596	11.13	0.1796875
148	RYU	Nov 03, 2017	88.6	Aug 07, 2017	87.88	0.8193054	88.33	0.30566406	*P*
149	FKTWX	Sep 13, 2017	15.81	Jun 14, 2017	15.68	0.8290787	15.79	0.12666321
150	REACX	Nov 03, 2017	29.06	Aug 07, 2017	28.82	0.8327484	28.65	1.4310608
151	FLBAX	Nov 03, 2017	13.18	Aug 07, 2017	13.07	0.841629	12.91	2.0914078
152	PBDDX	Nov 03, 2017	10.65	Aug 07, 2017	10.56	0.8522644	10.61	0.3769989
153	FIBFX	Sep 06, 2017	11.35	Jun 07, 2017	11.25	0.8888931	11.35	0.0
154	FFIGX	Sep 06, 2017	15.58	Jun 07, 2017	15.44	0.9067383	15.58	0.0
155	IAU	Nov 03, 2017	12.21	Aug 07, 2017	12.1	0.90908813	12.23	-0.16352844
156	FFKEX	Sep 13, 2017	16.31	Jun 14, 2017	16.16	0.9282074	16.28	0.18426514
157	GLD	Nov 03, 2017	120.62	Aug 07, 2017	119.51	0.92879486	120.9	-0.23159027
158	GVPIX	Nov 03, 2017	55.12	Aug 07, 2017	54.61	0.9338989	53.54	2.951065
159	SHOP	Nov 03, 2017	98.71	Aug 07, 2017	97.79	0.94078827	107.27	-7.979866	*P*
160	RYGBX	Nov 03, 2017	53.32	Aug 07, 2017	52.81	0.96572876	51.79	2.9542313
161	VWAHX	Nov 03, 2017	11.4	Aug 07, 2017	11.29	0.9743118	11.37	0.26384735
162	PAUDX	Nov 03, 2017	8.98	Aug 07, 2017	8.89	1.0123596	8.94	0.44742584
163	FPIOX	Nov 03, 2017	9.68	Aug 07, 2017	9.58	1.0438461	9.68	0.0
164	LQD	Nov 03, 2017	121.13	Aug 07, 2017	119.81	1.1017456	120.59	0.44779968
165	PFODX	Nov 03, 2017	10.71	Aug 07, 2017	10.59	1.1331406	10.68	0.28089142
166	FFVNX	Sep 06, 2017	10.45	Jun 07, 2017	10.33	1.1616592	10.45	0.0
167	FEDFX	Sep 06, 2017	10.42	Jun 07, 2017	10.3	1.1650467	10.42	0.0
168	JPS	Nov 03, 2017	10.33	Aug 07, 2017	10.21	1.1753235	10.22	1.0763168	*P*
169	FFKFX	Sep 13, 2017	17.17	Jun 14, 2017	16.97	1.1785507	17.14	0.17503357
170	SWHFX	Nov 03, 2017	25.54	Aug 07, 2017	25.24	1.188591	25.67	-0.50642395
171	FVDFX	Nov 03, 2017	27.83	Aug 07, 2017	27.5	1.199997	27.88	-0.17933655
172	FVDKX	Nov 03, 2017	27.84	Aug 07, 2017	27.5	1.2363663	27.9	-0.21505737
173	FKTHX	Sep 13, 2017	17.15	Jun 14, 2017	16.94	1.2396698	17.12	0.1752243
174	FBCVX	Nov 03, 2017	18.78	Aug 07, 2017	18.55	1.2398987	18.8	-0.10637665
175	FIAFX	Nov 03, 2017	11.3	Aug 07, 2017	11.16	1.2544861	11.27	0.2661972	*BT*
176	FASIX	Nov 03, 2017	13.65	Aug 07, 2017	13.48	1.2611237	13.6	0.36764526
177	FEDCX	Nov 03, 2017	10.4	Aug 07, 2017	10.27	1.2658081	10.43	-0.28764343
178	FHIFX	Nov 03, 2017	8.78	Aug 07, 2017	8.67	1.2687454	8.77	0.11401367
179	FIKFX	Nov 03, 2017	11.95	Aug 07, 2017	11.8	1.2711868	11.92	0.25167847
180	EWZ	Nov 03, 2017	39.31	Aug 07, 2017	38.81	1.2883301	41.55	-5.3910904
181	FIRMX	Nov 03, 2017	58.17	Aug 07, 2017	57.41	1.3238068	57.99	0.3103943
182	FSESX	Nov 03, 2017	44.35	Aug 07, 2017	43.77	1.3251038	42.78	3.6699448
183	FIRNX	Nov 03, 2017	58.11	Aug 07, 2017	57.35	1.325203	57.94	0.29341125
184	SPHIX	Nov 03, 2017	9.04	Aug 07, 2017	8.92	1.3452911	9.03	0.11074829
185	FFFAX	Nov 03, 2017	11.93	Aug 07, 2017	11.77	1.3593903	11.88	0.42088318
186	FDVLX	Nov 03, 2017	121.5	Aug 07, 2017	119.85	1.3767242	121.72	-0.18074799
187	FVLKX	Nov 03, 2017	121.69	Aug 07, 2017	120.01	1.3998871	121.91	-0.18045807
188	VBLTX	Nov 03, 2017	14.28	Aug 07, 2017	14.08	1.4204483	14.06	1.5647202
189	FSHNX	Nov 03, 2017	9.77	Aug 07, 2017	9.63	1.4537964	9.77	0.0
190	FIROX	Nov 03, 2017	59.25	Aug 07, 2017	58.4	1.4554749	59.06	0.32170868
191	FIRPX	Nov 03, 2017	58.52	Aug 07, 2017	57.67	1.4739075	58.33	0.32572937
192	DODFX	Nov 03, 2017	46.52	Aug 07, 2017	45.84	1.4834137	46.4	0.2586136
193	PRPFX	Nov 03, 2017	40.95	Aug 07, 2017	40.33	1.5373077	40.78	0.41687775
194	FFKHX	Sep 13, 2017	17.93	Jun 14, 2017	17.65	1.5864029	17.9	0.16759491
195	PASDX	Nov 03, 2017	12.15	Aug 07, 2017	11.96	1.5886307	12.09	0.49626923
196	FSRRX	Nov 03, 2017	8.91	Aug 07, 2017	8.77	1.596344	8.86	0.5643387
197	FFKGX	Sep 13, 2017	17.78	Jun 14, 2017	17.5	1.6000061	17.76	0.11261749
198	FFSTX	Sep 06, 2017	17.44	Jun 07, 2017	17.15	1.6909714	17.44	0.0
199	YAFFX	Nov 03, 2017	22.23	Aug 07, 2017	21.86	1.6925812	22.16	0.31587982
200	FTANX	Nov 03, 2017	11.2	Aug 07, 2017	11.01	1.7257004	11.16	0.35842896
201	MNBAX	Nov 03, 2017	18.22	Aug 07, 2017	17.91	1.7308731	18.17	0.27516937
202	FJIFX	Nov 03, 2017	13.49	Aug 07, 2017	13.26	1.7345276	13.45	0.29740143
203	FIRQX	Nov 03, 2017	57.07	Aug 07, 2017	56.09	1.7471924	56.87	0.35167694
204	FCSFX	Sep 06, 2017	5.23	Jun 07, 2017	5.14	1.7509689	5.23	0.0
205	FSHCX	Nov 03, 2017	92.77	Aug 07, 2017	91.14	1.7884521	93.04	-0.2902069
206	FNJHX	Nov 03, 2017	11.93	Aug 07, 2017	11.72	1.7918091	11.9	0.2521057
207	FFIVX	Nov 03, 2017	12.41	Aug 07, 2017	12.19	1.8047562	12.36	0.4045334	*BT*
208	VWESX	Nov 03, 2017	10.68	Aug 07, 2017	10.49	1.8112564	10.54	1.3282776
209	FIRRX	Nov 03, 2017	53.51	Aug 07, 2017	52.55	1.8268356	53.31	0.37516022
210	FFFVX	Nov 03, 2017	12.75	Aug 07, 2017	12.52	1.8370667	12.69	0.47281647
211	FEMEX	Nov 03, 2017	9.4	Aug 07, 2017	9.23	1.8418198	9.38	0.21321869
212	FLATX	Nov 03, 2017	24.53	Aug 07, 2017	24.06	1.9534607	25.48	-3.7284088	*P*
213	NBB	Nov 03, 2017	21.65	Aug 07, 2017	21.23	1.9783401	21.39	1.2155151
214	FSLVX	Nov 03, 2017	20.14	Aug 07, 2017	19.73	2.0780563	20.08	0.2987976
215	FIRSX	Nov 03, 2017	54.2	Aug 07, 2017	53.09	2.0907898	53.98	0.40756226
216	FIREX	Nov 03, 2017	11.23	Aug 07, 2017	11.0	2.0909042	11.05	1.6289597
217	FBIOX	Nov 03, 2017	221.48	Aug 07, 2017	216.89	2.116272	219.44	0.9296417	*P*
218	FFFCX	Nov 03, 2017	16.36	Aug 07, 2017	16.02	2.122345	16.28	0.49140167
219	YACKX	Nov 03, 2017	23.98	Aug 07, 2017	23.48	2.1294708	24.0	-0.08333588
220	FKIFX	Nov 03, 2017	14.37	Aug 07, 2017	14.07	2.1322021	14.32	0.34916687
221	FFANX	Nov 03, 2017	11.78	Aug 07, 2017	11.53	2.1682587	11.71	0.5977783
222	FIRUX	Nov 03, 2017	58.87	Aug 07, 2017	57.62	2.1693802	58.64	0.39221954
223	FSUTX	Nov 03, 2017	85.73	Aug 07, 2017	83.9	2.1811752	85.33	0.46876526
224	FCIFX	Nov 03, 2017	12.96	Aug 07, 2017	12.68	2.2081985	12.9	0.4651184	*BT*
225	FSPHX	Nov 03, 2017	230.76	Aug 07, 2017	225.7	2.2419128	229.01	0.7641525
226	OWSMX	Nov 03, 2017	17.4	Aug 07, 2017	17.01	2.2927628	17.48	-0.45767212
227	ACWV	Nov 03, 2017	82.67	Aug 07, 2017	80.8	2.314354	82.74	-0.084602356
228	JPI	Nov 03, 2017	25.46	Aug 07, 2017	24.88	2.3311844	24.96	2.0032043
229	PRMTX	Nov 03, 2017	97.05	Aug 07, 2017	94.8	2.3734207	96.21	0.87309265
230	FIRVX	Nov 03, 2017	52.5	Aug 07, 2017	51.27	2.399063	52.27	0.44002533
231	VNQI	Nov 03, 2017	59.89	Aug 07, 2017	58.48	2.4110794	59.44	0.7570648	*P*
232	FCVSX	Nov 03, 2017	28.42	Aug 07, 2017	27.75	2.4144135	28.27	0.5306015
233	RFV	Nov 03, 2017	65.4	Aug 07, 2017	63.85	2.4275665	65.3	0.1531372
234	FIVLX	Nov 03, 2017	9.09	Aug 07, 2017	8.87	2.4802704	9.03	0.6644592
235	FEQTX	Nov 03, 2017	28.91	Aug 07, 2017	28.21	2.481392	28.9	0.034606934
236	FFVIX	Nov 03, 2017	13.19	Aug 07, 2017	12.87	2.4863968	13.13	0.4569626	*BT*
237	VWINX	Nov 03, 2017	27.03	Aug 07, 2017	26.37	2.5028458	26.9	0.48327637
238	FSPCX	Nov 03, 2017	88.22	Aug 07, 2017	86.06	2.50988	88.7	-0.5411453
239	FIRWX	Nov 03, 2017	59.07	Aug 07, 2017	57.62	2.5164871	58.82	0.42502594
240	FLIFX	Nov 03, 2017	15.02	Aug 07, 2017	14.65	2.5256042	14.96	0.40106964
241	FIXRX	Nov 03, 2017	54.13	Aug 07, 2017	52.79	2.5383606	53.88	0.4639969
242	FFVFX	Nov 03, 2017	13.6	Aug 07, 2017	13.26	2.5641098	13.53	0.5173645
243	FINVX	Nov 03, 2017	10.86	Aug 07, 2017	10.58	2.6465073	10.79	0.6487503
244	FASMX	Nov 03, 2017	18.58	Aug 07, 2017	18.1	2.6519318	18.47	0.5955658
245	EEMV	Nov 03, 2017	59.26	Aug 07, 2017	57.72	2.668045	59.06	0.3386383
246	FSMEX	Nov 03, 2017	46.93	Aug 07, 2017	45.71	2.6689987	46.87	0.12802124
247	FSLSX	Nov 03, 2017	43.77	Aug 07, 2017	42.63	2.6741714	43.53	0.5513458
248	FVSKX	Nov 03, 2017	43.76	Aug 07, 2017	42.62	2.674797	43.53	0.5283737
249	FDIFX	Nov 03, 2017	14.25	Aug 07, 2017	13.87	2.7397308	14.18	0.4936447	*BT*
250	FFFDX	Nov 03, 2017	16.75	Aug 07, 2017	16.3	2.7607422	16.66	0.54022217
251	FPIFX	Nov 03, 2017	15.77	Aug 07, 2017	15.34	2.803131	15.7	0.44586945
252	FSDIX	Nov 03, 2017	15.77	Aug 07, 2017	15.33	2.8701935	15.7	0.44586945
253	FSCPX	Nov 03, 2017	40.14	Aug 07, 2017	39.02	2.8703232	39.88	0.65195465
254	FEQIX	Nov 03, 2017	61.22	Aug 07, 2017	59.51	2.8734665	61.28	-0.09790802
255	FEIKX	Nov 03, 2017	61.18	Aug 07, 2017	59.46	2.8927078	61.24	-0.097976685
256	VICEX	Nov 03, 2017	30.99	Aug 07, 2017	30.11	2.922615	30.62	1.2083511
257	FITWX	Nov 03, 2017	14.2	Aug 07, 2017	13.79	2.9731598	14.13	0.49539948	*BT*
258	FFTWX	Nov 03, 2017	14.5	Aug 07, 2017	14.08	2.9829483	14.42	0.5547867
259	FSCRX	Nov 03, 2017	31.83	Aug 07, 2017	30.89	3.0430527	32.04	-0.65543365
260	FQIFX	Nov 03, 2017	16.73	Aug 07, 2017	16.23	3.0807114	16.66	0.42016602
261	RWJ	Nov 03, 2017	66.36	Aug 07, 2017	64.36	3.107521	67.97	-2.3686981
262	POGSX	Nov 03, 2017	63.42	Aug 07, 2017	61.5	3.1219482	63.81	-0.6111908
263	FSANX	Nov 03, 2017	12.7	Aug 07, 2017	12.31	3.1681519	12.61	0.7137146
264	VIMSX	Nov 03, 2017	40.65	Aug 07, 2017	39.4	3.1725922	40.76	-0.26986694
265	TWEBX	Nov 03, 2017	23.69	Aug 07, 2017	22.96	3.1794586	23.54	0.63720703
266	VO	Nov 03, 2017	148.92	Aug 07, 2017	144.26	3.2302856	149.31	-0.26119995
267	FDIVX	Nov 03, 2017	41.49	Aug 07, 2017	40.19	3.2346497	41.11	0.9243469
268	HDOGX	Nov 03, 2017	14.67	Aug 07, 2017	14.21	3.237152	14.73	-0.40732574
269	VPU	Nov 03, 2017	121.48	Aug 07, 2017	117.67	3.2378693	121.27	0.173172
270	FGBLX	Nov 03, 2017	25.99	Aug 07, 2017	25.17	3.257843	25.8	0.73644257
271	FDIKX	Nov 03, 2017	41.44	Aug 07, 2017	40.13	3.2643814	41.06	0.92546844
272	VHT	Nov 03, 2017	152.13	Aug 07, 2017	147.26	3.3070831	152.65	-0.3406372
273	FBAKX	Nov 03, 2017	23.74	Aug 07, 2017	22.98	3.3072205	23.62	0.50803375
274	FZAAX	Nov 03, 2017	21.22	Aug 07, 2017	20.54	3.310608	21.12	0.4734726	*BT*
275	FHLC	Nov 03, 2017	39.46	Aug 07, 2017	38.19	3.3254776	39.56	-0.25279236
276	FSAIX	Nov 03, 2017	84.44	Aug 07, 2017	81.71	3.3410873	85.28	-0.98498535	*P*
277	RSP	Nov 03, 2017	96.73	Aug 07, 2017	93.55	3.3992538	96.87	-0.14452362
278	FSIIX	Nov 03, 2017	43.35	Aug 07, 2017	41.92	3.411255	42.97	0.88433075
279	EFA	Nov 03, 2017	69.8	Aug 07, 2017	67.49	3.4227371	69.18	0.89621735
280	FEFIX	Nov 03, 2017	15.37	Aug 07, 2017	14.86	3.4320374	15.29	0.5232239	*P*
281	FSIVX	Nov 03, 2017	43.37	Aug 07, 2017	41.93	3.434288	42.99	0.8839264	*P*
282	SPLV	Nov 03, 2017	46.79	Aug 07, 2017	45.22	3.4719086	46.74	0.10697937	*P*
283	FFFEX	Nov 03, 2017	18.16	Aug 07, 2017	17.55	3.4757843	18.06	0.55371857
284	PEQKX	Nov 03, 2017	35.95	Aug 07, 2017	34.72	3.5426254	35.88	0.19509888	*BT*
285	FASGX	Nov 03, 2017	22.78	Aug 07, 2017	22.0	3.5454636	22.62	0.7073364
286	FOSFX	Nov 03, 2017	50.3	Aug 07, 2017	48.57	3.5618668	49.84	0.92295074
287	OAKBX	Nov 03, 2017	33.97	Aug 07, 2017	32.8	3.5670776	33.97	0.0
288	FOSKX	Nov 03, 2017	50.22	Aug 07, 2017	48.49	3.5677414	49.77	0.9041519
289	VWO	Nov 03, 2017	44.62	Aug 07, 2017	43.08	3.5747375	44.74	-0.268219
290	FEXPX	Nov 03, 2017	21.37	Aug 07, 2017	20.63	3.5870209	21.39	-0.09349823
291	FEXKX	Nov 03, 2017	21.32	Aug 07, 2017	20.58	3.5957184	21.35	-0.14051819
292	FXIFX	Nov 03, 2017	17.57	Aug 07, 2017	16.96	3.5967026	17.49	0.4574051
293	GWX	Nov 03, 2017	35.7	Aug 07, 2017	34.43	3.6886444	35.23	1.3340912
294	FNORX	Nov 03, 2017	55.27	Aug 07, 2017	53.3	3.6960602	53.92	2.5037155	*P*
295	GTSGX	Nov 03, 2017	9.76	Aug 07, 2017	9.41	3.719452	9.74	0.20533752
296	FLVEX	Nov 03, 2017	13.09	Aug 07, 2017	12.62	3.7242508	13.1	-0.07633209	*P*
297	VWELX	Nov 03, 2017	42.86	Aug 07, 2017	41.32	3.727005	42.69	0.39821625
298	VWNFX	Nov 03, 2017	38.97	Aug 07, 2017	37.56	3.7539978	39.0	-0.076919556
299	FDYSX	Nov 03, 2017	9.88	Aug 07, 2017	9.52	3.7815094	9.8	0.8163223
300	FITHX	Nov 03, 2017	14.97	Aug 07, 2017	14.42	3.814148	14.9	0.46980286	*BT*
301	FGRIX	Nov 03, 2017	36.34	Aug 07, 2017	35.0	3.8285751	36.22	0.33130646
302	FGIKX	Nov 03, 2017	36.3	Aug 07, 2017	34.96	3.8329468	36.19	0.30394745
303	DODGX	Nov 03, 2017	202.11	Aug 07, 2017	194.63	3.8431854	202.28	-0.08404541
304	XHB	Nov 03, 2017	40.41	Aug 07, 2017	38.91	3.8550491	41.18	-1.8698425
305	FIGFX	Nov 03, 2017	13.46	Aug 07, 2017	12.96	3.8580322	13.37	0.6731491
306	VTRIX	Nov 03, 2017	39.39	Aug 07, 2017	37.92	3.876587	38.91	1.2336121
307	EIERX	Nov 03, 2017	17.93	Aug 07, 2017	17.26	3.881813	17.87	0.3357544	*BT*
308	FFNOX	Nov 03, 2017	44.15	Aug 07, 2017	42.5	3.8823624	43.97	0.40937805
309	FFFFX	Nov 03, 2017	10.7	Aug 07, 2017	10.3	3.8834915	10.64	0.5639038
310	FFTHX	Nov 03, 2017	15.24	Aug 07, 2017	14.67	3.8854828	15.15	0.5940552
311	OAKIX	Nov 03, 2017	29.13	Aug 07, 2017	28.04	3.8872986	28.9	0.7958374
312	FIFFX	Nov 03, 2017	16.02	Aug 07, 2017	15.42	3.8910522	15.94	0.50188446	*BT*
313	FSMVX	Nov 03, 2017	27.43	Aug 07, 2017	26.4	3.9015198	27.41	0.07296753
314	FSGEX	Nov 03, 2017	13.27	Aug 07, 2017	12.77	3.9154282	13.14	0.98934174
315	FSGDX	Nov 03, 2017	13.53	Aug 07, 2017	13.02	3.9170532	13.41	0.8948593	*BT*
316	VEU	Nov 03, 2017	53.92	Aug 07, 2017	51.88	3.9321442	53.48	0.82273865
317	FDKQX	Nov 03, 2017	11.89	Aug 07, 2017	11.44	3.9335709	11.83	0.5071869	*BT*
318	FFFIX	Nov 03, 2017	12.41	Aug 07, 2017	11.94	3.936348	12.34	0.56726074	*BT*
319	FHFIX	Nov 03, 2017	13.46	Aug 07, 2017	12.95	3.9382248	13.39	0.5227814	*BT*
320	FDGKX	Nov 03, 2017	34.5	Aug 07, 2017	33.19	3.9469757	34.56	-0.1736145
321	FFFGX	Nov 03, 2017	12.1	Aug 07, 2017	11.64	3.9518967	12.03	0.5818863
322	FFFPX	Nov 03, 2017	12.35	Aug 07, 2017	11.88	3.9562378	12.29	0.4882126	*BT*
323	FGRTX	Nov 03, 2017	17.34	Aug 07, 2017	16.68	3.956833	17.27	0.40532684
324	FSCOX	Nov 03, 2017	18.72	Aug 07, 2017	18.0	4.0	18.47	1.3535461
325	JIGFX	Nov 03, 2017	32.92	Aug 07, 2017	31.65	4.0126343	32.45	1.4483719
326	SCHF	Nov 03, 2017	34.21	Aug 07, 2017	32.89	4.0133743	33.85	1.0635147
327	FFFHX	Nov 03, 2017	12.17	Aug 07, 2017	11.7	4.01709	12.1	0.5785141
328	STCEX	Nov 03, 2017	10.57	Aug 07, 2017	10.16	4.0354385	10.77	-1.8570175
329	VGTSX	Nov 03, 2017	17.98	Aug 07, 2017	17.28	4.0509186	17.81	0.9545212
330	FCSSX	Nov 03, 2017	5.39	Aug 07, 2017	5.18	4.0540543	5.32	1.3157806
331	FISMX	Nov 03, 2017	29.68	Aug 07, 2017	28.52	4.067322	29.57	0.37200165
332	VTIAX	Nov 03, 2017	30.07	Aug 07, 2017	28.89	4.0844574	29.79	0.93990326	*P*
333	VXUS	Nov 03, 2017	56.03	Aug 07, 2017	53.83	4.086937	55.55	0.86408997
334	FUSIX	Nov 03, 2017	10.69	Aug 07, 2017	10.27	4.089569	10.59	0.94428253
335	MFVSX	Nov 03, 2017	22.9	Aug 07, 2017	22.0	4.090904	22.9	0.0
336	FIHFX	Nov 03, 2017	18.56	Aug 07, 2017	17.83	4.094223	18.48	0.43289948
337	FLCSX	Nov 03, 2017	32.78	Aug 07, 2017	31.49	4.0965347	32.68	0.30599976
338	FIPFX	Nov 03, 2017	18.92	Aug 07, 2017	18.17	4.127678	18.84	0.42462158
339	FLPSX	Nov 03, 2017	52.78	Aug 07, 2017	50.68	4.1436462	52.7	0.15180206
340	PRF	Nov 03, 2017	109.04	Aug 07, 2017	104.7	4.1451797	108.98	0.05505371
341	PRFDX	Nov 03, 2017	34.85	Aug 07, 2017	33.46	4.1542206	34.84	0.028694153
342	FLPKX	Nov 03, 2017	52.74	Aug 07, 2017	50.63	4.167488	52.66	0.1519165
343	VTMGX	Nov 03, 2017	14.24	Aug 07, 2017	13.67	4.169716	14.09	1.0645905
344	FBIFX	Nov 03, 2017	18.7	Aug 07, 2017	17.95	4.178276	18.61	0.48361206
345	FAMRX	Nov 03, 2017	19.66	Aug 07, 2017	18.87	4.1865387	19.51	0.768837
346	FIOFX	Nov 03, 2017	18.84	Aug 07, 2017	18.08	4.2035446	18.75	0.47999573
347	FIGSX	Nov 03, 2017	16.24	Aug 07, 2017	15.58	4.2361984	16.12	0.7444153
348	FSRPX	Nov 03, 2017	126.08	Aug 07, 2017	120.95	4.241432	126.4	-0.2531662
349	SSSFX	Nov 03, 2017	25.27	Aug 07, 2017	24.24	4.249176	25.86	-2.281517
350	FILFX	Nov 03, 2017	11.61	Aug 07, 2017	11.13	4.312668	11.49	1.0443802
351	FTIEX	Nov 03, 2017	9.42	Aug 07, 2017	9.03	4.318939	9.34	0.85652924
352	FIGRX	Nov 03, 2017	47.12	Aug 07, 2017	45.16	4.340126	46.63	1.0508194
353	VIG	Nov 03, 2017	97.21	Aug 07, 2017	93.16	4.3473587	97.56	-0.35875702
354	FIDKX	Nov 03, 2017	47.04	Aug 07, 2017	45.07	4.3709717	46.55	1.0526276
355	FZAIX	Nov 03, 2017	47.01	Aug 07, 2017	45.04	4.373886	46.52	1.0533066	*BT*
356	VEVRX	Nov 03, 2017	40.11	Aug 07, 2017	38.42	4.3987503	40.16	-0.12450409	*BT**P*
357	FMCSX	Nov 03, 2017	38.87	Aug 07, 2017	37.23	4.4050446	39.05	-0.46094513
358	FSAEX	Nov 03, 2017	13.73	Aug 07, 2017	13.15	4.4106445	13.69	0.29218292
359	FPURX	Nov 03, 2017	23.25	Aug 07, 2017	22.26	4.4474335	23.1	0.6493454
360	VT	Nov 03, 2017	72.51	Aug 07, 2017	69.42	4.4511642	72.07	0.6105194
361	FPUKX	Nov 03, 2017	23.23	Aug 07, 2017	22.24	4.451439	23.08	0.6499176
362	FKMCX	Nov 03, 2017	38.9	Aug 07, 2017	37.24	4.4575653	39.08	-0.46059418
363	VTV	Nov 03, 2017	102.21	Aug 07, 2017	97.83	4.4771576	102.33	-0.11727142
364	VWNDX	Nov 03, 2017	23.47	Aug 07, 2017	22.46	4.496887	23.41	0.25630188
365	VSS	Nov 03, 2017	117.02	Aug 07, 2017	111.97	4.510132	115.7	1.1408844
366	FMIMX	Nov 03, 2017	28.84	Aug 07, 2017	27.59	4.530632	29.24	-1.3679886
367	FLSAX	Nov 03, 2017	44.51	Aug 07, 2017	42.58	4.5326385	44.28	0.5194168
368	MOO	Nov 03, 2017	60.01	Aug 07, 2017	57.4	4.547035	60.13	-0.19957733
369	FCPEX	Nov 03, 2017	14.42	Aug 07, 2017	13.78	4.644417	14.61	-1.3004761
370	FDEQX	Nov 03, 2017	39.05	Aug 07, 2017	37.31	4.66362	38.95	0.25674438
371	FDEKX	Nov 03, 2017	39.02	Aug 07, 2017	37.27	4.695465	38.92	0.25694275
372	FCSAX	Nov 03, 2017	18.03	Aug 07, 2017	17.22	4.703842	18.02	0.055488586
373	EEM	Nov 03, 2017	46.34	Aug 07, 2017	44.25	4.7231674	46.14	0.43347168
374	FOHIX	Nov 03, 2017	17.07	Aug 07, 2017	16.3	4.7239304	17.01	0.3527298
375	FSCDX	Nov 03, 2017	28.73	Aug 07, 2017	27.43	4.739334	29.12	-1.3392944
376	FIEUX	Nov 03, 2017	42.77	Aug 07, 2017	40.83	4.7514114	42.07	1.6639023
377	CGMRX	Nov 03, 2017	36.01	Aug 07, 2017	34.37	4.771599	35.59	1.1800995
378	VFINX	Nov 03, 2017	239.17	Aug 07, 2017	228.27	4.7750473	238.48	0.28932953
379	FUSEX	Nov 03, 2017	90.57	Aug 07, 2017	86.44	4.77787	90.31	0.28790283
380	SPY	Nov 03, 2017	258.45	Aug 07, 2017	246.65	4.7841187	257.71	0.28715515	*P*
381	FUSVX	Nov 03, 2017	90.59	Aug 07, 2017	86.45	4.7889023	90.32	0.2989273	*P*
382	VFIAX	Nov 03, 2017	239.2	Aug 07, 2017	228.25	4.7973785	238.5	0.2935028	*P*
383	IVV	Nov 03, 2017	260.18	Aug 07, 2017	248.25	4.8056335	259.41	0.2968216
384	FIENX	Nov 03, 2017	10.19	Aug 07, 2017	9.72	4.8353806	10.06	1.292244
385	VOO	Nov 03, 2017	237.43	Aug 07, 2017	226.47	4.839493	236.72	0.29992676	*P*
386	FMEIX	Nov 03, 2017	15.78	Aug 07, 2017	15.05	4.8504944	15.79	-0.063331604
387	FIVFX	Nov 03, 2017	21.06	Aug 07, 2017	20.08	4.880478	20.96	0.47709656
388	FSLCX	Nov 03, 2017	19.95	Aug 07, 2017	19.02	4.889595	20.08	-0.64740753
389	FSTMX	Nov 03, 2017	75.06	Aug 07, 2017	71.56	4.890999	74.92	0.18685913
390	VHDYX	Nov 03, 2017	32.81	Aug 07, 2017	31.28	4.8913116	32.88	-0.21289825
391	RERGX	Nov 03, 2017	57.25	Aug 07, 2017	54.58	4.891899	56.66	1.0413055
392	FVSAX	Nov 03, 2017	20.14	Aug 07, 2017	19.2	4.8958282	20.14	0.0
393	VTSMX	Nov 03, 2017	64.64	Aug 07, 2017	61.62	4.901001	64.53	0.17047119
394	FSTVX	Nov 03, 2017	75.08	Aug 07, 2017	71.57	4.904297	74.94	0.18681335
395	VTI	Nov 03, 2017	132.82	Aug 07, 2017	126.61	4.904831	132.64	0.13571167
396	VTSAX	Nov 03, 2017	64.67	Aug 07, 2017	61.64	4.915642	64.56	0.17038727
397	FFSMX	Nov 03, 2017	75.1	Aug 07, 2017	71.58	4.917572	74.95	0.2001419
398	PCRIX	Nov 03, 2017	6.81	Aug 07, 2017	6.49	4.930664	6.71	1.4903107	*BT*
399	RPMGX	Nov 03, 2017	92.23	Aug 07, 2017	87.86	4.973831	92.24	-0.01083374
400	ANWPX	Nov 03, 2017	45.16	Aug 07, 2017	43.01	4.9988403	44.9	0.5790558
401	KRE	Nov 03, 2017	57.16	Aug 07, 2017	54.42	5.034912	57.85	-1.1927338
402	VEIPX	Nov 03, 2017	36.51	Aug 07, 2017	34.75	5.0647354	36.46	0.13713837
403	VIS	Nov 03, 2017	135.63	Aug 07, 2017	129.01	5.131386	136.52	-0.6519165
404	PRHSX	Nov 03, 2017	75.13	Aug 07, 2017	71.45	5.1504593	74.38	1.0083313
405	FDCAX	Nov 03, 2017	38.17	Aug 07, 2017	36.3	5.151512	37.86	0.8188019
406	VUG	Nov 03, 2017	137.18	Aug 07, 2017	130.39	5.2074585	136.21	0.71212006
407	JMIEX	Nov 03, 2017	28.83	Aug 07, 2017	27.4	5.218979	28.47	1.2644882	*BT*
408	FSGFX	Nov 03, 2017	18.65	Aug 07, 2017	17.72	5.2483063	18.63	0.10736084
409	FDSSX	Nov 03, 2017	44.27	Aug 07, 2017	42.05	5.279434	43.95	0.728096
410	FSSKX	Nov 03, 2017	44.31	Aug 07, 2017	42.08	5.299423	43.99	0.7274399
411	FMILX	Nov 03, 2017	41.75	Aug 07, 2017	39.64	5.3229065	41.68	0.16793823
412	SEQUX	Nov 03, 2017	188.3	Aug 07, 2017	178.78	5.3249817	188.32	-0.010620117
413	FLVCX	Nov 03, 2017	33.71	Aug 07, 2017	32.0	5.34375	33.37	1.0188828
414	LEXCX	Nov 03, 2017	35.57	Aug 07, 2017	33.76	5.3613815	35.6	-0.08426666
415	FLCKX	Nov 03, 2017	33.79	Aug 07, 2017	32.06	5.396126	33.44	1.0466614
416	CGMFX	Nov 03, 2017	52.5	Aug 07, 2017	49.8	5.4216843	52.88	-0.7186127
417	FSAMX	Nov 03, 2017	11.25	Aug 07, 2017	10.67	5.4357986	11.11	1.2601242
418	NAESX	Nov 03, 2017	68.7	Aug 07, 2017	65.15	5.4489594	68.78	-0.11631775
419	FSLBX	Nov 03, 2017	80.22	Aug 07, 2017	76.07	5.4555054	80.66	-0.5455017	*P*
420	VEXMX	Nov 03, 2017	82.33	Aug 07, 2017	78.07	5.4566345	82.54	-0.25442505
421	FSEVX	Nov 03, 2017	62.64	Aug 07, 2017	59.39	5.4723053	62.79	-0.2388916
422	VEXAX	Nov 03, 2017	82.29	Aug 07, 2017	78.02	5.4729614	82.5	-0.2545395	*P*
423	FSEMX	Nov 03, 2017	62.63	Aug 07, 2017	59.38	5.473221	62.78	-0.23892212
424	DGRO	Nov 03, 2017	33.42	Aug 07, 2017	31.68	5.4924164	33.37	0.14983368
425	FDEGX	Nov 03, 2017	39.82	Aug 07, 2017	37.74	5.5113907	39.76	0.15090942	*P*
426	FLCEX	Nov 03, 2017	14.52	Aug 07, 2017	13.76	5.5232544	14.49	0.20704651
427	FSCFX	Nov 03, 2017	15.26	Aug 07, 2017	14.46	5.532501	15.26	0.0
428	FAGKX	Nov 03, 2017	40.13	Aug 07, 2017	38.02	5.549713	40.07	0.14974213
429	MLAIX	Nov 03, 2017	11.15	Aug 07, 2017	10.56	5.5871124	11.02	1.1796722	*BT**P*
430	FSNGX	Nov 03, 2017	24.18	Aug 07, 2017	22.9	5.5895233	23.38	3.4217377
431	FSHOX	Nov 03, 2017	66.5	Aug 07, 2017	62.97	5.6058426	66.9	-0.59791565
432	VB	Nov 03, 2017	143.49	Aug 07, 2017	135.87	5.608307	143.59	-0.069633484
433	PCBIX	Nov 03, 2017	27.54	Aug 07, 2017	26.07	5.638672	27.52	0.07268524	*BT**P*
434	CXXRX	Nov 03, 2017	25.82	Aug 07, 2017	24.43	5.689728	26.26	-1.6755524	*BT*
435	FIDU	Nov 03, 2017	36.95	Aug 07, 2017	34.96	5.6922226	37.18	-0.6186142
436	FCPVX	Nov 03, 2017	19.99	Aug 07, 2017	18.91	5.711273	19.85	0.70529175
437	PYVLX	Nov 03, 2017	16.82	Aug 07, 2017	15.91	5.719673	16.73	0.53795624
438	FBT	Nov 03, 2017	123.98	Aug 07, 2017	117.27	5.72184	121.4	2.125206
439	VFH	Nov 03, 2017	67.42	Aug 07, 2017	63.77	5.723694	67.59	-0.25151062
440	FICDX	Nov 03, 2017	54.99	Aug 07, 2017	52.01	5.7296753	54.42	1.0474243
441	FGDKX	Nov 03, 2017	33.1	Aug 07, 2017	31.3	5.750801	33.02	0.24227142
442	FDSVX	Nov 03, 2017	33.08	Aug 07, 2017	31.28	5.754486	33.0	0.24242401
443	PARWX	Nov 03, 2017	38.31	Aug 07, 2017	36.22	5.7702866	38.02	0.762764
444	EEH	Nov 03, 2017	19.2	Aug 07, 2017	18.15	5.7851334	18.66	2.893898
445	PRGFX	Nov 03, 2017	70.36	Aug 07, 2017	66.51	5.788597	69.88	0.6868973
446	FNCL	Nov 03, 2017	39.22	Aug 07, 2017	37.07	5.799843	39.31	-0.2289505
447	NOSGX	Nov 03, 2017	25.47	Aug 07, 2017	24.07	5.8163605	25.76	-1.1257858
448	FSRBX	Nov 03, 2017	34.91	Aug 07, 2017	32.98	5.8520355	35.17	-0.73926544
449	IJR	Nov 03, 2017	73.94	Aug 07, 2017	69.85	5.8554077	75.18	-1.6493759
450	AGTHX	Nov 03, 2017	51.72	Aug 07, 2017	48.84	5.896805	51.26	0.8973923
451	ANDVX	Nov 03, 2017	18.62	Aug 07, 2017	17.58	5.9158173	18.6	0.10752869	*BT*
452	FEMSX	Nov 03, 2017	21.48	Aug 07, 2017	20.28	5.9171524	21.2	1.3207397
453	GSSUX	Nov 03, 2017	65.14	Aug 07, 2017	61.5	5.9186935	65.47	-0.5040512
454	VOOG	Nov 03, 2017	133.73	Aug 07, 2017	126.25	5.9247513	132.97	0.57154846
455	FWWFX	Nov 03, 2017	27.75	Aug 07, 2017	26.19	5.9564743	27.53	0.7991333
456	BRSVX	Nov 03, 2017	26.06	Aug 07, 2017	24.59	5.978035	26.52	-1.7345428
457	JDSNX	Nov 03, 2017	24.25	Aug 07, 2017	22.88	5.9877625	24.29	-0.16468048	*BT*
458	FSCGX	Nov 03, 2017	43.16	Aug 07, 2017	40.71	6.018173	43.08	0.18569183
459	IWM	Nov 03, 2017	148.61	Aug 07, 2017	140.1	6.0742264	149.79	-0.7877655
460	JASCX	Nov 03, 2017	36.4	Aug 07, 2017	34.31	6.091522	36.93	-1.4351425
461	XLF	Nov 03, 2017	26.78	Aug 07, 2017	25.24	6.101433	26.78	0.0
462	DIAX	Nov 03, 2017	17.73	Aug 07, 2017	16.71	6.1041336	17.68	0.28279877
463	FOCPX	Nov 03, 2017	108.87	Aug 07, 2017	102.6	6.111122	107.32	1.4442825
464	FTRNX	Nov 03, 2017	105.55	Aug 07, 2017	99.42	6.165764	104.11	1.3831482
465	ONEQ	Nov 03, 2017	266.03	Aug 07, 2017	250.57	6.1699295	263.45	0.97930145
466	FNCMX	Nov 03, 2017	89.39	Aug 07, 2017	84.19	6.176506	88.54	0.96001434	*P*
467	FBGRX	Nov 03, 2017	87.81	Aug 07, 2017	82.7	6.1789627	86.6	1.397232
468	XT	Nov 03, 2017	35.05	Aug 07, 2017	33.0	6.2121124	34.9	0.4297943
469	FZANX	Nov 03, 2017	33.62	Aug 07, 2017	31.64	6.257904	33.41	0.6285553	*BT*
470	FDLSX	Nov 03, 2017	168.38	Aug 07, 2017	158.46	6.260254	165.03	2.0299454
471	QQQ	Nov 03, 2017	153.27	Aug 07, 2017	144.24	6.260391	151.24	1.3422394
472	ANFVX	Nov 03, 2017	28.19	Aug 07, 2017	26.52	6.2971344	28.32	-0.45903778	*BT*
473	FDFFX	Nov 03, 2017	41.39	Aug 07, 2017	38.92	6.3463593	40.94	1.0991669
474	SLYV	Nov 03, 2017	125.93	Aug 07, 2017	118.4	6.3597946	127.89	-1.5325699
475	IJS	Nov 03, 2017	147.8	Aug 07, 2017	138.94	6.376854	150.24	-1.6240692
476	DRA	Sep 28, 2017	18.1	Jun 30, 2017	17.01	6.407997	18.1	0.0
477	FIDSX	Nov 03, 2017	112.08	Aug 07, 2017	105.28	6.4589767	112.28	-0.17812347
478	FJSCX	Nov 03, 2017	18.93	Aug 07, 2017	17.77	6.527855	18.77	0.852417
479	SCHD	Nov 03, 2017	48.77	Aug 07, 2017	45.72	6.671036	48.81	-0.08194733
480	FEMKX	Nov 03, 2017	31.49	Aug 07, 2017	29.52	6.6734467	31.17	1.0266266	*P*
481	IBM	Nov 03, 2017	151.58	Aug 07, 2017	141.97	6.7690353	153.68	-1.3664703
482	FCNTX	Nov 03, 2017	127.51	Aug 07, 2017	119.39	6.8012466	126.58	0.7347107	*P*
483	FFGCX	Nov 03, 2017	12.71	Aug 07, 2017	11.9	6.806732	12.52	1.5175705
484	FCNKX	Nov 03, 2017	127.51	Aug 07, 2017	119.36	6.828079	126.58	0.7347107	*P*
485	XLE	Nov 03, 2017	68.68	Aug 07, 2017	64.29	6.82843	67.34	1.989914
486	FMAGX	Nov 03, 2017	106.43	Aug 07, 2017	99.62	6.8359756	105.38	0.9963989
487	FGCKX	Nov 03, 2017	183.04	Aug 07, 2017	171.32	6.840988	181.2	1.0154495
488	FMGKX	Nov 03, 2017	106.32	Aug 07, 2017	99.51	6.8435287	105.27	0.9974365
489	RSXJ	Nov 03, 2017	43.2	Aug 07, 2017	40.43	6.851349	43.45	-0.5753784
490	FJPNX	Nov 03, 2017	15.26	Aug 07, 2017	14.28	6.862747	15.0	1.7333374
491	FSLEX	Nov 03, 2017	26.45	Aug 07, 2017	24.75	6.868683	26.55	-0.37664032
492	VHCOX	Nov 03, 2017	67.33	Aug 07, 2017	62.97	6.923935	66.9	0.6427536
493	JATTX	Nov 03, 2017	29.15	Aug 07, 2017	27.25	6.972481	28.98	0.5866165
494	FDSCX	Nov 03, 2017	28.67	Aug 07, 2017	26.8	6.9776154	28.72	-0.17409515
495	FCYIX	Nov 03, 2017	36.05	Aug 07, 2017	33.69	7.0050507	35.99	0.16670227
496	DIA	Nov 03, 2017	235.18	Aug 07, 2017	219.69	7.0508347	234.17	0.43131256	*P*
497	POAGX	Nov 03, 2017	41.61	Aug 07, 2017	38.86	7.076683	40.94	1.6365433
498	FSRFX	Nov 03, 2017	100.23	Aug 07, 2017	93.58	7.106224	101.77	-1.5132065
499	FSOPX	Nov 03, 2017	14.24	Aug 07, 2017	13.29	7.1482315	14.26	-0.14025879
500	FENY	Nov 03, 2017	19.03	Aug 07, 2017	17.76	7.150902	18.57	2.4771194
501	FCPGX	Nov 03, 2017	24.62	Aug 07, 2017	22.97	7.1832886	24.63	-0.04059601	*P*
502	VDE	Nov 03, 2017	93.84	Aug 07, 2017	87.51	7.233452	91.73	2.3002243
503	FSVLX	Nov 03, 2017	15.65	Aug 07, 2017	14.59	7.2652435	15.73	-0.50858307
504	RYTRX	Nov 03, 2017	15.0	Aug 07, 2017	13.98	7.2961426	15.09	-0.5964203	*BT*
505	PRNHX	Nov 03, 2017	55.96	Aug 07, 2017	52.12	7.3676147	55.48	0.86517334
506	FFIDX	Nov 03, 2017	45.3	Aug 07, 2017	42.19	7.371414	45.05	0.5549469
507	FFDKX	Nov 03, 2017	45.29	Aug 07, 2017	42.18	7.373169	45.04	0.55506134
508	EWJ	Nov 03, 2017	59.19	Aug 07, 2017	55.12	7.383896	58.42	1.318039
509	FLGEX	Nov 03, 2017	18.82	Aug 07, 2017	17.52	7.4200897	18.7	0.64170074
510	RSX	Nov 03, 2017	21.78	Aug 07, 2017	20.25	7.5555573	21.99	-0.9549713
511	FXI	Nov 03, 2017	46.28	Aug 07, 2017	43.0	7.627907	46.49	-0.45171356
512	MVALX	Nov 03, 2017	43.59	Aug 07, 2017	40.5	7.629631	43.33	0.6000366
513	FXZ	Nov 03, 2017	41.6	Aug 07, 2017	38.64	7.660446	41.64	-0.09606171
514	RTM	Nov 03, 2017	107.8	Aug 07, 2017	100.08	7.713829	107.72	0.07426453
515	PYZ	Nov 03, 2017	67.33	Aug 07, 2017	62.48	7.7624893	68.02	-1.0143967
516	FHKCX	Nov 03, 2017	34.97	Aug 07, 2017	32.41	7.898796	34.41	1.6274338	*P*
517	EES	Nov 03, 2017	35.25	Aug 07, 2017	32.64	7.9963226	35.59	-0.95532227
518	FTQGX	Nov 03, 2017	23.66	Aug 07, 2017	21.87	8.184723	23.48	0.7666092
519	XLB	Nov 03, 2017	58.83	Aug 07, 2017	54.32	8.30265	59.12	-0.4905243	*P*
520	ASHR	Nov 03, 2017	30.42	Aug 07, 2017	28.08	8.333336	30.79	-1.2016907
521	VAW	Nov 03, 2017	132.95	Aug 07, 2017	122.68	8.371368	133.69	-0.55352783
522	FPBFX	Nov 03, 2017	35.65	Aug 07, 2017	32.89	8.391617	35.28	1.0487518	*P*
523	XTN	Nov 03, 2017	59.83	Aug 07, 2017	55.15	8.485947	60.84	-1.6600876	*P*
524	FSDPX	Nov 03, 2017	92.09	Aug 07, 2017	84.83	8.558289	92.76	-0.72229767
525	FEMFX	Sep 06, 2017	20.73	Jun 07, 2017	19.09	8.590874	20.73	0.0
526	FSEAX	Nov 03, 2017	44.37	Aug 07, 2017	40.85	8.61689	43.46	2.093872	*P*
527	PENNX	Nov 03, 2017	12.54	Aug 07, 2017	11.51	8.948746	12.62	-0.63391113
528	XBI	Nov 03, 2017	85.6	Aug 07, 2017	78.52	9.016815	83.8	2.1479645
529	ERUS	Nov 03, 2017	33.21	Aug 07, 2017	30.46	9.028229	33.35	-0.41979218
530	ICENX	Nov 03, 2017	12.53	Aug 07, 2017	11.49	9.051346	12.16	3.0427551
531	HAO	Nov 03, 2017	30.13	Aug 07, 2017	27.62	9.087608	30.12	0.033203125
532	FSDAX	Nov 03, 2017	166.79	Aug 07, 2017	152.83	9.134331	165.26	0.92581177
533	CSCO	Nov 03, 2017	34.47	Aug 07, 2017	31.57	9.185944	34.43	0.11618042
534	DBC	Nov 03, 2017	16.22	Aug 07, 2017	14.85	9.225586	15.93	1.8204575
535	RZV	Nov 03, 2017	69.6	Aug 07, 2017	63.71	9.24501	70.97	-1.930397
536	QQQX	Nov 03, 2017	23.86	Aug 07, 2017	21.81	9.399368	23.31	2.3595123
537	PRGTX	Nov 03, 2017	19.51	Aug 07, 2017	17.79	9.66835	19.3	1.0880814
538	FDCPX	Nov 03, 2017	97.47	Aug 07, 2017	88.68	9.912048	93.02	4.783928
539	FBSOX	Nov 03, 2017	54.29	Aug 07, 2017	49.37	9.965576	53.95	0.6302109
540	FATIX	Nov 03, 2017	62.45	Aug 07, 2017	56.69	10.16053	61.39	1.7266617	*BT**P*
541	FSPTX	Nov 03, 2017	190.27	Aug 07, 2017	172.38	10.378227	186.97	1.7649918
542	PKB	Nov 03, 2017	32.74	Aug 07, 2017	29.65	10.4216	32.99	-0.7578049
543	FNARX	Nov 03, 2017	28.37	Aug 07, 2017	25.68	10.475075	27.31	3.8813705
544	FSCHX	Nov 03, 2017	183.58	Aug 07, 2017	166.15	10.490524	184.33	-0.4068756
545	THD	Nov 03, 2017	87.65	Aug 07, 2017	79.2	10.669197	88.4	-0.8484192
546	USO	Nov 03, 2017	11.18	Aug 07, 2017	10.1	10.693069	10.84	3.136528
547	FSENX	Nov 03, 2017	42.21	Aug 07, 2017	38.09	10.816483	40.49	4.2479553
548	FSAVX	Nov 03, 2017	39.68	Aug 07, 2017	35.8	10.837997	39.51	0.43027496
549	FSCSX	Nov 03, 2017	171.67	Aug 07, 2017	154.87	10.847809	170.03	0.96453094	*P*
550	VGT	Nov 03, 2017	164.59	Aug 07, 2017	147.92	11.269608	161.99	1.6050339
551	FTEC	Nov 03, 2017	49.98	Aug 07, 2017	44.78	11.612335	49.19	1.6060257
552	PSCM	Nov 03, 2017	51.03	Aug 07, 2017	45.72	11.614166	51.49	-0.89338684
553	ROBO	Nov 03, 2017	40.71	Aug 07, 2017	36.35	11.994507	40.14	1.4200363
554	ITB	Nov 03, 2017	39.09	Aug 07, 2017	34.76	12.456856	39.36	-0.6859741
555	PSCE	Nov 03, 2017	14.46	Aug 07, 2017	12.75	13.411758	13.76	5.0872116	*P*
556	OIL	Nov 03, 2017	5.92	Aug 07, 2017	5.2	13.846161	5.69	4.042183	*P*
557	BOTZ	Nov 03, 2017	23.64	Aug 07, 2017	20.1	17.61193	23.06	2.5151749	*P*
558	FSELX	Nov 03, 2017	124.46	Aug 07, 2017	105.77	17.670418	119.71	3.9679184
559	EPU	Nov 03, 2017	42.38	Aug 07, 2017	35.65	18.877983	41.81	1.3633118
560	UGA	Nov 03, 2017	32.24	Aug 07, 2017	26.58	21.294212	30.93	4.2353745
561	AIEQ	Nov 03, 2017	24.6	null	1.0	2360.0	25.0	-1.5999985