1	SHOP	Dec 08, 2017	100.77	Sep 11, 2017	117.99	-14.59446	103.27	-2.4208374	*P*
2	PTM	Dec 08, 2017	9.24	Sep 11, 2017	10.73	-13.886299	9.72	-4.938278
3	FSAGX	Dec 08, 2017	19.09	Sep 11, 2017	22.03	-13.345436	19.76	-3.390686
4	USAGX	Dec 08, 2017	12.14	Sep 11, 2017	13.86	-12.409805	12.58	-3.497612
5	PHK	Dec 08, 2017	7.42	Sep 11, 2017	8.14	-8.845207	7.38	0.54200745
6	SWHFX	Dec 08, 2017	23.97	Sep 11, 2017	26.29	-8.824654	25.87	-7.3444214
7	EWZ	Dec 08, 2017	39.01	Sep 11, 2017	42.55	-8.319626	39.03	-0.051239014
8	FLATX	Dec 08, 2017	24.15	Sep 11, 2017	26.28	-8.105026	24.57	-1.709404	*P*
9	RSXJ	Dec 08, 2017	40.36	Sep 11, 2017	43.33	-6.85437	41.05	-1.6808777
10	HDOGX	Dec 08, 2017	13.38	Sep 11, 2017	14.32	-6.5642395	14.95	-10.501671
11	RYURX	Dec 08, 2017	62.12	Sep 11, 2017	66.34	-6.361168	62.35	-0.36888885
12	GLD	Dec 08, 2017	118.48	Sep 11, 2017	126.19	-6.109833	121.59	-2.5577698
13	IAU	Dec 08, 2017	11.99	Sep 11, 2017	12.76	-6.034485	12.3	-2.5203323
14	FDCAX	Dec 08, 2017	34.69	Sep 11, 2017	36.71	-5.5025864	38.69	-10.338585
15	AMLP	Dec 08, 2017	10.4	Sep 11, 2017	11.0	-5.454544	10.52	-1.140686
16	MERKX	Dec 08, 2017	9.78	Sep 11, 2017	10.25	-4.5853653	9.9	-1.21212
17	FPHAX	Dec 08, 2017	18.56	Sep 11, 2017	19.38	-4.2311707	18.7	-0.7486725
18	IBB	Dec 08, 2017	106.07	111.30 1,388,700 Sep	110.63	-4.121849	105.7	0.35004425
19	FBIOX	Dec 08, 2017	217.59	Sep 11, 2017	225.55	-3.529152	216.14	0.6708603	*P*
20	FDIKX	Dec 08, 2017	39.28	Sep 11, 2017	40.57	-3.1796951	41.41	-5.143692
21	EMLC	Dec 08, 2017	18.7	Sep 11, 2017	19.3	-3.1088028	18.75	-0.2666626
22	FDIVX	Dec 08, 2017	39.37	Sep 11, 2017	40.63	-3.1011658	41.45	-5.018097
23	FGBLX	Dec 08, 2017	24.81	Sep 11, 2017	25.57	-2.9722366	26.29	-5.629524
24	FZAIX	Dec 08, 2017	44.51	Sep 11, 2017	45.84	-2.9013977	46.9	-5.095955	*BT*
25	FIDKX	Dec 08, 2017	44.54	Sep 11, 2017	45.87	-2.8994904	46.93	-5.0926895
26	FDSCX	Dec 08, 2017	26.2	Sep 11, 2017	26.98	-2.8910294	29.22	-10.335381
27	JDD	Dec 08, 2017	12.24	Sep 11, 2017	12.6	-2.8571472	12.28	-0.325737
28	FIGRX	Dec 08, 2017	44.67	Sep 11, 2017	45.95	-2.7856445	47.0	-4.957451
29	FDGKX	Dec 08, 2017	32.38	Sep 11, 2017	33.3	-2.7627563	35.75	-9.426567
30	FNORX	Dec 08, 2017	51.53	Sep 11, 2017	52.99	-2.7552414	54.19	-4.908661	*P*
31	CHAD	Dec 08, 2017	32.12	Sep 11, 2017	32.98	-2.6076431	32.3	-0.55727386
32	IHE	Dec 08, 2017	153.5	Sep 11, 2017	157.6	-2.601532	153.85	-0.22750092
33	FWWFX	Dec 08, 2017	26.11	Sep 11, 2017	26.75	-2.392517	27.9	-6.415764
34	WIP	Dec 08, 2017	56.9	Sep 11, 2017	58.27	-2.35112	57.27	-0.6460571
35	FATIX	Dec 08, 2017	57.17	Sep 11, 2017	58.44	-2.1731644	62.1	-7.9388046	*BT**P*
36	PRIPX	Dec 08, 2017	11.79	Sep 11, 2017	12.04	-2.0764084	12.01	-1.83181
37	PFBDX	Dec 08, 2017	9.97	Sep 11, 2017	10.18	-2.0628662	10.02	-0.49900055
38	FSPHX	Dec 08, 2017	230.03	Sep 11, 2017	234.78	-2.0231705	231.87	-0.7935486
39	RSX	Dec 08, 2017	21.57	Sep 11, 2017	22.0	-1.9545517	21.46	0.5125885
40	IGOV	Dec 08, 2017	49.38	Sep 11, 2017	50.31	-1.8485336	49.82	-0.8831711
41	GASFX	Dec 08, 2017	30.47	Sep 11, 2017	31.01	-1.7413788	30.9	-1.3915863
42	FIBAX	Dec 08, 2017	10.69	Sep 11, 2017	10.85	-1.4746628	10.7	-0.09346008
43	PRTIX	Dec 08, 2017	5.71	Sep 11, 2017	5.79	-1.381691	5.72	-0.17481995
44	ICF	Dec 08, 2017	101.93	Sep 11, 2017	103.32	-1.3453369	102.78	-0.8270111
45	VFITX	Dec 08, 2017	11.09	Sep 11, 2017	11.24	-1.3345184	11.1	-0.09009552
46	IEI	Dec 08, 2017	122.48	Sep 11, 2017	124.07	-1.2815323	122.52	-0.03263855
47	PRPFX	Dec 08, 2017	40.0	Sep 11, 2017	40.51	-1.2589417	40.35	-0.86740875
48	FICDX	Dec 08, 2017	53.06	Sep 11, 2017	53.73	-1.2469711	55.02	-3.5623398
49	NKX	Dec 08, 2017	15.56	Sep 11, 2017	15.75	-1.2063446	15.33	1.5003357
50	PAUDX	Dec 08, 2017	8.93	Sep 11, 2017	9.03	-1.1074142	8.96	-0.33481598
51	FTIEX	Dec 08, 2017	9.1	Sep 11, 2017	9.2	-1.0869522	9.45	-3.7036972
52	JQC	Dec 08, 2017	8.2	Sep 11, 2017	8.29	-1.0856476	8.2	0.0
53	FSOFX	Sep 06, 2017	14.15	Jun 07, 2017	14.3	-1.0489502	14.15	0.0
54	FSTGX	Dec 08, 2017	10.42	Sep 11, 2017	10.53	-1.044632	10.43	-0.0958786
55	HLPPX	Dec 08, 2017	14.51	Sep 11, 2017	14.66	-1.0231934	14.62	-0.752388
56	FSRRX	Dec 08, 2017	8.76	Sep 11, 2017	8.85	-1.0169525	8.93	-1.9036942
57	VNQ	Dec 08, 2017	84.03	Sep 11, 2017	84.84	-0.9547348	84.59	-0.6620178
58	BTTTX	Dec 08, 2017	103.73	Sep 11, 2017	104.72	-0.94537354	103.77	-0.0385437
59	FRESX	Dec 08, 2017	42.42	Sep 11, 2017	42.82	-0.9341507	42.63	-0.49262238
60	PRFSX	Dec 08, 2017	5.57	Sep 11, 2017	5.62	-0.88967896	5.56	0.17986298
61	VWO	Dec 08, 2017	44.14	Sep 11, 2017	44.53	-0.87581635	44.05	0.20431519
62	FCSTX	Dec 08, 2017	10.58	Sep 11, 2017	10.67	-0.8434906	10.55	0.2843628
63	FFXSX	Dec 08, 2017	9.88	Sep 11, 2017	9.96	-0.803215	9.89	-0.101112366
64	VGHCX	Dec 08, 2017	213.52	Sep 11, 2017	215.23	-0.7944946	214.33	-0.37792206
65	VGHAX	Dec 08, 2017	90.08	Sep 11, 2017	90.8	-0.7929535	90.42	-0.37602234
66	VBIIX	Dec 08, 2017	11.39	Sep 11, 2017	11.48	-0.78396606	11.39	0.0
67	FVIIX	Dec 08, 2017	10.23	Sep 11, 2017	10.31	-0.7759552	10.24	-0.09765625	*BT*
68	ROOF	Dec 08, 2017	26.86	Sep 11, 2017	27.07	-0.77575684	27.0	-0.51851654
69	FSBIX	Dec 08, 2017	10.33	Sep 11, 2017	10.41	-0.768486	10.34	-0.096717834
70	FCSSX	Dec 08, 2017	5.19	Sep 11, 2017	5.23	-0.7648163	5.34	-2.8089905
71	BMBSX	Dec 08, 2017	11.86	Sep 11, 2017	11.95	-0.7531433	11.8	0.50847626
72	FNMIX	Dec 08, 2017	16.2	Sep 11, 2017	16.32	-0.7352905	16.16	0.24752808
73	VMLTX	Dec 08, 2017	10.92	Sep 11, 2017	11.0	-0.72727203	10.89	0.27548218
74	FISMX	Dec 08, 2017	28.87	Sep 11, 2017	29.08	-0.72213745	30.08	-4.022606
75	VBILX	Dec 08, 2017	11.39	Sep 11, 2017	11.47	-0.6974716	11.39	0.0
76	FGOVX	Dec 08, 2017	10.22	Sep 11, 2017	10.29	-0.68026733	10.23	-0.0977478
77	PTTDX	Dec 08, 2017	10.26	Sep 11, 2017	10.33	-0.6776352	10.25	0.0975647
78	FSBAX	Dec 08, 2017	10.33	Sep 11, 2017	10.4	-0.6730728	10.34	-0.096717834
79	XMPT	Dec 08, 2017	26.96	Sep 11, 2017	27.14	-0.66322327	26.62	1.2772293
80	FSMEX	Dec 08, 2017	47.03	Sep 11, 2017	47.34	-0.65483856	47.62	-1.2389755
81	FTHRX	Dec 08, 2017	10.82	Sep 11, 2017	10.89	-0.6427994	10.83	-0.09233856
82	PLMDX	Dec 08, 2017	9.32	Sep 11, 2017	9.38	-0.6396637	9.35	-0.32086182
83	NAD	Dec 08, 2017	14.17	Sep 11, 2017	14.26	-0.63113403	13.91	1.8691635
84	GABUX	Dec 08, 2017	9.52	Sep 11, 2017	9.58	-0.6263046	9.61	-0.9365158
85	BSV	Dec 08, 2017	79.27	Sep 11, 2017	79.76	-0.61434937	79.25	0.025238037	*P*
86	REACX	Dec 08, 2017	29.34	Sep 11, 2017	29.52	-0.60975647	29.5	-0.54237366
87	BCLTX	Oct 20, 2017	11.5	Jul 24, 2017	11.57	-0.605011	11.69	-1.6253204
88	FSTFX	Dec 08, 2017	10.53	Sep 11, 2017	10.59	-0.5665741	10.51	0.19029236
89	FDFAX	Dec 08, 2017	97.5	Sep 11, 2017	98.02	-0.5305023	96.87	0.6503601
90	FSIPX	Dec 08, 2017	9.92	Sep 11, 2017	9.97	-0.5015106	9.92	0.0
91	SHY	Dec 08, 2017	83.97	Sep 11, 2017	84.38	-0.48589325	83.98	-0.011909485
92	TIXRX	Dec 08, 2017	10.45	Sep 11, 2017	10.5	-0.4761963	10.4	0.48077393
93	VSGBX	Dec 08, 2017	10.63	Sep 11, 2017	10.68	-0.46816254	10.63	0.0
94	NCITX	Dec 08, 2017	10.67	Sep 11, 2017	10.72	-0.4664154	10.61	0.565506
95	PCRIX	Dec 08, 2017	6.59	Sep 11, 2017	6.62	-0.45317078	6.7	-1.6417847	*BT*
96	FKVFX	Sep 13, 2017	13.85	Jun 14, 2017	13.91	-0.43134308	13.83	0.14461517
97	FEMEX	Dec 08, 2017	9.54	Sep 11, 2017	9.58	-0.41753387	9.73	-1.9527206
98	FIPAX	Dec 08, 2017	11.93	Sep 11, 2017	11.98	-0.4173584	11.93	0.0
99	TGMNX	Dec 08, 2017	10.28	Sep 11, 2017	10.32	-0.38759613	10.25	0.29267883
100	FFKCX	Sep 13, 2017	13.15	Jun 14, 2017	13.2	-0.37878418	13.13	0.15231323
101	VIPSX	Dec 08, 2017	13.18	Sep 11, 2017	13.23	-0.37792206	13.18	0.0
102	TGFNX	Dec 08, 2017	10.96	Sep 11, 2017	11.0	-0.3636322	10.93	0.27446747
103	PGNDX	Dec 08, 2017	11.07	Sep 11, 2017	11.11	-0.36003876	11.06	0.090408325
104	FVLKX	Dec 08, 2017	119.12	Sep 11, 2017	119.55	-0.3596878	124.66	-4.444084
105	SWRSX	Dec 08, 2017	11.14	Sep 11, 2017	11.18	-0.35778046	11.14	0.0
106	FGMNX	Dec 08, 2017	11.39	Sep 11, 2017	11.43	-0.34996033	11.41	-0.17527771
107	FZANX	Dec 08, 2017	31.81	Sep 11, 2017	31.92	-0.34461975	33.98	-6.3861084	*BT*
108	ACITX	Dec 08, 2017	11.68	Sep 11, 2017	11.72	-0.34129333	11.68	0.0
109	FIVFX	Dec 08, 2017	20.64	Sep 11, 2017	20.71	-0.33799744	21.26	-2.916275
110	FINPX	Dec 08, 2017	12.09	Sep 11, 2017	12.13	-0.32976532	12.09	0.0
111	FDVLX	Dec 08, 2017	119.04	Sep 11, 2017	119.38	-0.2848053	124.45	-4.347122
112	TIP	Dec 08, 2017	113.69	Sep 11, 2017	114.01	-0.2806778	113.61	0.07041931
113	PRRDX	Dec 08, 2017	11.01	Sep 11, 2017	11.04	-0.27173615	11.0	0.090911865
114	FMSFX	Dec 08, 2017	11.23	Sep 11, 2017	11.26	-0.26644135	11.24	-0.088974
115	FBIDX	Dec 08, 2017	11.59	Sep 11, 2017	11.62	-0.25817108	11.6	-0.08620453
116	SWNTX	Dec 08, 2017	11.73	Sep 11, 2017	11.76	-0.2551117	11.68	0.4280777
117	BND	Dec 08, 2017	81.62	Sep 11, 2017	81.82	-0.24443054	81.56	0.07357788
118	RYGBX	Dec 08, 2017	53.89	Sep 11, 2017	54.02	-0.24065399	53.9	-0.018554688
119	FSHBX	Dec 08, 2017	8.59	Sep 11, 2017	8.61	-0.23228455	8.59	0.0
120	VFIIX	Dec 08, 2017	10.48	Sep 11, 2017	10.5	-0.19047546	10.49	-0.095329285
121	NOITX	Dec 08, 2017	10.55	Sep 11, 2017	10.57	-0.18920898	10.51	0.38058472
122	FPCIX	Dec 08, 2017	10.63	Sep 11, 2017	10.65	-0.18778992	10.63	0.0
123	VBMFX	Dec 08, 2017	10.76	Sep 11, 2017	10.78	-0.18552399	10.76	0.0
124	VCAIX	Dec 08, 2017	11.81	Sep 11, 2017	11.83	-0.16905975	11.74	0.5962601
125	BCITX	Dec 08, 2017	11.93	Sep 11, 2017	11.95	-0.1673584	11.87	0.50548553
126	VUSTX	Dec 08, 2017	12.38	Sep 11, 2017	12.4	-0.1612854	12.38	0.0
127	GVPIX	Dec 08, 2017	55.89	Sep 11, 2017	55.98	-0.16077423	55.86	0.053703308
128	PRULX	Dec 08, 2017	12.78	Sep 11, 2017	12.8	-0.15625	12.79	-0.078186035
129	FBNDX	Dec 08, 2017	7.93	Sep 11, 2017	7.94	-0.12594604	7.93	0.0
130	FLTMX	Dec 08, 2017	10.41	Sep 11, 2017	10.42	-0.095970154	10.37	0.38572693
131	FTBFX	Dec 08, 2017	10.66	Sep 11, 2017	10.67	-0.09371948	10.67	-0.09371948
132	NOAZX	Dec 08, 2017	10.67	Sep 11, 2017	10.68	-0.09363556	10.62	0.47081757
133	FSIGX	Dec 08, 2017	11.27	Sep 11, 2017	11.28	-0.088645935	11.28	-0.088645935
134	FICNX	Dec 08, 2017	11.45	Sep 11, 2017	11.46	-0.087265015	11.39	0.52677155
135	FIMIX	Dec 08, 2017	11.65	Sep 11, 2017	11.66	-0.085762024	11.6	0.43102264
136	FLBAX	Dec 08, 2017	13.26	Sep 11, 2017	13.27	-0.07535553	13.26	0.0
137	HAO	Dec 08, 2017	28.8	Sep 11, 2017	28.82	-0.06939697	29.19	-1.3360825
138	FFIPX	Sep 06, 2017	9.93	Jun 07, 2017	9.93	0.0	9.93	0.0
139	CDSIX	Dec 08, 2017	16.15	Sep 11, 2017	16.14	0.061965942	16.15	0.0	*BT*
140	FTFMX	Dec 08, 2017	13.24	Sep 11, 2017	13.23	0.07559204	13.15	0.6844177
141	PRNYX	Dec 08, 2017	11.67	Sep 11, 2017	11.66	0.08576965	11.61	0.5167999
142	JHMU	Dec 08, 2017	28.95	Sep 11, 2017	28.92	0.10373688	29.57	-2.0967178
143	XBI	Dec 08, 2017	83.93	Sep 11, 2017	83.84	0.10734558	83.42	0.6113663
144	RYU	Dec 08, 2017	89.54	Sep 11, 2017	89.43	0.1230011	90.68	-1.2571716	*P*
145	USNYX	Dec 08, 2017	11.96	Sep 11, 2017	11.94	0.16751099	11.92	0.3355713
146	NCATX	Dec 08, 2017	11.65	Sep 11, 2017	11.63	0.17195892	11.59	0.5176773
147	FEDCX	Dec 08, 2017	10.33	Sep 11, 2017	10.31	0.19397736	10.33	0.0
148	FSHFX	Sep 06, 2017	9.66	Jun 07, 2017	9.64	0.2074585	9.66	0.0
149	FFKVX	Sep 13, 2017	13.25	Jun 14, 2017	13.22	0.22692871	13.23	0.15116882
150	FSRIX	Dec 08, 2017	12.59	Sep 11, 2017	12.56	0.23884583	12.61	-0.15859985	*BT*
151	PRXCX	Dec 08, 2017	11.57	Sep 11, 2017	11.54	0.25995636	11.51	0.5212784
152	GTFBX	Dec 08, 2017	11.54	Sep 11, 2017	11.51	0.26063538	11.49	0.4351654
153	FPXTX	Dec 08, 2017	11.19	Sep 11, 2017	11.16	0.2688141	11.13	0.53907776
154	NOTEX	Dec 08, 2017	10.71	Sep 11, 2017	10.68	0.28089142	10.66	0.46903992
155	FCNVX	Dec 08, 2017	10.04	Sep 11, 2017	10.01	0.29969025	10.04	0.0
156	FCTFX	Dec 08, 2017	12.99	Sep 11, 2017	12.95	0.30888367	12.91	0.6196747
157	NBB	Dec 08, 2017	21.83	Sep 11, 2017	21.76	0.3216858	21.69	0.64546204
158	PASDX	Dec 08, 2017	12.17	Sep 11, 2017	12.13	0.3297577	12.2	-0.24589539
159	PRVAX	Dec 08, 2017	12.04	Sep 11, 2017	12.0	0.33333588	11.99	0.41701508
160	DRTAX	Dec 08, 2017	11.81	Sep 11, 2017	11.77	0.33984375	11.75	0.510643
161	SMDMX	Dec 08, 2017	11.39	Sep 11, 2017	11.35	0.352417	11.32	0.6183777
162	FTQGX	Dec 08, 2017	22.55	Sep 11, 2017	22.47	0.35603333	23.95	-5.84552
163	JHMH	Dec 08, 2017	31.0	Sep 11, 2017	30.89	0.356102	31.08	-0.2574005
164	FSICX	Dec 08, 2017	11.14	Sep 11, 2017	11.1	0.3603592	11.16	-0.17920685
165	DODIX	Dec 08, 2017	13.86	Sep 11, 2017	13.81	0.36205292	13.85	0.07218933
166	MDXBX	Dec 08, 2017	10.8	Sep 11, 2017	10.76	0.37174225	10.76	0.37174225
167	FHIGX	Dec 08, 2017	13.13	Sep 11, 2017	13.08	0.3822708	13.05	0.61302185
168	MNBAX	Dec 08, 2017	18.21	Sep 11, 2017	18.14	0.38587952	18.18	0.16500854
169	PRTAX	Dec 08, 2017	10.18	Sep 11, 2017	10.14	0.39447784	10.14	0.39447784
170	FFKDX	Sep 13, 2017	14.94	Jun 14, 2017	14.88	0.40322876	14.92	0.13404846
171	FDMMX	Dec 08, 2017	12.27	Sep 11, 2017	12.22	0.40916443	12.2	0.57377625
172	FMHTX	Dec 08, 2017	12.23	Sep 11, 2017	12.18	0.41049957	12.16	0.5756531
173	BULIX	Dec 08, 2017	18.56	Sep 11, 2017	18.48	0.43289948	18.85	-1.5384674
174	FTABX	Dec 08, 2017	11.59	Sep 11, 2017	11.54	0.43328094	11.52	0.6076355
175	FIVLX	Dec 08, 2017	8.92	Sep 11, 2017	8.88	0.45044708	9.07	-1.653801
176	FSAMX	Dec 08, 2017	11.04	Sep 11, 2017	10.99	0.45496368	11.15	-0.9865494
177	NHINX	Dec 08, 2017	8.69	Sep 11, 2017	8.65	0.46242523	8.7	-0.11494446
178	PBDDX	Dec 08, 2017	10.62	Sep 11, 2017	10.57	0.47303772	10.63	-0.094070435
179	FFKAX	Sep 13, 2017	12.04	Jun 14, 2017	11.98	0.5008316	12.02	0.16638184
180	USATX	Dec 08, 2017	13.38	Sep 11, 2017	13.31	0.52591705	13.32	0.4504547
181	SJNK	Dec 08, 2017	27.58	Sep 11, 2017	27.43	0.5468521	27.59	-0.036247253
182	JNK	Dec 08, 2017	36.76	Sep 11, 2017	36.56	0.54704285	36.75	0.02720642
183	FHLC	Dec 08, 2017	40.11	Sep 11, 2017	39.89	0.5515213	40.3	-0.47145844
184	VMATX	Dec 08, 2017	10.86	Sep 11, 2017	10.8	0.5555496	10.8	0.5555496
185	VCITX	Dec 08, 2017	12.24	Sep 11, 2017	12.17	0.5751877	12.16	0.6578903
186	FOHFX	Dec 08, 2017	12.21	Sep 11, 2017	12.14	0.57660675	12.13	0.659523
187	VHT	Dec 08, 2017	154.62	Sep 11, 2017	153.73	0.57894135	155.29	-0.4314499
188	VWLTX	Dec 08, 2017	11.72	Sep 11, 2017	11.65	0.6008606	11.65	0.6008606
189	VPAIX	Dec 08, 2017	11.67	Sep 11, 2017	11.6	0.60344696	11.61	0.5167999
190	NTFIX	Dec 08, 2017	11.61	Sep 11, 2017	11.54	0.60658264	11.55	0.51947784
191	FSMVX	Dec 08, 2017	26.5	Sep 11, 2017	26.34	0.60744476	28.59	-7.3102493
192	DODFX	Dec 08, 2017	46.1	Sep 11, 2017	45.82	0.61107635	45.97	0.28279114
193	USVAX	Dec 08, 2017	11.36	Sep 11, 2017	11.29	0.620018	11.32	0.35336304
194	FSFFX	Sep 06, 2017	12.97	Jun 07, 2017	12.89	0.620636	12.97	0.0
195	USCBX	Dec 08, 2017	11.1	Sep 11, 2017	11.03	0.6346359	11.05	0.45249176
196	FBT	Dec 08, 2017	124.81	Sep 11, 2017	123.99	0.66134644	125.58	-0.6131592
197	PRINX	Dec 08, 2017	11.97	Sep 11, 2017	11.89	0.6728287	11.92	0.4194641
198	FCBFX	Dec 08, 2017	11.64	Sep 11, 2017	11.56	0.6920471	11.65	-0.08583069
199	VOHIX	Dec 08, 2017	12.69	Sep 11, 2017	12.6	0.7142792	12.62	0.55467224
200	FNJHX	Dec 08, 2017	11.95	Sep 11, 2017	11.86	0.7588501	11.89	0.5046234
201	FBMPX	Dec 08, 2017	81.03	Sep 11, 2017	80.4	0.78357697	81.65	-0.7593384
202	FIENX	Dec 08, 2017	9.95	Sep 11, 2017	9.87	0.81053925	10.12	-1.6798401
203	USTEX	Dec 08, 2017	13.45	Sep 11, 2017	13.34	0.82458496	13.4	0.37313843
204	FKTWX	Sep 13, 2017	15.81	Jun 14, 2017	15.68	0.8290787	15.79	0.12666321
205	FIBFX	Sep 06, 2017	11.35	Jun 07, 2017	11.25	0.8888931	11.35	0.0
206	LQD	Dec 08, 2017	120.98	Sep 11, 2017	119.91	0.8923416	120.72	0.21537781
207	FOSKX	Dec 08, 2017	49.56	Sep 11, 2017	49.12	0.89577484	50.18	-1.2355499
208	FFIGX	Sep 06, 2017	15.58	Jun 07, 2017	15.44	0.9067383	15.58	0.0
209	FFKEX	Sep 13, 2017	16.31	Jun 14, 2017	16.16	0.9282074	16.28	0.18426514
210	BCHYX	Dec 08, 2017	10.68	Sep 11, 2017	10.58	0.9451904	10.62	0.56497955
211	FOSFX	Dec 08, 2017	49.68	Sep 11, 2017	49.21	0.9550934	50.25	-1.1343307
212	FSUTX	Dec 08, 2017	82.36	Sep 11, 2017	81.58	0.9561157	82.91	-0.66337585
213	FASIX	Dec 08, 2017	13.68	Sep 11, 2017	13.55	0.9594116	13.68	0.0
214	VWAHX	Dec 08, 2017	11.46	Sep 11, 2017	11.35	0.969162	11.39	0.6145706
215	FCNKX	Dec 08, 2017	121.84	Sep 11, 2017	120.67	0.96958923	128.25	-4.9980545	*P*
216	FIAFX	Dec 08, 2017	11.33	Sep 11, 2017	11.22	0.98039246	11.33	0.0	*BT*
217	EEM	Dec 08, 2017	45.94	Sep 11, 2017	45.49	0.98921967	45.84	0.21813965
218	PRFHX	Dec 08, 2017	12.1	Sep 11, 2017	11.98	1.0016785	12.04	0.49834442
219	FFFAX	Dec 08, 2017	11.95	Sep 11, 2017	11.83	1.0143661	11.96	-0.083610535
220	VNQI	Dec 08, 2017	60.63	Sep 11, 2017	60.02	1.0163269	60.51	0.19831848	*P*
221	RWX	Dec 08, 2017	39.66	Sep 11, 2017	39.26	1.0188599	39.41	0.63436127
222	FIRMX	Dec 08, 2017	58.29	Sep 11, 2017	57.7	1.0225296	58.32	-0.051437378
223	PFODX	Dec 08, 2017	10.75	Sep 11, 2017	10.64	1.0338287	10.73	0.18639374
224	FCNTX	Dec 08, 2017	121.93	Sep 11, 2017	120.68	1.0357971	128.24	-4.9204636	*P*
225	FIRNX	Dec 08, 2017	58.23	Sep 11, 2017	57.63	1.0411224	58.25	-0.034339905
226	FHIFX	Dec 08, 2017	8.72	Sep 11, 2017	8.63	1.0428772	8.73	-0.11453247
227	FFRHX	Dec 08, 2017	9.63	Sep 11, 2017	9.53	1.0493317	9.63	0.0
228	SMTFX	Dec 08, 2017	10.52	Sep 11, 2017	10.41	1.0566864	10.47	0.47755432
229	VSS	Dec 08, 2017	115.95	Sep 11, 2017	114.71	1.0809937	116.79	-0.7192459
230	FPIOX	Dec 08, 2017	9.62	Sep 11, 2017	9.51	1.1566772	9.63	-0.10384369
231	FFVNX	Sep 06, 2017	10.45	Jun 07, 2017	10.33	1.1616592	10.45	0.0
232	FEDFX	Sep 06, 2017	10.42	Jun 07, 2017	10.3	1.1650467	10.42	0.0
233	FFKFX	Sep 13, 2017	17.17	Jun 14, 2017	16.97	1.1785507	17.14	0.17503357
234	FIKFX	Dec 08, 2017	11.99	Sep 11, 2017	11.85	1.181427	11.99	0.0
235	FSTCX	Dec 08, 2017	66.93	Sep 11, 2017	66.14	1.1944427	68.04	-1.6313934
236	VPU	Dec 08, 2017	123.19	Sep 11, 2017	121.72	1.2076874	124.34	-0.924881
237	FIROX	Dec 08, 2017	59.41	Sep 11, 2017	58.7	1.2095337	59.43	-0.03365326
238	FIRPX	Dec 08, 2017	58.67	Sep 11, 2017	57.96	1.2249832	58.69	-0.034072876
239	FKTHX	Sep 13, 2017	17.15	Jun 14, 2017	16.94	1.2396698	17.12	0.1752243
240	FKMCX	Dec 08, 2017	37.91	Sep 11, 2017	37.43	1.2823944	39.75	-4.628929
241	PRHSX	Dec 08, 2017	75.65	Sep 11, 2017	74.69	1.2853165	75.52	0.17214966
242	FMCSX	Dec 08, 2017	37.9	Sep 11, 2017	37.41	1.3098145	39.72	-4.5820694
243	FFGCX	Dec 08, 2017	12.36	Sep 11, 2017	12.2	1.31147	12.68	-2.5236664
244	VBLTX	Dec 08, 2017	14.35	Sep 11, 2017	14.15	1.4134293	14.33	0.13957214
245	FTANX	Dec 08, 2017	11.24	Sep 11, 2017	11.08	1.4440384	11.24	0.0
246	FFIVX	Dec 08, 2017	12.45	Sep 11, 2017	12.27	1.4669876	12.46	-0.08026123	*BT*
247	SPHIX	Dec 08, 2017	8.98	Sep 11, 2017	8.85	1.4689178	8.98	0.0
248	FEMSX	Dec 08, 2017	21.17	Sep 11, 2017	20.85	1.5347748	21.21	-0.18858337
249	FFKHX	Sep 13, 2017	17.93	Jun 14, 2017	17.65	1.5864029	17.9	0.16759491
250	FFFVX	Dec 08, 2017	12.8	Sep 11, 2017	12.6	1.5872955	12.8	0.0
251	EEMV	Dec 08, 2017	59.47	Sep 11, 2017	58.54	1.5886536	59.17	0.50701904
252	FFKGX	Sep 13, 2017	17.78	Jun 14, 2017	17.5	1.6000061	17.76	0.11261749
253	FIRQX	Dec 08, 2017	57.29	Sep 11, 2017	56.38	1.6140442	57.3	-0.017448425
254	FEQIX	Dec 08, 2017	60.04	Sep 11, 2017	59.06	1.6593323	62.56	-4.028137
255	FEIKX	Dec 08, 2017	60.0	Sep 11, 2017	59.02	1.6604538	62.52	-4.0307083
256	FIRRX	Dec 08, 2017	53.72	Sep 11, 2017	52.83	1.684639	53.73	-0.018608093
257	FFSTX	Sep 06, 2017	17.44	Jun 07, 2017	17.15	1.6909714	17.44	0.0
258	FBAKX	Dec 08, 2017	23.57	Sep 11, 2017	23.17	1.7263641	23.99	-1.7507324
259	FCSFX	Sep 06, 2017	5.23	Jun 07, 2017	5.14	1.7509689	5.23	0.0
260	FBALX	Dec 08, 2017	23.58	Sep 11, 2017	23.17	1.7695312	23.99	-1.7090454
261	FSHNX	Dec 08, 2017	9.72	Sep 11, 2017	9.55	1.7801056	9.72	0.0
262	FJIFX	Dec 08, 2017	13.57	Sep 11, 2017	13.33	1.8004532	13.56	0.07374573
263	ERUS	Dec 08, 2017	33.75	Sep 11, 2017	33.15	1.8099518	33.43	0.9572296
264	FZAAX	Dec 08, 2017	21.1	Sep 11, 2017	20.72	1.8339844	21.44	-1.585823	*BT*
265	JPC	Dec 08, 2017	10.51	Sep 11, 2017	10.31	1.9398575	10.46	0.4780197
266	FCIFX	Dec 08, 2017	13.02	Sep 11, 2017	12.77	1.9577179	13.01	0.07686615	*BT*
267	JMIEX	Dec 08, 2017	29.01	Sep 11, 2017	28.45	1.9683609	28.87	0.48493195	*BT*
268	FFANX	Dec 08, 2017	11.84	Sep 11, 2017	11.61	1.9810562	11.84	0.0
269	FIRSX	Dec 08, 2017	54.47	Sep 11, 2017	53.38	2.0419617	54.47	0.0
270	FFFCX	Dec 08, 2017	16.45	Sep 11, 2017	16.12	2.047142	16.45	0.0
271	FIGFX	Dec 08, 2017	13.45	Sep 11, 2017	13.18	2.0485535	13.51	-0.4441223
272	FCPEX	Dec 08, 2017	13.87	Sep 11, 2017	13.59	2.060341	14.78	-6.156967
273	FGDKX	Dec 08, 2017	32.44	Sep 11, 2017	31.77	2.1089096	33.26	-2.4654236
274	FCVSX	Dec 08, 2017	28.45	Sep 11, 2017	27.86	2.1177292	28.55	-0.35025787
275	FIRUX	Dec 08, 2017	59.19	Sep 11, 2017	57.95	2.1397705	59.19	0.0
276	FDSVX	Dec 08, 2017	32.43	Sep 11, 2017	31.75	2.141739	33.23	-2.407463
277	FIREX	Dec 08, 2017	11.37	Sep 11, 2017	11.13	2.1563263	11.33	0.35305023
278	FKIFX	Dec 08, 2017	14.47	Sep 11, 2017	14.16	2.18927	14.46	0.06915283
279	VWESX	Dec 08, 2017	10.73	Sep 11, 2017	10.5	2.1904678	10.71	0.18674469
280	FXI	Dec 08, 2017	45.54	Sep 11, 2017	44.53	2.268135	45.81	-0.5893936
281	FSGEX	Dec 08, 2017	13.24	Sep 11, 2017	12.94	2.3183975	13.25	-0.07546997
282	VGTSX	Dec 08, 2017	17.94	Sep 11, 2017	17.53	2.338852	17.98	-0.22246552
283	ASHR	Dec 08, 2017	30.49	Sep 11, 2017	29.78	2.3841476	30.24	0.82671356
284	VTIAX	Dec 08, 2017	30.01	Sep 11, 2017	29.31	2.38826	30.08	-0.23271179	*P*
285	FFVIX	Dec 08, 2017	13.27	Sep 11, 2017	12.96	2.391983	13.27	0.0	*BT*
286	FIRVX	Dec 08, 2017	52.82	Sep 11, 2017	51.58	2.4040375	52.82	0.0
287	FIUIX	Dec 08, 2017	26.37	Sep 11, 2017	25.75	2.4077682	26.49	-0.4529953
288	VXUS	Dec 08, 2017	55.98	Sep 11, 2017	54.66	2.4149323	56.1	-0.21390533
289	JHMD	Dec 08, 2017	30.1	Sep 11, 2017	29.39	2.4157867	30.15	-0.16583252
290	FINVX	Dec 08, 2017	10.86	Sep 11, 2017	10.6	2.4528275	10.86	0.0
291	VEU	Dec 08, 2017	53.88	Sep 11, 2017	52.59	2.4529343	53.93	-0.0927124
292	EPU	Dec 08, 2017	39.53	Sep 11, 2017	38.58	2.46241	41.02	-3.6323776
293	FASMX	Dec 08, 2017	18.7	Sep 11, 2017	18.25	2.4657593	18.7	0.0
294	FFVFX	Dec 08, 2017	13.68	Sep 11, 2017	13.35	2.4719086	13.68	0.0
295	FDEKX	Dec 08, 2017	38.46	Sep 11, 2017	37.5	2.5599976	39.77	-3.2939453
296	RERGX	Dec 08, 2017	56.92	Sep 11, 2017	55.49	2.577034	56.9	0.03514099
297	PRMTX	Dec 08, 2017	97.35	Sep 11, 2017	94.87	2.6141052	97.6	-0.25614166
298	FIXRX	Dec 08, 2017	54.5	Sep 11, 2017	53.11	2.6172028	54.49	0.018348694
299	FIRWX	Dec 08, 2017	59.48	Sep 11, 2017	57.96	2.6224976	59.46	0.033638
300	FDEQX	Dec 08, 2017	38.52	Sep 11, 2017	37.53	2.6379013	39.8	-3.2160797
301	EFA	Dec 08, 2017	69.84	Sep 11, 2017	68.04	2.6454926	69.83	0.014320374
302	FSIIX	Dec 08, 2017	43.39	Sep 11, 2017	42.27	2.6496277	43.38	0.023040771
303	JIGFX	Dec 08, 2017	32.72	Sep 11, 2017	31.87	2.6670837	32.73	-0.030548096
304	FSIVX	Dec 08, 2017	43.41	Sep 11, 2017	42.28	2.6726608	43.41	0.0	*P*
305	FDIFX	Dec 08, 2017	14.34	Sep 11, 2017	13.96	2.7220612	14.34	0.0	*BT*
306	FLIFX	Dec 08, 2017	15.15	Sep 11, 2017	14.74	2.7815475	15.14	0.06604004
307	OAKIX	Dec 08, 2017	28.89	Sep 11, 2017	28.1	2.811386	28.72	0.59191895
308	JPI	Dec 08, 2017	25.43	Sep 11, 2017	24.73	2.830574	25.02	1.6386871
309	FILFX	Dec 08, 2017	11.56	Sep 11, 2017	11.24	2.8469772	11.62	-0.5163498
310	FFFDX	Dec 08, 2017	16.88	Sep 11, 2017	16.41	2.8640976	16.87	0.059272766
311	VWINX	Dec 08, 2017	27.3	Sep 11, 2017	26.53	2.9023666	27.26	0.14673615
312	FSCOX	Dec 08, 2017	18.82	Sep 11, 2017	18.28	2.9540405	19.19	-1.928093
313	FSANX	Dec 08, 2017	12.79	Sep 11, 2017	12.42	2.979065	12.79	0.0
314	FUSIX	Dec 08, 2017	10.71	Sep 11, 2017	10.4	2.9807663	10.71	0.0
315	JPIN	Dec 08, 2017	59.83	Sep 11, 2017	58.09	2.9953613	59.91	-0.13352966
316	VTMGX	Dec 08, 2017	14.24	Sep 11, 2017	13.82	3.0390778	14.27	-0.2102356
317	FIGSX	Dec 08, 2017	16.36	Sep 11, 2017	15.87	3.087593	16.32	0.24510956
318	FITWX	Dec 08, 2017	14.31	Sep 11, 2017	13.88	3.0979843	14.3	0.06993103	*BT*
319	FDYSX	Dec 08, 2017	9.95	Sep 11, 2017	9.65	3.1088104	9.95	0.0
320	GAOSX	Dec 08, 2017	18.9	Sep 11, 2017	18.33	3.1096573	18.92	-0.10570526
321	FEMKX	Dec 08, 2017	31.64	Sep 11, 2017	30.68	3.129074	31.55	0.2852707	*P*
322	GWX	Dec 08, 2017	35.9	Sep 11, 2017	34.81	3.131279	36.34	-1.2107849
323	SCHF	Dec 08, 2017	34.24	Sep 11, 2017	33.2	3.1325378	34.28	-0.11667633
324	OWSMX	Dec 08, 2017	17.65	Sep 11, 2017	17.11	3.156044	17.72	-0.39502716
325	ACWV	Dec 08, 2017	84.49	Sep 11, 2017	81.9	3.162384	84.42	0.08292389
326	FFTWX	Dec 08, 2017	14.62	Sep 11, 2017	14.17	3.1757202	14.61	0.06845093
327	FGRTX	Dec 08, 2017	17.19	Sep 11, 2017	16.66	3.181282	17.68	-2.771492
328	FMEIX	Dec 08, 2017	15.51	Sep 11, 2017	15.03	3.1936188	16.36	-5.1956024
329	FPURX	Dec 08, 2017	23.25	Sep 11, 2017	22.49	3.3792877	23.45	-0.8528824
330	XT	Dec 08, 2017	35.1	Sep 11, 2017	33.95	3.387329	35.21	-0.31240845
331	FSDIX	Dec 08, 2017	16.0	Sep 11, 2017	15.47	3.4259796	16.02	-0.12484741
332	FQIFX	Dec 08, 2017	16.9	Sep 11, 2017	16.34	3.4271698	16.89	0.05921173
333	FPUKX	Dec 08, 2017	23.23	Sep 11, 2017	22.46	3.4283142	23.44	-0.8959122
334	FWRLX	Dec 08, 2017	9.96	Sep 11, 2017	9.62	3.5343018	9.97	-0.10030365	*P*
335	FASGX	Dec 08, 2017	22.99	Sep 11, 2017	22.2	3.5585556	22.99	0.0
336	FJSCX	Dec 08, 2017	18.6	Sep 11, 2017	17.96	3.5634842	19.5	-4.615387
337	FIEUX	Dec 08, 2017	42.58	Sep 11, 2017	41.1	3.6009827	42.54	0.09403229
338	FSOPX	Dec 08, 2017	13.89	Sep 11, 2017	13.4	3.656723	14.52	-4.3388443
339	JPS	Dec 08, 2017	10.46	Sep 11, 2017	10.09	3.6669998	10.29	1.6520844	*P*
340	FEFIX	Dec 08, 2017	15.52	Sep 11, 2017	14.96	3.7433167	15.51	0.06448364	*P*
341	FLVEX	Dec 08, 2017	13.05	Sep 11, 2017	12.57	3.8186188	13.54	-3.6189117	*P*
342	FSNGX	Dec 08, 2017	23.48	Sep 11, 2017	22.61	3.847847	24.02	-2.2481308
343	FFFEX	Dec 08, 2017	18.35	Sep 11, 2017	17.67	3.8483353	18.34	0.054527283
344	ANWPX	Dec 08, 2017	45.17	Sep 11, 2017	43.47	3.910736	45.16	0.022140503
345	VTRIX	Dec 08, 2017	39.74	Sep 11, 2017	38.22	3.9769745	39.67	0.1764679
346	FXIFX	Dec 08, 2017	17.79	Sep 11, 2017	17.08	4.1569138	17.78	0.056243896
347	FBGRX	Dec 08, 2017	87.13	Sep 11, 2017	83.64	4.1726456	88.61	-1.6702423
348	FSESX	Dec 08, 2017	41.71	Sep 11, 2017	40.03	4.1968613	42.97	-2.9322815
349	FITHX	Dec 08, 2017	15.14	Sep 11, 2017	14.52	4.269966	15.13	0.066085815	*BT*
350	FAMRX	Dec 08, 2017	19.88	Sep 11, 2017	19.06	4.3022003	19.88	0.0
351	FSLVX	Dec 08, 2017	20.52	Sep 11, 2017	19.67	4.3213043	20.67	-0.7256851
352	FHFIX	Dec 08, 2017	13.61	Sep 11, 2017	13.04	4.37117	13.6	0.073532104	*BT*
353	FIFFX	Dec 08, 2017	16.21	Sep 11, 2017	15.53	4.3786163	16.19	0.12352753	*BT*
354	FFFIX	Dec 08, 2017	12.55	Sep 11, 2017	12.02	4.409317	12.54	0.07975006	*BT*
355	FDKQX	Dec 08, 2017	12.03	Sep 11, 2017	11.52	4.4270782	12.02	0.08318329	*BT*
356	FFFPX	Dec 08, 2017	12.49	Sep 11, 2017	11.96	4.4314423	12.48	0.08013153	*BT*
357	FFTHX	Dec 08, 2017	15.43	Sep 11, 2017	14.77	4.4685135	15.42	0.06484985
358	JHMS	Dec 08, 2017	27.47	Sep 11, 2017	26.28	4.5281525	27.14	1.2159195
359	FFFFX	Dec 08, 2017	10.84	Sep 11, 2017	10.37	4.532303	10.83	0.09233856
360	FFFHX	Dec 08, 2017	12.32	Sep 11, 2017	11.78	4.584038	12.31	0.08123016
361	FFFGX	Dec 08, 2017	12.26	Sep 11, 2017	11.72	4.6075134	12.24	0.16339874
362	FSTSX	Dec 08, 2017	18.57	Sep 11, 2017	17.75	4.6197205	18.55	0.10782623
363	MLAIX	Dec 08, 2017	9.67	Sep 11, 2017	9.24	4.653679	9.68	-0.10330963	*BT**P*
364	TWEBX	Dec 08, 2017	23.95	Sep 11, 2017	22.88	4.6765823	23.86	0.3772049
365	FHKCX	Dec 08, 2017	34.41	Sep 11, 2017	32.87	4.6851273	34.8	-1.1206894	*P*
366	FSHCX	Dec 08, 2017	97.23	Sep 11, 2017	92.81	4.7624207	97.33	-0.10273743
367	VT	Dec 08, 2017	73.49	Sep 11, 2017	70.12	4.8060455	73.42	0.09534454
368	FSEAX	Dec 08, 2017	43.49	Sep 11, 2017	41.48	4.8457184	43.74	-0.5715637	*P*
369	FFNOX	Dec 08, 2017	44.85	Sep 11, 2017	42.76	4.8877487	44.78	0.15631866
370	FIHFX	Dec 08, 2017	18.84	Sep 11, 2017	17.96	4.899788	18.82	0.106277466
371	FLCEX	Dec 08, 2017	14.51	Sep 11, 2017	13.83	4.916847	14.96	-3.0080185
372	FBIFX	Dec 08, 2017	18.98	Sep 11, 2017	18.09	4.919838	18.96	0.10549164
373	FIOFX	Dec 08, 2017	19.12	Sep 11, 2017	18.22	4.939636	19.1	0.10471344
374	FIPFX	Dec 08, 2017	19.21	Sep 11, 2017	18.3	4.9726715	19.19	0.1042099
375	VWELX	Dec 08, 2017	43.57	Sep 11, 2017	41.49	5.0132523	43.49	0.18393707
376	FBCVX	Dec 08, 2017	19.31	Sep 11, 2017	18.38	5.0598526	19.37	-0.30976868
377	FVDKX	Dec 08, 2017	28.63	Sep 11, 2017	27.23	5.141388	28.66	-0.10467529
378	FVDFX	Dec 08, 2017	28.62	Sep 11, 2017	27.22	5.1432877	28.64	-0.06982422
379	SPLV	Dec 08, 2017	48.07	Sep 11, 2017	45.7	5.185997	48.1	-0.0623703	*P*
380	FFDKX	Dec 08, 2017	45.06	Sep 11, 2017	42.8	5.2803726	46.03	-2.107315
381	FLPSX	Dec 08, 2017	53.54	Sep 11, 2017	50.85	5.290077	54.23	-1.2723541
382	FLPKX	Dec 08, 2017	53.49	Sep 11, 2017	50.8	5.295273	54.19	-1.291748
383	FFIDX	Dec 08, 2017	45.09	Sep 11, 2017	42.82	5.301262	46.03	-2.0421448
384	DBC	Dec 08, 2017	15.96	Sep 11, 2017	15.15	5.3465347	16.3	-2.085884
385	OAKBX	Dec 08, 2017	34.64	Sep 11, 2017	32.85	5.449005	34.52	0.34762573
386	PRGFX	Dec 08, 2017	71.07	Sep 11, 2017	67.39	5.4607544	70.89	0.25391388
387	VUG	Dec 08, 2017	139.87	Sep 11, 2017	132.53	5.538368	139.5	0.26522827
388	PRGTX	Dec 08, 2017	19.42	Sep 11, 2017	18.4	5.54348	19.45	-0.15424347
389	CGMFX	Dec 08, 2017	52.54	Sep 11, 2017	49.78	5.544403	52.37	0.32461548
390	FOCPX	Dec 08, 2017	109.58	Sep 11, 2017	103.82	5.548073	109.45	0.11878204
391	FSLSX	Dec 08, 2017	44.9	Sep 11, 2017	42.52	5.5973663	44.73	0.38006592
392	FVSKX	Dec 08, 2017	44.9	Sep 11, 2017	42.51	5.622223	44.73	0.38006592
393	FSPTX	Dec 08, 2017	177.82	Sep 11, 2017	168.34	5.6314697	178.89	-0.5981293
394	FLGEX	Dec 08, 2017	18.75	Sep 11, 2017	17.75	5.6338043	19.31	-2.900055
395	MOO	Dec 08, 2017	60.9	Sep 11, 2017	57.65	5.6374664	61.19	-0.47393036
396	PYZ	Dec 08, 2017	67.53	Sep 11, 2017	63.89	5.6972885	67.76	-0.3394394
397	VICEX	Dec 08, 2017	32.33	Sep 11, 2017	30.58	5.722702	32.0	1.0312576
398	RPMGX	Dec 08, 2017	94.04	Sep 11, 2017	88.94	5.734207	93.88	0.17043304
399	FLSAX	Dec 08, 2017	42.19	Sep 11, 2017	39.9	5.7393417	42.12	0.1661911
400	FLVCX	Dec 08, 2017	32.52	Sep 11, 2017	30.74	5.7905045	32.56	-0.12284851
401	FLCKX	Dec 08, 2017	32.58	Sep 11, 2017	30.79	5.8135757	32.62	-0.122612
402	FSAEX	Dec 08, 2017	13.98	Sep 11, 2017	13.21	5.8289185	13.95	0.21505737
403	FTRNX	Dec 08, 2017	106.46	Sep 11, 2017	100.51	5.9198	106.06	0.37714386
404	FSDPX	Dec 08, 2017	92.27	Sep 11, 2017	87.01	6.045273	92.11	0.17369843
405	PRNHX	Dec 08, 2017	56.56	Sep 11, 2017	53.31	6.0964203	56.39	0.30148315
406	FDSSX	Dec 08, 2017	45.07	Sep 11, 2017	42.46	6.146965	45.07	0.0
407	FSSKX	Dec 08, 2017	45.12	Sep 11, 2017	42.49	6.189682	45.12	0.0
408	AGTHX	Dec 08, 2017	52.27	Sep 11, 2017	49.21	6.218254	52.23	0.07659149
409	QQQ	Dec 08, 2017	154.7	Sep 11, 2017	145.55	6.2864914	154.49	0.1359253
410	PCBIX	Dec 08, 2017	28.16	Sep 11, 2017	26.49	6.3042603	28.13	0.10664368	*BT**P*
411	YAFFX	Dec 08, 2017	23.37	Sep 11, 2017	21.98	6.3239365	23.18	0.81967163
412	VO	Dec 08, 2017	154.07	Sep 11, 2017	144.84	6.3725586	153.46	0.3975067
413	EIERX	Dec 08, 2017	18.35	Sep 11, 2017	17.25	6.376816	18.26	0.49288177	*BT*
414	VIMSX	Dec 08, 2017	42.06	Sep 11, 2017	39.53	6.4002075	41.89	0.40582275
415	YACKX	Dec 08, 2017	25.08	Sep 11, 2017	23.57	6.4064484	24.9	0.7229004
416	FEQTX	Dec 08, 2017	29.81	Sep 11, 2017	28.01	6.426277	29.61	0.6754379
417	VOOG	Dec 08, 2017	136.45	Sep 11, 2017	128.13	6.4934006	136.18	0.1982727
418	FNCMX	Dec 08, 2017	90.47	Sep 11, 2017	84.92	6.535568	90.57	-0.1104126	*P*
419	FSGFX	Dec 08, 2017	19.18	Sep 11, 2017	18.0	6.5555573	19.12	0.31380463
420	FCSAX	Dec 08, 2017	18.43	Sep 11, 2017	17.29	6.5934067	18.46	-0.1625061
421	ONEQ	Dec 08, 2017	269.36	Sep 11, 2017	252.66	6.609665	269.6	-0.089027405
422	CHTTX	Dec 08, 2017	44.64	Sep 11, 2017	41.86	6.641182	44.76	-0.26809692
423	FSCRX	Dec 08, 2017	29.37	Sep 11, 2017	27.54	6.644882	29.82	-1.5090561
424	FCPGX	Dec 08, 2017	24.27	Sep 11, 2017	22.75	6.68132	24.33	-0.24660492	*P*
425	FPBFX	Dec 08, 2017	35.92	Sep 11, 2017	33.66	6.714203	35.98	-0.1667633	*P*
426	FGIKX	Dec 08, 2017	37.23	Sep 11, 2017	34.88	6.7373734	37.15	0.21533966
427	FSDCX	Dec 08, 2017	35.74	Sep 11, 2017	33.48	6.750313	35.97	-0.63941956
428	FGRIX	Dec 08, 2017	37.27	Sep 11, 2017	34.91	6.7602386	37.18	0.24206543
429	FDFFX	Dec 08, 2017	41.91	Sep 11, 2017	39.25	6.777069	41.71	0.47950745
430	VWNFX	Dec 08, 2017	40.0	Sep 11, 2017	37.44	6.8376083	39.79	0.52776337
431	FGCKX	Dec 08, 2017	185.62	Sep 11, 2017	173.7	6.862404	184.71	0.4926529
432	PARWX	Dec 08, 2017	37.97	Sep 11, 2017	35.51	6.927635	38.12	-0.39348602
433	MFVSX	Dec 08, 2017	23.76	Sep 11, 2017	22.22	6.9306946	23.63	0.550148
434	GTSGX	Dec 08, 2017	10.14	Sep 11, 2017	9.48	6.962036	10.09	0.49554443
435	THD	Dec 08, 2017	90.61	Sep 11, 2017	84.7	6.9775696	89.69	1.0257492
436	FXZ	Dec 08, 2017	42.23	Sep 11, 2017	39.46	7.0197678	42.01	0.52368927
437	VAW	Dec 08, 2017	134.03	Sep 11, 2017	125.21	7.044159	133.45	0.43462372
438	VFINX	Dec 08, 2017	245.7	Sep 11, 2017	229.48	7.068161	244.75	0.38814545
439	SPY	Dec 08, 2017	265.51	Sep 11, 2017	247.98	7.0691223	264.46	0.39704132	*P*
440	FUSEX	Dec 08, 2017	93.05	Sep 11, 2017	86.9	7.077095	92.69	0.38839722
441	IVV	Dec 08, 2017	267.3	Sep 11, 2017	249.62	7.0827637	266.26	0.39058685
442	RSP	Dec 08, 2017	100.51	Sep 11, 2017	93.86	7.085022	100.05	0.45976257
443	FUSVX	Dec 08, 2017	93.07	Sep 11, 2017	86.91	7.0877914	92.71	0.3883133	*P*
444	VFIAX	Dec 08, 2017	245.75	Sep 11, 2017	229.47	7.094612	244.8	0.38807678	*P*
445	VOO	Dec 08, 2017	243.89	Sep 11, 2017	227.7	7.110237	242.9	0.4075775	*P*
446	JATTX	Dec 08, 2017	29.61	Sep 11, 2017	27.64	7.1273575	29.63	-0.06749725
447	FMIMX	Dec 08, 2017	29.59	Sep 11, 2017	27.62	7.1325073	29.59	0.0
448	FSTMX	Dec 08, 2017	77.06	Sep 11, 2017	71.92	7.14682	76.87	0.2471695
449	VTSMX	Dec 08, 2017	66.38	Sep 11, 2017	61.95	7.1509247	66.21	0.256752
450	FOHIX	Dec 08, 2017	17.53	Sep 11, 2017	16.36	7.1515884	17.46	0.40092468
451	FLCSX	Dec 08, 2017	32.93	Sep 11, 2017	30.73	7.1591263	32.73	0.6110687
452	FFSMX	Dec 08, 2017	77.1	Sep 11, 2017	71.94	7.1726303	76.91	0.2470398
453	FSTVX	Dec 08, 2017	77.09	Sep 11, 2017	71.93	7.1736298	76.9	0.24707031
454	FSCHX	Dec 08, 2017	182.38	Sep 11, 2017	170.15	7.1877823	184.23	-1.0041809
455	VTSAX	Dec 08, 2017	66.42	Sep 11, 2017	61.96	7.198189	66.24	0.27173615
456	VTI	Dec 08, 2017	136.48	Sep 11, 2017	127.3	7.2113037	136.07	0.30130005
457	XLB	Dec 08, 2017	59.43	Sep 11, 2017	55.43	7.2163086	59.07	0.60944366	*P*
458	SSSFX	Dec 08, 2017	26.29	Sep 11, 2017	24.52	7.2185974	26.46	-0.6424713
459	VHDYX	Dec 08, 2017	33.8	Sep 11, 2017	31.51	7.2675323	33.67	0.3861084
460	VEIPX	Dec 08, 2017	37.52	Sep 11, 2017	34.97	7.2919617	37.37	0.4013977
461	FMILX	Dec 08, 2017	42.63	Sep 11, 2017	39.73	7.2992706	42.64	-0.02344513
462	FSCDX	Dec 08, 2017	29.04	Sep 11, 2017	27.04	7.396446	29.23	-0.65000916
463	FSPCX	Dec 08, 2017	89.79	Sep 11, 2017	83.6	7.4043045	90.01	-0.24442291
464	PEQKX	Dec 08, 2017	35.71	Sep 11, 2017	33.24	7.4308014	35.53	0.5066147	*BT*
465	FMAGX	Dec 08, 2017	103.56	Sep 11, 2017	96.38	7.4496765	103.09	0.45591736
466	VEXMX	Dec 08, 2017	84.22	Sep 11, 2017	78.38	7.4508896	84.57	-0.4138565
467	SEQUX	Dec 08, 2017	169.07	Sep 11, 2017	157.33	7.462021	167.73	0.7989044
468	FMGKX	Dec 08, 2017	103.39	Sep 11, 2017	96.21	7.462845	102.92	0.45666504
469	VEXAX	Dec 08, 2017	84.2	Sep 11, 2017	78.33	7.493927	84.54	-0.40218353	*P*
470	FSEVX	Dec 08, 2017	64.1	Sep 11, 2017	59.62	7.5142593	64.36	-0.40398407
471	FSEMX	Dec 08, 2017	64.09	Sep 11, 2017	59.61	7.5155106	64.35	-0.4040451
472	JHML	Dec 08, 2017	34.74	Sep 11, 2017	32.3	7.554184	34.56	0.5208359
473	VWNDX	Dec 08, 2017	24.04	Sep 11, 2017	22.34	7.60968	24.01	0.12495422
474	PRF	Dec 08, 2017	112.66	Sep 11, 2017	104.67	7.633522	112.19	0.41893768
475	VHCOX	Dec 08, 2017	69.07	Sep 11, 2017	64.17	7.635971	68.75	0.4654541
476	FJPNX	Dec 08, 2017	15.36	Sep 11, 2017	14.27	7.638397	15.57	-1.3487473
477	JHMM	Dec 08, 2017	34.04	Sep 11, 2017	31.62	7.6533813	34.06	-0.05872345
478	FDEGX	Dec 08, 2017	40.99	Sep 11, 2017	38.06	7.698372	40.75	0.58896637	*P*
479	FAGKX	Dec 08, 2017	41.32	Sep 11, 2017	38.35	7.7444687	41.08	0.5842209
480	PYVLX	Dec 08, 2017	17.38	Sep 11, 2017	16.13	7.7495346	17.25	0.75361633
481	FDCPX	Dec 08, 2017	97.07	Sep 11, 2017	90.01	7.843567	97.06	0.010299683
482	CGMRX	Dec 08, 2017	37.45	Sep 11, 2017	34.72	7.8629	37.33	0.3214569
483	NAESX	Dec 08, 2017	70.35	Sep 11, 2017	65.21	7.882225	70.66	-0.43872833
484	IWM	Dec 08, 2017	151.41	Sep 11, 2017	140.34	7.887993	153.02	-1.0521545
485	VB	Dec 08, 2017	146.83	Sep 11, 2017	136.08	7.899765	147.63	-0.541893
486	EWJ	Dec 08, 2017	59.6	Sep 11, 2017	55.22	7.9319	59.64	-0.06707001
487	IBM	Dec 08, 2017	154.81	Sep 11, 2017	143.43	7.934189	154.76	0.032302856
488	ANFVX	Dec 08, 2017	28.41	Sep 11, 2017	26.32	7.940735	28.64	-0.80307007	*BT*
489	XLE	Dec 08, 2017	69.28	Sep 11, 2017	64.17	7.9632263	69.68	-0.5740509
490	ROBO	Dec 08, 2017	40.79	Sep 11, 2017	37.77	7.995758	41.57	-1.8763504
491	FBSOX	Dec 08, 2017	55.27	Sep 11, 2017	51.17	8.012512	54.92	0.63729095
492	RTM	Dec 08, 2017	109.49	Sep 11, 2017	101.29	8.095566	108.58	0.838089
493	PRFDX	Dec 08, 2017	35.95	Sep 11, 2017	33.25	8.1203	35.86	0.25096893
494	VEVRX	Dec 08, 2017	41.58	Sep 11, 2017	38.43	8.196724	41.31	0.6536026	*BT**P*
495	FSLCX	Dec 08, 2017	19.27	Sep 11, 2017	17.81	8.197655	19.31	-0.20714569
496	FSCSX	Dec 08, 2017	172.12	Sep 11, 2017	159.07	8.203926	171.03	0.63731384	*P*
497	DGRO	Dec 08, 2017	34.64	Sep 11, 2017	32.01	8.216187	34.5	0.40579987	*P*
498	VIG	Dec 08, 2017	101.18	Sep 11, 2017	93.47	8.248642	100.58	0.5965347
499	DODGX	Dec 08, 2017	208.23	Sep 11, 2017	192.33	8.267036	207.73	0.24069214
500	PENNX	Dec 08, 2017	12.62	Sep 11, 2017	11.65	8.326187	12.85	-1.7898865
501	FVSAX	Dec 08, 2017	20.68	Sep 11, 2017	19.09	8.328972	20.73	-0.24118805
502	NOSGX	Dec 08, 2017	25.74	Sep 11, 2017	23.76	8.333328	26.1	-1.3793106
503	FEXPX	Dec 08, 2017	21.96	Sep 11, 2017	20.27	8.3374405	21.79	0.7801666
504	FENY	Dec 08, 2017	19.17	Sep 11, 2017	17.69	8.36631	19.37	-1.0325317
505	FTEC	Dec 08, 2017	49.81	Sep 11, 2017	45.95	8.400436	49.83	-0.040138245
506	VGT	Dec 08, 2017	164.1	Sep 11, 2017	151.37	8.409866	164.1	0.0
507	FEXKX	Dec 08, 2017	21.91	Sep 11, 2017	20.21	8.411682	21.73	0.82834625
508	JHMT	Dec 08, 2017	40.97	Sep 11, 2017	37.79	8.414925	41.06	-0.2191925
509	VDE	Dec 08, 2017	94.66	Sep 11, 2017	87.28	8.455551	95.49	-0.86919403
510	VTV	Dec 08, 2017	105.73	Sep 11, 2017	97.48	8.463272	105.16	0.54203033
511	FSCGX	Dec 08, 2017	44.28	Sep 11, 2017	40.8	8.529411	43.93	0.7967224
512	FSLEX	Dec 08, 2017	26.18	Sep 11, 2017	24.11	8.585648	26.13	0.19135284
513	FEMFX	Sep 06, 2017	20.73	Jun 07, 2017	19.09	8.590874	20.73	0.0
514	HLIEX	Dec 08, 2017	17.39	Sep 11, 2017	16.0	8.6875	17.31	0.46216583
515	EEH	Dec 08, 2017	19.71	Sep 11, 2017	18.13	8.714844	19.71	0.0
516	JHMA	Dec 08, 2017	34.37	Sep 11, 2017	31.61	8.731415	34.03	0.999115
517	FSCFX	Dec 08, 2017	15.75	Sep 11, 2017	14.48	8.770714	15.73	0.12715149
518	VIS	Dec 08, 2017	140.37	Sep 11, 2017	128.85	8.940628	138.85	1.094696
519	RYTRX	Dec 08, 2017	15.22	Sep 11, 2017	13.97	8.947739	15.34	-0.78227234	*BT*
520	FIDU	Dec 08, 2017	38.15	Sep 11, 2017	35.01	8.96888	37.75	1.0596008
521	JHMC	Dec 08, 2017	30.13	Sep 11, 2017	27.64	9.008682	29.66	1.5846252
522	GSSUX	Dec 08, 2017	66.39	Sep 11, 2017	60.9	9.0147705	67.1	-1.0581207
523	ANDVX	Dec 08, 2017	19.05	Sep 11, 2017	17.46	9.106529	18.99	0.3159485	*BT*
524	UGA	Dec 08, 2017	30.95	Sep 11, 2017	28.35	9.171082	31.3	-1.1182098
525	POGSX	Dec 08, 2017	66.31	Sep 11, 2017	60.68	9.278175	65.16	1.764885
526	JDSNX	Dec 08, 2017	24.84	Sep 11, 2017	22.69	9.47554	25.01	-0.6797333	*BT*
527	FDLSX	Dec 08, 2017	175.75	Sep 11, 2017	160.34	9.610832	173.94	1.0405884
528	JHMI	Dec 08, 2017	34.83	Sep 11, 2017	31.77	9.631729	34.45	1.1030579
529	BRSVX	Dec 08, 2017	26.61	Sep 11, 2017	24.26	9.686729	26.81	-0.74598694
530	RWJ	Dec 08, 2017	69.45	Sep 11, 2017	63.3	9.715637	69.52	-0.10069275
531	LEXCX	Dec 08, 2017	37.43	Sep 11, 2017	34.11	9.733215	37.05	1.0256424
532	FSAIX	Dec 08, 2017	89.36	Sep 11, 2017	81.43	9.738419	87.77	1.811554	*P*
533	JASCX	Dec 08, 2017	29.84	Sep 11, 2017	27.19	9.746231	29.91	-0.23403168
534	CXXRX	Dec 08, 2017	25.11	Sep 11, 2017	22.88	9.746513	25.36	-0.9858093	*BT*
535	IJR	Dec 08, 2017	76.25	Sep 11, 2017	69.47	9.759605	77.02	-0.9997406
536	FSDAX	Dec 08, 2017	169.12	Sep 11, 2017	153.97	9.839569	167.2	1.1483154
537	FNARX	Dec 08, 2017	28.34	Sep 11, 2017	25.76	10.015526	28.74	-1.3917847
538	FSCPX	Dec 08, 2017	42.43	Sep 11, 2017	38.56	10.036301	42.1	0.7838516
539	ICENX	Dec 08, 2017	12.46	Sep 11, 2017	11.32	10.070671	12.78	-2.5039062
540	FSAVX	Dec 08, 2017	40.67	Sep 11, 2017	36.93	10.127258	40.41	0.6433945	*P*
541	SCHD	Dec 08, 2017	50.62	Sep 11, 2017	45.96	10.139252	50.45	0.33696747
542	XTN	Dec 08, 2017	63.91	Sep 11, 2017	58.02	10.151672	62.98	1.476654	*P*
543	PSCM	Dec 08, 2017	51.12	Sep 11, 2017	46.29	10.434212	51.94	-1.578743
544	FCYIX	Dec 08, 2017	37.33	Sep 11, 2017	33.77	10.541901	36.97	0.9737625
545	IJS	Dec 08, 2017	152.64	Sep 11, 2017	137.98	10.624733	154.04	-0.9088516
546	SLYV	Dec 08, 2017	130.16	Sep 11, 2017	117.6	10.680283	131.23	-0.8153534
547	JHME	Dec 08, 2017	28.17	Sep 11, 2017	25.42	10.818253	28.36	-0.66996
548	FSHOX	Dec 08, 2017	70.46	Sep 11, 2017	63.56	10.855881	69.91	0.7867203
549	EES	Dec 08, 2017	35.97	Sep 11, 2017	32.44	10.881638	36.37	-1.0998001
550	DIA	Dec 08, 2017	243.62	Sep 11, 2017	219.6	10.938057	242.45	0.48257446
551	MVALX	Dec 08, 2017	45.95	Sep 11, 2017	41.32	11.205231	46.05	-0.21714783
552	RFV	Dec 08, 2017	68.8	Sep 11, 2017	61.84	11.25486	68.2	0.879776
553	FSENX	Dec 08, 2017	42.15	Sep 11, 2017	37.88	11.272446	42.85	-1.6335983
554	FSRFX	Dec 08, 2017	107.35	Sep 11, 2017	96.41	11.347366	105.39	1.8597565
555	STCEX	Dec 08, 2017	11.26	Sep 11, 2017	10.11	11.374878	11.22	0.35650635
556	FCPVX	Dec 08, 2017	20.23	Sep 11, 2017	18.15	11.4600525	20.45	-1.075798
557	BOTZ	Dec 08, 2017	23.59	Sep 11, 2017	21.14	11.589409	23.84	-1.0486603	*P*
558	QQQX	Dec 08, 2017	24.19	Sep 11, 2017	21.6	11.990738	24.35	-0.6570816
559	XHB	Dec 08, 2017	43.61	Sep 11, 2017	38.81	12.367943	43.64	-0.068740845
560	POAGX	Dec 08, 2017	44.04	Sep 11, 2017	39.18	12.404289	44.17	-0.29431152
561	DIAX	Dec 08, 2017	18.47	Sep 11, 2017	16.43	12.416306	18.23	1.3165131
562	FSVLX	Dec 08, 2017	16.27	Sep 11, 2017	14.45	12.595161	15.92	2.198494
563	FSRPX	Dec 08, 2017	135.31	Sep 11, 2017	119.95	12.805328	133.55	1.3178558
564	JHMF	Dec 08, 2017	36.94	Sep 11, 2017	32.57	13.417259	36.52	1.1500473
565	RZV	Dec 08, 2017	72.9	Sep 11, 2017	64.22	13.516045	73.28	-0.5185547
566	VFH	Dec 08, 2017	70.3	Sep 11, 2017	61.53	14.25322	69.5	1.1510849
567	FNCL	Dec 08, 2017	40.88	Sep 11, 2017	35.75	14.349655	40.37	1.2633209
568	PKB	Dec 08, 2017	34.22	Sep 11, 2017	29.84	14.678284	34.41	-0.5521622
569	XLF	Dec 08, 2017	28.01	Sep 11, 2017	24.42	14.701065	27.58	1.5591049
570	FIDSX	Dec 08, 2017	117.46	Sep 11, 2017	102.36	14.751854	116.03	1.2324448
571	FSELX	Dec 08, 2017	110.34	Sep 11, 2017	96.0	14.9375	112.28	-1.727829
572	FSLBX	Dec 08, 2017	86.29	Sep 11, 2017	74.91	15.191559	84.63	1.9614792	*P*
573	FSRBX	Dec 08, 2017	36.17	Sep 11, 2017	31.36	15.338005	35.88	0.8082428
574	KRE	Dec 08, 2017	59.29	Sep 11, 2017	51.3	15.57505	59.34	-0.08425903
575	PSCE	Dec 08, 2017	14.42	Sep 11, 2017	12.35	16.761139	14.97	-3.6740189	*P*
576	USO	Dec 08, 2017	11.49	Sep 11, 2017	9.82	17.006111	11.67	-1.5424194
577	CSCO	Dec 08, 2017	37.61	Sep 11, 2017	31.91	17.86274	37.6	0.02659607
578	OIL	Dec 08, 2017	6.14	Sep 11, 2017	4.99	23.046097	6.27	-2.0733643	*P*
579	ITB	Dec 08, 2017	42.83	Sep 11, 2017	34.75	23.251808	43.15	-0.74160004	*P*
580	AIEQ	Dec 08, 2017	25.54	null	1.0	2454.0	25.5	0.15686798
581	JHSC	Dec 08, 2017	25.71	null	1.0	2471.0	25.82	-0.42603302
