
1	SHOP	Dec 15, 2017	105.22	Sep 18, 2017	122.42	-14.049988	100.77	4.4160004	*P*
2	PENNX	Dec 14, 2017	10.28	Sep 15, 2017	11.83	-13.10228	12.67	-18.863457
3	EWZ	Dec 15, 2017	38.78	Sep 18, 2017	43.13	-10.085793	39.01	-0.589592
4	FLATX	Dec 14, 2017	23.59	Sep 15, 2017	26.22	-10.03051	24.04	-1.8718872	*P*
5	FSAGX	Dec 14, 2017	19.53	Sep 15, 2017	21.67	-9.875397	18.97	2.9520416
6	PTM	Dec 15, 2017	9.14	Sep 18, 2017	10.05	-9.054726	9.24	-1.0822449
7	USAGX	Dec 14, 2017	12.48	Sep 15, 2017	13.65	-8.571426	12.11	3.0553207
8	PHK	Dec 15, 2017	7.39	Sep 18, 2017	8.05	-8.198761	7.42	-0.40431976
9	SWHFX	Dec 14, 2017	24.11	Sep 15, 2017	26.22	-8.047287	25.43	-5.1907196
10	HDOGX	Dec 14, 2017	13.46	Sep 15, 2017	14.45	-6.8512115	13.34	0.8995514
11	PRGFX	Dec 14, 2017	62.58	Sep 15, 2017	67.17	-6.8334045	70.58	-11.334656
12	RYTRX	Dec 14, 2017	13.22	Sep 15, 2017	14.16	-6.6384125	15.24	-13.254585	*BT*
13	RYURX	Dec 14, 2017	62.1	Sep 15, 2017	66.01	-5.9233475	62.47	-0.5922928
14	FBIOX	Dec 14, 2017	212.95	Sep 15, 2017	225.56	-5.5905304	213.53	-0.2716217	*P*
15	RSXJ	Dec 15, 2017	40.5	Sep 18, 2017	42.71	-5.174431	40.36	0.34687805
16	BULIX	Dec 14, 2017	17.71	Sep 15, 2017	18.49	-4.218498	18.45	-4.010849
17	GLD	Dec 15, 2017	119.18	Sep 18, 2017	124.36	-4.165329	118.48	0.5908127
18	IAU	Dec 15, 2017	12.06	Sep 18, 2017	12.57	-4.057274	11.99	0.58382416
19	MERKX	Dec 14, 2017	9.82	Sep 15, 2017	10.23	-4.0078125	9.78	0.40899658
20	GSSUX	Dec 14, 2017	59.32	Sep 15, 2017	61.74	-3.91967	66.3	-10.527908
21	OAKBX	Dec 14, 2017	31.87	Sep 15, 2017	33.1	-3.7160034	34.48	-7.5695953
22	FDGKX	Dec 14, 2017	32.31	Sep 15, 2017	33.51	-3.581009	35.77	-9.672913
23	FDIKX	Dec 14, 2017	39.29	Sep 15, 2017	40.66	-3.3694	41.18	-4.5896072
24	CHAD	Dec 15, 2017	31.98	Sep 18, 2017	33.08	-3.3252792	32.12	-0.4358673
25	RPMGX	Dec 14, 2017	85.99	Sep 15, 2017	88.8	-3.164421	93.62	-8.149979
26	AMLP	Dec 15, 2017	10.76	Sep 18, 2017	11.1	-3.0630646	10.4	3.4615402
27	FZAIX	Dec 14, 2017	44.61	Sep 15, 2017	46.01	-3.0428085	46.62	-4.311447	*BT*
28	FIDKX	Dec 14, 2017	44.64	Sep 15, 2017	46.04	-3.0408401	46.65	-4.3086853
29	FPHAX	Dec 14, 2017	18.7	Sep 15, 2017	19.27	-2.957962	18.35	1.9073639
30	IBB	Dec 15, 2017	106.6	110.88 2,156,100 Sep	109.75	-2.870163	106.07	0.4996643
31	XBI	Dec 15, 2017	81.82	Sep 18, 2017	84.03	-2.6300125	83.93	-2.514
32	EMLC	Dec 15, 2017	18.76	Sep 18, 2017	19.19	-2.2407532	18.7	0.3208542
33	GASFX	Dec 14, 2017	30.14	Sep 15, 2017	30.82	-2.2063599	30.41	-0.88786316
34	HAO	Dec 15, 2017	29.16	Sep 18, 2017	29.81	-2.1804733	28.8	1.2500076
35	FSPHX	Dec 14, 2017	228.12	Sep 15, 2017	232.91	-2.0565948	227.02	0.48453522
36	EPU	Dec 15, 2017	37.48	Sep 18, 2017	38.22	-1.9361649	39.53	-5.1859283
37	GABUX	Dec 14, 2017	9.38	Sep 15, 2017	9.55	-1.7801056	9.5	-1.2631607
38	FATIX	Dec 14, 2017	57.65	Sep 15, 2017	58.69	-1.7720184	61.41	-6.12278	*BT**P*
39	PRIPX	Dec 14, 2017	11.8	Sep 15, 2017	12.01	-1.7485428	11.79	0.08481598
40	PRFDX	Dec 14, 2017	33.1	Sep 15, 2017	33.64	-1.6052399	35.8	-7.5419006
41	XMPT	Dec 15, 2017	26.83	Sep 18, 2017	27.25	-1.5412903	26.96	-0.482193
42	FCSSX	Dec 14, 2017	5.18	Sep 15, 2017	5.26	-1.5209198	5.18	0.0
43	FSESX	Dec 14, 2017	41.6	Sep 15, 2017	42.21	-1.4451599	41.29	0.7507782
44	PFBDX	Dec 14, 2017	10.02	Sep 15, 2017	10.16	-1.377945	9.99	0.30030823
45	OAKIX	Dec 14, 2017	28.12	Sep 15, 2017	28.51	-1.3679352	28.61	-1.7126846
46	PCRIX	Dec 14, 2017	6.57	Sep 15, 2017	6.65	-1.2030029	6.57	0.0	*BT*
47	GWX	Dec 15, 2017	34.45	Sep 18, 2017	34.85	-1.1477737	35.9	-4.0390015
48	NKX	Dec 15, 2017	15.51	Sep 18, 2017	15.68	-1.0841827	15.5	0.06451416
49	NAD	Dec 15, 2017	14.04	Sep 18, 2017	14.19	-1.0570831	14.11	-0.49610138
50	FSOFX	Sep 06, 2017	14.15	Jun 07, 2017	14.3	-1.0489502	14.15	0.0
51	PRTIX	Dec 14, 2017	5.71	Sep 15, 2017	5.77	-1.0398636	5.71	0.0
52	SWRSX	Dec 14, 2017	11.04	Sep 15, 2017	11.15	-0.9865494	11.13	-0.80862427
53	IGOV	Dec 15, 2017	49.4	Sep 18, 2017	49.85	-0.90270233	49.38	0.040504456
54	VFITX	Dec 14, 2017	11.1	Sep 15, 2017	11.2	-0.8928528	11.1	0.0
55	FVLKX	Dec 14, 2017	118.84	Sep 15, 2017	119.9	-0.88407135	124.34	-4.423355
56	FIBAX	Dec 14, 2017	10.71	Sep 15, 2017	10.8	-0.8333359	10.7	0.09346008
57	IEI	Dec 15, 2017	122.46	Sep 18, 2017	123.48	-0.8260498	122.48	-0.016334534
58	FCSTX	Dec 14, 2017	10.57	Sep 15, 2017	10.65	-0.7511749	10.59	-0.18886566
59	FSMEX	Dec 14, 2017	46.65	Sep 15, 2017	47.0	-0.7446747	46.57	0.17179108
60	IHE	Dec 15, 2017	155.4	Sep 18, 2017	156.53	-0.72190857	153.5	1.2377853
61	PRFSX	Dec 14, 2017	5.57	Sep 15, 2017	5.61	-0.7130127	5.58	-0.17920685
62	DODFX	Dec 14, 2017	46.06	Sep 15, 2017	46.38	-0.68995667	45.64	0.92024994
63	BMBSX	Dec 14, 2017	11.84	Sep 15, 2017	11.92	-0.6711426	11.88	-0.33670044
64	FSTGX	Dec 14, 2017	10.43	Sep 15, 2017	10.5	-0.6666641	10.43	0.0
65	VMLTX	Dec 14, 2017	10.91	Sep 15, 2017	10.98	-0.63751984	10.92	-0.09157562
66	JQC	Dec 15, 2017	8.16	Sep 18, 2017	8.21	-0.6090164	8.15	0.12270355
67	WIP	Dec 15, 2017	57.17	Sep 18, 2017	57.52	-0.60848236	56.9	0.4745102
68	BCLTX	Oct 20, 2017	11.5	Jul 24, 2017	11.57	-0.605011	11.69	-1.6253204
69	FFXSX	Dec 14, 2017	9.88	Sep 15, 2017	9.94	-0.6036148	9.88	0.0
70	BTTTX	Dec 14, 2017	103.76	Sep 15, 2017	104.37	-0.5844574	103.72	0.03856659
71	FSBIX	Dec 14, 2017	10.33	Sep 15, 2017	10.39	-0.5774765	10.33	0.0
72	FSTFX	Dec 14, 2017	10.52	Sep 15, 2017	10.58	-0.5671005	10.54	-0.18975067
73	HLPPX	Dec 14, 2017	14.5	Sep 15, 2017	14.58	-0.5486984	14.49	0.06900787
74	FZANX	Dec 14, 2017	31.77	Sep 15, 2017	31.94	-0.5322418	33.89	-6.2555313	*BT*
75	FNMIX	Dec 14, 2017	16.21	Sep 15, 2017	16.29	-0.49111176	16.19	0.12352753
76	FSBAX	Dec 14, 2017	10.33	Sep 15, 2017	10.38	-0.48169708	10.33	0.0
77	PAUDX	Dec 14, 2017	8.97	Sep 15, 2017	9.01	-0.44395447	8.92	0.5605469
78	BSV	Dec 15, 2017	79.24	Sep 18, 2017	79.59	-0.43975067	79.27	-0.037841797	*P*
79	FKVFX	Sep 13, 2017	13.85	Jun 14, 2017	13.91	-0.43134308	13.83	0.14461517
80	PLMDX	Dec 14, 2017	9.32	Sep 15, 2017	9.36	-0.42734528	9.31	0.107406616
81	PTTDX	Dec 14, 2017	10.27	Sep 15, 2017	10.31	-0.38796997	10.26	0.097465515
82	TIXRX	Dec 14, 2017	10.43	Sep 15, 2017	10.47	-0.38204193	10.48	-0.47709656
83	SHY	Dec 15, 2017	83.95	Sep 18, 2017	84.27	-0.37973022	83.97	-0.0238266
84	FFKCX	Sep 13, 2017	13.15	Jun 14, 2017	13.2	-0.37878418	13.13	0.15231323
85	NCITX	Dec 14, 2017	10.65	Sep 15, 2017	10.69	-0.37418365	10.69	-0.37418365
86	FTHRX	Dec 14, 2017	10.82	Sep 15, 2017	10.86	-0.36832428	10.82	0.0
87	VBIIX	Dec 14, 2017	11.4	Sep 15, 2017	11.44	-0.34965515	11.39	0.08778381
88	PRPFX	Dec 14, 2017	40.2	Sep 15, 2017	40.33	-0.32234192	39.97	0.5754318
89	FGOVX	Dec 14, 2017	10.23	Sep 15, 2017	10.26	-0.29240417	10.22	0.097831726
90	FVIIX	Dec 14, 2017	10.25	Sep 15, 2017	10.28	-0.29182434	10.24	0.09765625	*BT*
91	FDFAX	Dec 14, 2017	97.75	Sep 15, 2017	98.03	-0.28562927	97.28	0.48314667
92	VSGBX	Dec 14, 2017	10.63	Sep 15, 2017	10.66	-0.28142548	10.63	0.0
93	PGNDX	Dec 14, 2017	11.07	Sep 15, 2017	11.1	-0.27027893	11.07	0.0
94	FGMNX	Dec 14, 2017	11.4	Sep 15, 2017	11.43	-0.26247406	11.41	-0.087646484
95	FNORX	Dec 14, 2017	51.19	Sep 15, 2017	51.32	-0.25331116	51.28	-0.17550659
96	JDD	Dec 15, 2017	12.23	Sep 18, 2017	12.26	-0.24469757	11.97	2.1720886
97	FSIPX	Dec 14, 2017	9.93	Sep 15, 2017	9.95	-0.2009964	9.92	0.10079956
98	FRESX	Dec 14, 2017	42.62	Sep 15, 2017	42.7	-0.18735504	42.2	0.9952545
99	FBT	Dec 15, 2017	123.19	Sep 18, 2017	123.39	-0.16208649	124.81	-1.297966
100	VWO	Dec 15, 2017	44.43	Sep 18, 2017	44.5	-0.15730286	44.14	0.6569977
101	FSHBX	Dec 14, 2017	8.59	Sep 15, 2017	8.6	-0.1162796	8.59	0.0
102	NOAZX	Dec 14, 2017	10.65	Sep 15, 2017	10.66	-0.093811035	10.71	-0.56022644
103	FMSFX	Dec 14, 2017	11.24	Sep 15, 2017	11.25	-0.088890076	11.24	0.0
104	ACITX	Dec 14, 2017	11.7	Sep 15, 2017	11.71	-0.08540344	11.68	0.17123413
105	SWNTX	Dec 14, 2017	11.72	Sep 15, 2017	11.73	-0.085243225	11.76	-0.34013367
106	VCAIX	Dec 14, 2017	11.79	Sep 15, 2017	11.8	-0.084747314	11.84	-0.42230225
107	BCITX	Dec 14, 2017	11.91	Sep 15, 2017	11.92	-0.08389282	11.96	-0.4180603
108	FIPAX	Dec 14, 2017	11.95	Sep 15, 2017	11.96	-0.083610535	11.94	0.08375549
109	FSNGX	Dec 14, 2017	23.39	Sep 15, 2017	23.4	-0.04273987	23.23	0.6887665
110	FFIPX	Sep 06, 2017	9.93	Jun 07, 2017	9.93	0.0	9.93	0.0
111	JNK	Dec 15, 2017	36.7	Sep 18, 2017	36.67	0.08181	36.76	-0.16321564
112	FINPX	Dec 14, 2017	12.11	Sep 15, 2017	12.1	0.08263397	12.09	0.16542816
113	FIMIX	Dec 14, 2017	11.64	Sep 15, 2017	11.63	0.08598328	11.69	-0.4277115
114	FICNX	Dec 14, 2017	11.44	Sep 15, 2017	11.43	0.08748627	11.49	-0.4351654
115	FLTMX	Dec 14, 2017	10.4	Sep 15, 2017	10.39	0.09623718	10.44	-0.38314056
116	FBNDX	Dec 14, 2017	7.94	Sep 15, 2017	7.93	0.12611389	7.93	0.12611389
117	FRIFX	Dec 14, 2017	12.29	Sep 15, 2017	12.27	0.16299438	12.26	0.24469757
118	FSAZX	Dec 14, 2017	12.06	Sep 15, 2017	12.04	0.1661148	12.12	-0.49504852
119	PRNYX	Dec 14, 2017	11.65	Sep 15, 2017	11.63	0.17195892	11.69	-0.34217072
120	FBIDX	Dec 14, 2017	11.62	Sep 15, 2017	11.6	0.17240906	11.6	0.17240906
121	FSITX	Dec 14, 2017	11.61	Sep 15, 2017	11.59	0.17255402	11.6	0.0861969
122	TGFNX	Dec 14, 2017	10.99	Sep 15, 2017	10.97	0.18230438	10.96	0.2737198
123	TIP	Dec 15, 2017	113.89	Sep 18, 2017	113.68	0.1847229	113.69	0.17591858
124	VBMFX	Dec 14, 2017	10.78	Sep 15, 2017	10.76	0.18586731	10.77	0.0928421
125	CDSIX	Dec 14, 2017	16.16	Sep 15, 2017	16.13	0.18598938	16.15	0.061920166	*BT*
126	FPCIX	Dec 14, 2017	10.65	Sep 15, 2017	10.63	0.1881485	10.63	0.1881485
127	FEDCX	Dec 14, 2017	10.33	Sep 15, 2017	10.31	0.19397736	10.33	0.0
128	FSHFX	Sep 06, 2017	9.66	Jun 07, 2017	9.64	0.2074585	9.66	0.0
129	FFKVX	Sep 13, 2017	13.25	Jun 14, 2017	13.22	0.22692871	13.23	0.15116882
130	KYTFX	Dec 14, 2017	7.76	Sep 15, 2017	7.74	0.25839996	7.78	-0.25707245
131	VPAIX	Dec 14, 2017	11.6	Sep 15, 2017	11.57	0.2592926	11.72	-1.0238876
132	FKMCX	Dec 14, 2017	37.6	Sep 15, 2017	37.5	0.2666626	39.56	-4.954506
133	BND	Dec 15, 2017	81.82	Sep 18, 2017	81.6	0.26960754	81.62	0.24503326
134	FTBFX	Dec 14, 2017	10.68	Sep 15, 2017	10.65	0.2816925	10.67	0.09371948
135	SJNK	Dec 15, 2017	27.57	Sep 18, 2017	27.49	0.29101562	27.58	-0.036254883
136	FCNVX	Dec 14, 2017	10.04	Sep 15, 2017	10.01	0.29969025	10.04	0.0
137	FTFMX	Dec 14, 2017	13.22	Sep 15, 2017	13.18	0.3034973	13.28	-0.4518051
138	VOHIX	Dec 14, 2017	12.61	Sep 15, 2017	12.57	0.31821442	12.74	-1.0204086
139	FSRRX	Dec 14, 2017	8.77	Sep 15, 2017	8.74	0.34326172	8.75	0.22856903
140	FSIGX	Dec 14, 2017	11.29	Sep 15, 2017	11.25	0.35555267	11.28	0.088653564
141	FFKDX	Sep 13, 2017	14.94	Jun 14, 2017	14.88	0.40322876	14.92	0.13404846
142	VGHCX	Dec 14, 2017	213.84	Sep 15, 2017	212.95	0.41793823	210.6	1.5384521
143	VGHAX	Dec 14, 2017	90.22	Sep 15, 2017	89.84	0.42298126	88.85	1.5419235
144	DRTAX	Dec 14, 2017	11.79	Sep 15, 2017	11.74	0.4258957	11.84	-0.42230225
145	PRXCX	Dec 14, 2017	11.55	Sep 15, 2017	11.5	0.43478394	11.6	-0.4310379
146	GTFBX	Dec 14, 2017	11.53	Sep 15, 2017	11.48	0.43554688	11.57	-0.34571838
147	FPXTX	Dec 14, 2017	11.18	Sep 15, 2017	11.13	0.44924164	11.23	-0.44522858
148	FSICX	Dec 14, 2017	11.14	Sep 15, 2017	11.09	0.45085907	11.14	0.0
149	NHINX	Dec 14, 2017	8.7	Sep 15, 2017	8.66	0.46189117	8.69	0.11507416
150	FCTFX	Dec 14, 2017	12.97	Sep 15, 2017	12.91	0.46475983	13.03	-0.4604721
151	NOTEX	Dec 14, 2017	10.7	Sep 15, 2017	10.65	0.46948242	10.74	-0.37243652
152	FSRIX	Dec 14, 2017	12.6	Sep 15, 2017	12.54	0.47846985	12.59	0.07942963	*BT*
153	FFKAX	Sep 13, 2017	12.04	Jun 14, 2017	11.98	0.5008316	12.02	0.16638184
154	USNYX	Dec 14, 2017	11.96	Sep 15, 2017	11.9	0.5042114	11.99	-0.250206
155	DODIX	Dec 14, 2017	13.88	Sep 15, 2017	13.81	0.5068817	13.87	0.07209778
156	VWLTX	Dec 14, 2017	11.67	Sep 15, 2017	11.61	0.5167999	11.76	-0.76530457
157	NTFIX	Dec 14, 2017	11.59	Sep 15, 2017	11.53	0.52038574	11.64	-0.42955017
158	SMDMX	Dec 14, 2017	11.37	Sep 15, 2017	11.31	0.5305023	11.43	-0.5249405
159	MDXBX	Dec 14, 2017	10.79	Sep 15, 2017	10.73	0.55918884	10.83	-0.36934662
160	FDMMX	Dec 14, 2017	12.25	Sep 15, 2017	12.18	0.57470703	12.31	-0.4874115
161	FMHTX	Dec 14, 2017	12.21	Sep 15, 2017	12.14	0.57660675	12.27	-0.48900604
162	PRTAX	Dec 14, 2017	10.17	Sep 15, 2017	10.11	0.59347534	10.21	-0.39177704
163	USATX	Dec 14, 2017	13.37	Sep 15, 2017	13.29	0.6019592	13.42	-0.37257385
164	FTABX	Dec 14, 2017	11.57	Sep 15, 2017	11.5	0.608696	11.63	-0.5159073
165	FHIGX	Dec 14, 2017	13.11	Sep 15, 2017	13.03	0.61396027	13.18	-0.5311127
166	FSFFX	Sep 06, 2017	12.97	Jun 07, 2017	12.89	0.620636	12.97	0.0
167	REACX	Dec 14, 2017	29.53	Sep 15, 2017	29.34	0.647583	29.2	1.1301422
168	PASDX	Dec 14, 2017	12.21	Sep 15, 2017	12.13	0.659523	12.15	0.49383545
169	FOHFX	Dec 14, 2017	12.19	Sep 15, 2017	12.11	0.660614	12.26	-0.5709686
170	MNBAX	Dec 14, 2017	18.24	Sep 15, 2017	18.12	0.6622467	18.15	0.49586487
171	PRVAX	Dec 14, 2017	12.04	Sep 15, 2017	11.96	0.6688919	12.07	-0.24854279
172	FNJHX	Dec 14, 2017	11.93	Sep 15, 2017	11.85	0.67510986	11.99	-0.500412
173	FICDX	Dec 14, 2017	53.16	Sep 15, 2017	52.8	0.6818161	52.87	0.5485153
174	FEIKX	Dec 14, 2017	59.97	Sep 15, 2017	59.55	0.70529175	62.41	-3.9096298
175	VCITX	Dec 14, 2017	12.22	Sep 15, 2017	12.13	0.7419586	12.28	-0.48859406
176	FOSKX	Dec 14, 2017	49.62	Sep 15, 2017	49.25	0.7512665	49.95	-0.6606674
177	USVAX	Dec 14, 2017	11.35	Sep 15, 2017	11.26	0.7992859	11.39	-0.35118103
178	USCBX	Dec 14, 2017	11.09	Sep 15, 2017	11.0	0.8181839	11.13	-0.35938263
179	FKTWX	Sep 13, 2017	15.81	Jun 14, 2017	15.68	0.8290787	15.79	0.12666321
180	VMATX	Dec 14, 2017	10.85	Sep 15, 2017	10.76	0.8364334	10.9	-0.45870972
181	PRINX	Dec 14, 2017	11.96	Sep 15, 2017	11.86	0.8431778	12.0	-0.33333588
182	FSTCX	Dec 14, 2017	68.14	Sep 15, 2017	67.57	0.8435745	66.3	2.775261
183	FIBFX	Sep 06, 2017	11.35	Jun 07, 2017	11.25	0.8888931	11.35	0.0
184	USTEX	Dec 14, 2017	13.44	Sep 15, 2017	13.32	0.9009018	13.48	-0.29673767
185	FFIGX	Sep 06, 2017	15.58	Jun 07, 2017	15.44	0.9067383	15.58	0.0
186	EEM	Dec 15, 2017	46.17	Sep 18, 2017	45.75	0.9180298	45.94	0.5006561
187	FHIFX	Dec 14, 2017	8.72	Sep 15, 2017	8.64	0.9259186	8.72	0.0
188	FFKEX	Sep 13, 2017	16.31	Jun 14, 2017	16.16	0.9282074	16.28	0.18426514
189	FASIX	Dec 14, 2017	13.69	Sep 15, 2017	13.55	1.0332108	13.66	0.21961975
190	FCNKX	Dec 14, 2017	121.92	Sep 15, 2017	120.67	1.035881	128.21	-4.906021	*P*
191	ROOF	Dec 15, 2017	27.28	Sep 18, 2017	27.0	1.0370407	26.86	1.5636673
192	ICF	Dec 15, 2017	103.26	Sep 18, 2017	102.2	1.0371933	101.93	1.3048172
193	FCBFX	Dec 14, 2017	11.68	Sep 15, 2017	11.56	1.038063	11.65	0.25751495
194	VWAHX	Dec 14, 2017	11.44	Sep 15, 2017	11.32	1.0600662	11.49	-0.4351654
195	FSUTX	Dec 14, 2017	81.7	Sep 15, 2017	80.84	1.0638351	81.89	-0.23202515
196	FIAFX	Dec 14, 2017	11.34	Sep 15, 2017	11.22	1.069519	11.31	0.26525116	*BT*
197	JPC	Dec 15, 2017	10.38	Sep 18, 2017	10.27	1.0710754	10.44	-0.57470703
198	FFFAX	Dec 14, 2017	11.96	Sep 15, 2017	11.83	1.0989075	11.94	0.16751099
199	FIRNX	Dec 14, 2017	58.29	Sep 15, 2017	57.65	1.1101456	58.15	0.24075317
200	VNQI	Dec 15, 2017	61.07	Sep 18, 2017	60.39	1.1260147	60.63	0.725708	*P*
201	FIRMX	Dec 14, 2017	58.36	Sep 15, 2017	57.71	1.1263275	58.22	0.24047089
202	SMTFX	Dec 14, 2017	10.51	Sep 15, 2017	10.39	1.1549606	10.55	-0.37914276
203	FFRHX	Dec 14, 2017	9.63	Sep 15, 2017	9.52	1.1554565	9.64	-0.10373688
204	FFVNX	Sep 06, 2017	10.45	Jun 07, 2017	10.33	1.1616592	10.45	0.0
205	FEDFX	Sep 06, 2017	10.42	Jun 07, 2017	10.3	1.1650467	10.42	0.0
206	PRFHX	Dec 14, 2017	12.09	Sep 15, 2017	11.95	1.1715546	12.13	-0.32976532
207	FFKFX	Sep 13, 2017	17.17	Jun 14, 2017	16.97	1.1785507	17.14	0.17503357
208	PRHSX	Dec 14, 2017	74.69	Sep 15, 2017	73.81	1.1922607	74.56	0.17436981
209	PFODX	Dec 14, 2017	10.74	Sep 15, 2017	10.61	1.2252579	10.75	-0.09302521
210	FHLC	Dec 15, 2017	40.35	Sep 18, 2017	39.86	1.2293015	40.11	0.5983505
211	BCHYX	Dec 14, 2017	10.67	Sep 15, 2017	10.54	1.2333984	10.72	-0.4664154
212	FKTHX	Sep 13, 2017	17.15	Jun 14, 2017	16.94	1.2396698	17.12	0.1752243
213	SPHIX	Dec 14, 2017	8.98	Sep 15, 2017	8.87	1.2401352	8.97	0.11147308
214	RSX	Dec 15, 2017	21.93	Sep 18, 2017	21.66	1.2465363	21.57	1.6689911
215	PRULX	Dec 14, 2017	12.9	Sep 15, 2017	12.74	1.2558823	12.8	0.78125
216	FIROX	Dec 14, 2017	59.47	Sep 15, 2017	58.73	1.2600098	59.32	0.25286865
217	FPIOX	Dec 14, 2017	9.64	Sep 15, 2017	9.52	1.2605057	9.62	0.207901
218	FIKFX	Dec 14, 2017	12.0	Sep 15, 2017	11.85	1.2658234	11.98	0.16695404
219	FIRPX	Dec 14, 2017	58.74	Sep 15, 2017	57.99	1.2933273	58.58	0.27313232
220	VUSTX	Dec 14, 2017	12.49	Sep 15, 2017	12.33	1.2976532	12.39	0.8070984
221	VSS	Dec 15, 2017	116.48	Sep 18, 2017	114.98	1.3045807	115.95	0.4570923
222	VNQ	Dec 15, 2017	85.12	Sep 18, 2017	84.02	1.3092194	84.03	1.2971649
223	FLBAX	Dec 14, 2017	13.38	Sep 15, 2017	13.2	1.3636322	13.27	0.8289337
224	FEMSX	Dec 14, 2017	21.26	Sep 15, 2017	20.96	1.4312973	20.91	1.6738434
225	FBAKX	Dec 14, 2017	23.57	Sep 15, 2017	23.22	1.5073166	23.94	-1.5455399
226	VWESX	Dec 14, 2017	10.65	Sep 15, 2017	10.49	1.5252609	10.73	-0.7455673
227	FTANX	Dec 14, 2017	11.25	Sep 15, 2017	11.08	1.5342941	11.21	0.35682678
228	LQD	Dec 15, 2017	121.79	Sep 18, 2017	119.94	1.5424347	120.98	0.66952515
229	FFIVX	Dec 14, 2017	12.47	Sep 15, 2017	12.28	1.5472412	12.43	0.32180786	*BT*
230	SSSFX	Dec 14, 2017	25.49	Sep 15, 2017	25.1	1.5537872	26.21	-2.7470398
231	FFFVX	Dec 14, 2017	12.81	Sep 15, 2017	12.61	1.5860443	12.78	0.23474884
232	FFKHX	Sep 13, 2017	17.93	Jun 14, 2017	17.65	1.5864029	17.9	0.16759491
233	RYU	Dec 15, 2017	89.01	Sep 18, 2017	87.61	1.597992	89.54	-0.5919113	*P*
234	FFKGX	Sep 13, 2017	17.78	Jun 14, 2017	17.5	1.6000061	17.76	0.11261749
235	FIRQX	Dec 14, 2017	57.35	Sep 15, 2017	56.43	1.630333	57.18	0.29730988
236	FZAAX	Dec 14, 2017	21.1	Sep 15, 2017	20.76	1.6377716	21.39	-1.3557663	*BT*
237	FIRRX	Dec 14, 2017	53.77	Sep 15, 2017	52.89	1.663826	53.61	0.29845428
238	FSHNX	Dec 14, 2017	9.72	Sep 15, 2017	9.56	1.6736374	9.71	0.10298157
239	FFSTX	Sep 06, 2017	17.44	Jun 07, 2017	17.15	1.6909714	17.44	0.0
240	RYGBX	Dec 14, 2017	54.59	Sep 15, 2017	53.67	1.71418	53.96	1.1675339
241	FCSFX	Sep 06, 2017	5.23	Jun 07, 2017	5.14	1.7509689	5.23	0.0
242	JPI	Dec 15, 2017	24.94	Sep 18, 2017	24.5	1.7959213	25.29	-1.3839493
243	FJIFX	Dec 14, 2017	13.58	Sep 15, 2017	13.34	1.7990952	13.54	0.29542542
244	VHT	Dec 15, 2017	155.57	Sep 18, 2017	152.79	1.8195038	154.06	0.9801407
245	FSOPX	Dec 14, 2017	13.73	Sep 15, 2017	13.48	1.854599	14.4	-4.6527786
246	JIGFX	Dec 14, 2017	32.71	Sep 15, 2017	32.1	1.9003143	32.49	0.677124
247	GVPIX	Dec 14, 2017	56.68	Sep 15, 2017	55.62	1.9057846	55.98	1.2504425
248	FDIVX	Dec 14, 2017	39.37	Sep 15, 2017	38.62	1.9420013	39.1	0.6905441
249	FCIFX	Dec 14, 2017	13.03	Sep 15, 2017	12.78	1.9561768	12.98	0.38521576	*BT*
250	JMIEX	Dec 14, 2017	29.18	Sep 15, 2017	28.62	1.9566803	28.66	1.8143768	*BT*
251	FXI	Dec 15, 2017	45.7	Sep 18, 2017	44.82	1.9634094	45.54	0.35133362
252	FIRSX	Dec 14, 2017	54.52	Sep 15, 2017	53.47	1.9637146	54.33	0.3497162
253	FOSFX	Dec 14, 2017	49.75	Sep 15, 2017	48.79	1.9676056	49.47	0.56599426
254	FFANX	Dec 14, 2017	11.85	Sep 15, 2017	11.62	1.9793549	11.8	0.42372894
255	FFFCX	Dec 14, 2017	16.46	Sep 15, 2017	16.14	1.9826508	16.41	0.3046875
256	FSAMX	Dec 14, 2017	11.24	Sep 15, 2017	11.02	1.9963608	11.04	1.8115845
257	FCVSX	Dec 14, 2017	28.44	Sep 15, 2017	27.88	2.0086136	28.37	0.24674225
258	FIEUX	Dec 14, 2017	42.39	Sep 15, 2017	41.55	2.0216599	42.39	0.0
259	EEMV	Dec 15, 2017	60.07	Sep 18, 2017	58.87	2.0383987	59.47	1.0089035
260	JHMU	Dec 15, 2017	28.97	Sep 18, 2017	28.39	2.0429764	28.95	0.06908417
261	FIRUX	Dec 14, 2017	59.25	Sep 15, 2017	58.04	2.0847702	59.04	0.35568237
262	FDEKX	Dec 14, 2017	38.3	Sep 15, 2017	37.5	2.1333313	39.8	-3.7688446
263	FGDKX	Dec 14, 2017	32.4	Sep 15, 2017	31.72	2.1437683	33.18	-2.3508072
264	FIGRX	Dec 14, 2017	44.76	Sep 15, 2017	43.82	2.145134	44.39	0.8335266
265	FIVLX	Dec 14, 2017	8.95	Sep 15, 2017	8.76	2.1689453	8.86	1.0158081
266	NBB	Dec 15, 2017	21.85	Sep 18, 2017	21.37	2.2461395	21.73	0.55223846
267	FKIFX	Dec 14, 2017	14.49	Sep 15, 2017	14.17	2.2582855	14.44	0.3462677
268	RERGX	Dec 14, 2017	56.72	Sep 15, 2017	55.46	2.2719116	56.46	0.46050262
269	FIRVX	Dec 14, 2017	52.87	Sep 15, 2017	51.68	2.3026352	52.67	0.37973022
270	FFVIX	Dec 14, 2017	13.28	Sep 15, 2017	12.98	2.3112564	13.23	0.3779297	*BT*
271	VBLTX	Dec 14, 2017	14.46	Sep 15, 2017	14.13	2.3354492	14.35	0.76654816
272	FASMX	Dec 14, 2017	18.71	Sep 15, 2017	18.28	2.3522873	18.63	0.42941284
273	VEU	Dec 15, 2017	54.0	Sep 18, 2017	52.75	2.369667	53.88	0.22271729
274	VXUS	Dec 15, 2017	56.1	Sep 18, 2017	54.79	2.3909454	55.98	0.2143631
275	FFVFX	Dec 14, 2017	13.7	Sep 15, 2017	13.38	2.3916245	13.64	0.43988037
276	FINVX	Dec 14, 2017	10.9	Sep 15, 2017	10.64	2.4436035	10.79	1.019455
277	VGTSX	Dec 14, 2017	17.99	Sep 15, 2017	17.56	2.4487457	17.82	0.9539871
278	FIXRX	Dec 14, 2017	54.54	Sep 15, 2017	53.23	2.4610138	54.33	0.3865204
279	RWX	Dec 15, 2017	39.86	Sep 18, 2017	38.9	2.4678574	39.66	0.5042877
280	FIRWX	Dec 14, 2017	59.52	Sep 15, 2017	58.08	2.4793396	59.29	0.38791656
281	VPU	Dec 15, 2017	121.2	Sep 18, 2017	118.26	2.4860382	122.25	-0.85889435
282	VTIAX	Dec 14, 2017	30.1	Sep 15, 2017	29.36	2.5204315	29.82	0.93896484	*P*
283	ASHR	Dec 15, 2017	30.45	Sep 18, 2017	29.7	2.525261	30.49	-0.13118744
284	FSGDX	Dec 14, 2017	13.25	Sep 15, 2017	12.92	2.5541763	13.11	1.0678864	*BT*
285	FDIFX	Dec 14, 2017	14.35	Sep 15, 2017	13.99	2.5732727	14.3	0.34965515	*BT*
286	FSGEX	Dec 14, 2017	13.29	Sep 15, 2017	12.95	2.6254883	13.15	1.0646439
287	FLIFX	Dec 14, 2017	15.16	Sep 15, 2017	14.77	2.6404877	15.1	0.3973465
288	FFFDX	Dec 14, 2017	16.89	Sep 15, 2017	16.45	2.674759	16.82	0.4161682
289	EFA	Dec 15, 2017	69.99	Sep 18, 2017	68.15	2.6999207	69.84	0.21478271
290	FIUIX	Dec 14, 2017	26.39	Sep 15, 2017	25.69	2.7247925	26.2	0.7251892
291	FSANX	Dec 14, 2017	12.79	Sep 15, 2017	12.45	2.7309265	12.74	0.39246368
292	JHMH	Dec 15, 2017	31.44	Sep 18, 2017	30.59	2.7786865	31.0	1.4193573
293	FIENX	Dec 14, 2017	9.98	Sep 15, 2017	9.71	2.7806244	9.88	1.0121307
294	JHMD	Dec 15, 2017	30.14	Sep 18, 2017	29.32	2.7967224	30.1	0.13288116
295	FITWX	Dec 14, 2017	14.31	Sep 15, 2017	13.92	2.8017273	14.25	0.42105865	*BT*
296	FGBLX	Dec 14, 2017	24.83	Sep 15, 2017	24.15	2.8157349	24.75	0.32323456
297	VWINX	Dec 14, 2017	27.36	Sep 15, 2017	26.61	2.818489	27.25	0.40366364
298	FIGFX	Dec 14, 2017	13.43	Sep 15, 2017	13.06	2.833084	13.37	0.448761
299	OWSMX	Dec 14, 2017	17.65	Sep 15, 2017	17.16	2.8554764	17.58	0.39818573
300	FUSIX	Dec 14, 2017	10.72	Sep 15, 2017	10.42	2.8790817	10.65	0.6572876
301	FSIIX	Dec 14, 2017	43.52	Sep 15, 2017	42.28	2.9328308	43.15	0.8574753
302	FTIEX	Dec 14, 2017	9.11	Sep 15, 2017	8.85	2.9378433	9.02	0.9977722
303	GAOSX	Dec 14, 2017	18.9	Sep 15, 2017	18.36	2.9411697	18.83	0.37174225
304	SCHF	Dec 15, 2017	34.29	Sep 18, 2017	33.31	2.9420624	34.24	0.14603424
305	FSIVX	Dec 14, 2017	43.55	Sep 15, 2017	42.3	2.9550781	43.17	0.8802414	*P*
306	FFTWX	Dec 14, 2017	14.63	Sep 15, 2017	14.21	2.9556656	14.57	0.41181183
307	FPIFX	Dec 14, 2017	15.93	Sep 15, 2017	15.47	2.9734955	15.87	0.37807465
308	JPS	Dec 15, 2017	10.35	Sep 18, 2017	10.05	2.9850693	10.4	-0.48075867	*P*
309	FIVFX	Dec 14, 2017	20.62	Sep 15, 2017	20.02	2.9970016	20.54	0.3894806
310	CGMFX	Dec 14, 2017	51.28	Sep 15, 2017	49.77	3.0339508	52.29	-1.9315414
311	FISMX	Dec 14, 2017	29.09	Sep 15, 2017	28.23	3.046402	28.79	1.0420227
312	FDYSX	Dec 14, 2017	9.97	Sep 15, 2017	9.67	3.1023865	9.9	0.707077
313	FEMEX	Dec 14, 2017	9.6	Sep 15, 2017	9.31	3.1149292	9.52	0.84033203
314	FIREX	Dec 14, 2017	11.47	Sep 15, 2017	11.12	3.1474838	11.29	1.5943298
315	FIGSX	Dec 14, 2017	16.33	Sep 15, 2017	15.83	3.158554	16.26	0.43050385
316	VTMGX	Dec 14, 2017	14.28	Sep 15, 2017	13.84	3.1791916	14.16	0.8474579
317	FPUKX	Dec 14, 2017	23.21	Sep 15, 2017	22.49	3.2014236	23.4	-0.8119736
318	FSDIX	Dec 14, 2017	16.01	Sep 15, 2017	15.51	3.223732	15.95	0.37617493
319	XT	Dec 15, 2017	35.31	Sep 18, 2017	34.2	3.245613	35.1	0.5982971
320	FASGX	Dec 14, 2017	22.99	Sep 15, 2017	22.26	3.2794266	22.87	0.52469635
321	FQIFX	Dec 14, 2017	16.92	Sep 15, 2017	16.38	3.2967072	16.84	0.4750595
322	FWRLX	Dec 14, 2017	10.0	Sep 15, 2017	9.68	3.3057785	9.95	0.5025177	*P*
323	FBALX	Dec 14, 2017	23.57	Sep 15, 2017	22.8	3.3771973	23.5	0.29786682
324	DBC	Dec 15, 2017	15.84	Sep 18, 2017	15.32	3.3942566	15.96	-0.75187683
325	FEFIX	Dec 14, 2017	15.52	Sep 15, 2017	15.01	3.3977356	15.45	0.45307922	*P*
326	SLYV	Dec 15, 2017	124.61	Sep 18, 2017	120.51	3.4022064	130.16	-4.2639847
327	ANWPX	Dec 14, 2017	44.98	Sep 15, 2017	43.48	3.4498596	44.94	0.089012146
328	FFFEX	Dec 14, 2017	18.36	Sep 15, 2017	17.74	3.494934	18.27	0.49260712
329	FBMPX	Dec 14, 2017	83.0	Sep 15, 2017	80.12	3.5946045	81.13	2.304947
330	PRMTX	Dec 14, 2017	98.12	Sep 15, 2017	94.71	3.6004639	97.12	1.0296555
331	MOO	Dec 15, 2017	61.05	Sep 18, 2017	58.88	3.685463	60.9	0.24629974
332	JPIN	Dec 15, 2017	60.17	Sep 18, 2017	58.01	3.7234879	59.83	0.5682678
333	FFGCX	Dec 14, 2017	12.52	Sep 15, 2017	12.07	3.7282562	12.28	1.9543991
334	FEMKX	Dec 14, 2017	31.7	Sep 15, 2017	30.55	3.764328	31.31	1.2456207	*P*
335	ACWV	Dec 15, 2017	84.89	Sep 18, 2017	81.71	3.8918152	84.49	0.47342682
336	FILFX	Dec 14, 2017	11.7	Sep 15, 2017	11.26	3.907631	11.56	1.2110748
337	FITHX	Dec 14, 2017	15.14	Sep 15, 2017	14.57	3.9121475	15.07	0.46450043	*BT*
338	FLPKX	Dec 14, 2017	53.32	Sep 15, 2017	51.31	3.9173584	53.9	-1.0760727
339	XLE	Dec 15, 2017	68.72	Sep 18, 2017	66.12	3.9322357	69.28	-0.80831146
340	FXIFX	Dec 14, 2017	17.81	Sep 15, 2017	17.13	3.9696426	17.72	0.50790405
341	FHFIX	Dec 14, 2017	13.61	Sep 15, 2017	13.09	3.972496	13.54	0.51698303	*BT*
342	FAMRX	Dec 14, 2017	19.88	Sep 15, 2017	19.12	3.9748917	19.77	0.5563965
343	FDKQX	Dec 14, 2017	12.03	Sep 15, 2017	11.57	3.9757996	11.97	0.5012512	*BT*
344	FFFIX	Dec 14, 2017	12.55	Sep 15, 2017	12.07	3.9768066	12.48	0.56090546	*BT*
345	VTRIX	Dec 14, 2017	39.93	Sep 15, 2017	38.4	3.9843674	39.48	1.1398163
346	FENY	Dec 15, 2017	19.0	Sep 18, 2017	18.27	3.9956207	19.17	-0.8868027
347	FFFPX	Dec 14, 2017	12.49	Sep 15, 2017	12.01	3.9966736	12.43	0.48270416	*BT*
348	FDVLX	Dec 14, 2017	118.76	Sep 15, 2017	114.19	4.0021057	118.39	0.31253052
349	UGA	Dec 15, 2017	29.87	Sep 18, 2017	28.72	4.004181	30.95	-3.489502
350	FIFFX	Dec 14, 2017	16.21	Sep 15, 2017	15.58	4.04364	16.12	0.55830383	*BT*
351	FFTHX	Dec 14, 2017	15.43	Sep 15, 2017	14.83	4.0458527	15.35	0.52117157
352	FFFHX	Dec 14, 2017	12.32	Sep 15, 2017	11.84	4.0540466	12.26	0.4893875
353	FFFFX	Dec 14, 2017	10.84	Sep 15, 2017	10.41	4.1306458	10.78	0.5565872
354	FFFGX	Dec 14, 2017	12.26	Sep 15, 2017	11.77	4.163124	12.19	0.57424164
355	FSLVX	Dec 14, 2017	20.48	Sep 15, 2017	19.64	4.276993	20.42	0.29382324
356	FWWFX	Dec 14, 2017	26.1	Sep 15, 2017	25.01	4.3582535	25.98	0.4618988
357	FPURX	Dec 14, 2017	23.23	Sep 15, 2017	22.25	4.4044952	23.15	0.34557343
358	FLSAX	Dec 14, 2017	42.04	Sep 15, 2017	40.24	4.47316	42.03	0.023796082
359	FSDPX	Dec 14, 2017	91.67	Sep 15, 2017	87.74	4.479149	92.17	-0.54247284
360	FVDKX	Dec 14, 2017	28.58	Sep 15, 2017	27.35	4.4972534	28.69	-0.38341522
361	FLCKX	Dec 14, 2017	32.46	Sep 15, 2017	31.05	4.5410614	32.43	0.09250641
362	FIHFX	Dec 14, 2017	18.85	Sep 15, 2017	18.03	4.5479736	18.75	0.5333328
363	FLVCX	Dec 14, 2017	32.4	Sep 15, 2017	30.99	4.549858	32.37	0.092681885
364	FFNOX	Dec 14, 2017	44.87	Sep 15, 2017	42.9	4.5920715	44.65	0.49271393
365	FIOFX	Dec 14, 2017	19.13	Sep 15, 2017	18.29	4.5926666	19.03	0.52547455
366	VDE	Dec 15, 2017	93.81	Sep 18, 2017	89.68	4.605255	94.06	-0.26579285
367	VWELX	Dec 14, 2017	43.6	Sep 15, 2017	41.68	4.6065216	43.38	0.5071411
368	FIPFX	Dec 14, 2017	19.22	Sep 15, 2017	18.37	4.627098	19.11	0.5756149
369	FBIFX	Dec 14, 2017	18.99	Sep 15, 2017	18.15	4.6280975	18.89	0.5293884
370	ICENX	Dec 14, 2017	12.38	Sep 15, 2017	11.83	4.6492004	12.32	0.48701477
371	FSTSX	Dec 14, 2017	18.67	Sep 15, 2017	17.84	4.652466	18.47	1.08284
372	ROBO	Dec 15, 2017	40.39	Sep 18, 2017	38.57	4.7186966	40.79	-0.9806366
373	XLB	Dec 15, 2017	59.06	Sep 18, 2017	56.38	4.753456	59.43	-0.62257385	*P*
374	VT	Dec 15, 2017	73.87	Sep 18, 2017	70.51	4.7652817	73.49	0.5170822
375	BRSVX	Dec 14, 2017	25.92	Sep 15, 2017	24.74	4.7696	26.59	-2.5197449
376	FSLSX	Dec 14, 2017	44.71	Sep 15, 2017	42.67	4.780876	44.67	0.08955383
377	FVSKX	Dec 14, 2017	44.71	Sep 15, 2017	42.66	4.805435	44.67	0.08955383
378	TWEBX	Dec 14, 2017	23.99	Sep 15, 2017	22.89	4.805588	23.9	0.37657166
379	FFDKX	Dec 14, 2017	45.04	Sep 15, 2017	42.96	4.8417206	45.9	-1.873642
380	FMIMX	Dec 14, 2017	29.23	Sep 15, 2017	27.87	4.879799	29.49	-0.88165283
381	FDSVX	Dec 14, 2017	32.39	Sep 15, 2017	30.88	4.8898926	32.29	0.30969238
382	FCPEX	Dec 14, 2017	13.7	Sep 15, 2017	13.06	4.9004517	13.86	-1.154396
383	NOSGX	Dec 14, 2017	25.32	Sep 15, 2017	24.13	4.9316254	25.79	-1.8224182
384	FDCAX	Dec 14, 2017	34.61	Sep 15, 2017	32.98	4.9423904	34.46	0.4352951
385	VAW	Dec 15, 2017	133.02	Sep 18, 2017	126.73	4.9633026	133.47	-0.33715057
386	MLAIX	Dec 14, 2017	9.68	Sep 15, 2017	9.22	4.9891586	9.63	0.51921844	*BT**P*
387	PYZ	Dec 15, 2017	68.1	Sep 18, 2017	64.84	5.0277557	67.53	0.84407043
388	JHMS	Dec 15, 2017	27.74	Sep 18, 2017	26.4	5.0757523	27.47	0.9828949
389	FSCRX	Dec 14, 2017	29.27	Sep 15, 2017	27.84	5.13649	29.39	-0.40829468
390	FSCHX	Dec 14, 2017	181.75	Sep 15, 2017	172.87	5.1368103	182.5	-0.41095734
391	FVDFX	Dec 14, 2017	28.57	Sep 15, 2017	27.17	5.1527405	28.5	0.24562073
392	VIMSX	Dec 14, 2017	41.72	Sep 15, 2017	39.67	5.1676407	41.78	-0.1436081
393	FSCOX	Dec 14, 2017	18.92	Sep 15, 2017	17.99	5.169533	18.72	1.0683746
394	FSAEX	Dec 14, 2017	13.95	Sep 15, 2017	13.26	5.2036133	13.91	0.28756714
395	FEQIX	Dec 14, 2017	60.01	Sep 15, 2017	57.02	5.243767	59.74	0.4519577
396	SPLV	Dec 15, 2017	48.15	Sep 18, 2017	45.74	5.2689056	48.07	0.16642761	*P*
397	ERUS	Dec 15, 2017	34.5	Sep 18, 2017	32.77	5.2792206	33.75	2.222229
398	FMCSX	Dec 14, 2017	37.59	Sep 15, 2017	35.7	5.294121	37.66	-0.18586731
399	FEQTX	Dec 14, 2017	29.77	Sep 15, 2017	28.26	5.3432465	29.64	0.43859863
400	FSCDX	Dec 14, 2017	28.75	Sep 15, 2017	27.29	5.349945	28.95	-0.6908493
401	FDSCX	Dec 14, 2017	25.89	Sep 15, 2017	24.57	5.372406	26.21	-1.2209091
402	FDSSX	Dec 14, 2017	45.03	Sep 15, 2017	42.72	5.407295	44.78	0.55828094
403	FSSKX	Dec 14, 2017	45.07	Sep 15, 2017	42.75	5.426895	44.83	0.535347
404	PRNHX	Dec 14, 2017	56.09	Sep 15, 2017	53.2	5.432335	56.27	-0.31988525
405	FLPSX	Dec 14, 2017	53.37	Sep 15, 2017	50.62	5.4326324	53.16	0.3950348
406	ANFVX	Dec 14, 2017	28.1	Sep 15, 2017	26.65	5.4409027	28.38	-0.9866028	*BT*
407	FSPCX	Dec 14, 2017	88.4	Sep 15, 2017	83.73	5.577446	89.38	-1.0964355
408	VEXMX	Dec 14, 2017	83.54	Sep 15, 2017	79.12	5.5864487	83.94	-0.47653198
409	CHTTX	Dec 14, 2017	44.68	Sep 15, 2017	42.31	5.6015167	44.53	0.33685303
410	VEXAX	Dec 14, 2017	83.52	Sep 15, 2017	79.08	5.6145554	83.92	-0.47664642	*P*
411	FSEMX	Dec 14, 2017	63.56	Sep 15, 2017	60.18	5.6164856	63.87	-0.48535156
412	FSEVX	Dec 14, 2017	63.58	Sep 15, 2017	60.19	5.6321716	63.88	-0.46962738
413	VWNFX	Dec 14, 2017	39.98	Sep 15, 2017	37.84	5.6553802	39.75	0.5786209
414	FCPGX	Dec 14, 2017	24.15	Sep 15, 2017	22.85	5.6892776	24.18	-0.124069214	*P*
415	PSCE	Dec 15, 2017	14.3	Sep 18, 2017	13.53	5.691063	14.42	-0.8321762	*P*
416	FGIKX	Dec 14, 2017	37.2	Sep 15, 2017	35.19	5.711853	37.15	0.13459015
417	PCBIX	Dec 14, 2017	27.97	Sep 15, 2017	26.45	5.746689	28.09	-0.42720032	*BT**P*
418	FOCPX	Dec 14, 2017	109.57	Sep 15, 2017	103.61	5.7523346	109.07	0.4584198
419	NAESX	Dec 14, 2017	69.58	Sep 15, 2017	65.79	5.76075	70.12	-0.7701111
420	FHKCX	Dec 14, 2017	34.88	Sep 15, 2017	32.98	5.761078	33.83	3.1037598	*P*
421	FBCVX	Dec 14, 2017	19.33	Sep 15, 2017	18.27	5.801857	19.24	0.46777344
422	FSHCX	Dec 14, 2017	96.68	Sep 15, 2017	91.35	5.8347015	96.14	0.561676
423	FTRNX	Dec 14, 2017	106.36	Sep 15, 2017	100.44	5.894066	105.9	0.43437195
424	VO	Dec 15, 2017	154.23	Sep 18, 2017	145.62	5.912651	154.07	0.10384369
425	JASCX	Dec 14, 2017	29.47	Sep 15, 2017	27.82	5.9309845	29.75	-0.94117737
426	GTSGX	Dec 14, 2017	10.09	Sep 15, 2017	9.52	5.9873962	10.1	-0.09900665
427	VEVRX	Dec 14, 2017	41.1	Sep 15, 2017	38.77	6.009796	41.26	-0.38777924	*BT**P*
428	FSPTX	Dec 14, 2017	179.31	Sep 15, 2017	169.13	6.0190353	176.85	1.3910065
429	FGRTX	Dec 14, 2017	17.22	Sep 15, 2017	16.24	6.034485	17.07	0.8787308
430	PEQKX	Dec 14, 2017	35.49	Sep 15, 2017	33.47	6.0352554	35.54	-0.14068604	*BT*
431	EIERX	Dec 14, 2017	18.37	Sep 15, 2017	17.32	6.0623627	18.25	0.65753174	*BT*
432	FGCKX	Dec 14, 2017	185.36	Sep 15, 2017	174.76	6.06546	184.57	0.4280243
433	FNARX	Dec 14, 2017	28.29	Sep 15, 2017	26.67	6.0742493	28.09	0.711998
434	THD	Dec 15, 2017	91.74	Sep 18, 2017	86.48	6.082321	90.61	1.2470932
435	AGTHX	Dec 14, 2017	52.34	Sep 15, 2017	49.33	6.101761	51.99	0.6732025
436	VWNDX	Dec 14, 2017	23.92	Sep 15, 2017	22.54	6.122444	23.9	0.08368683
437	FMILX	Dec 14, 2017	42.43	Sep 15, 2017	39.98	6.1280594	42.36	0.16524506
438	FLCSX	Dec 14, 2017	32.9	Sep 15, 2017	31.0	6.129036	32.67	0.70401764
439	FXZ	Dec 15, 2017	42.22	Sep 18, 2017	39.78	6.1337433	42.23	-0.023674011
440	VEIPX	Dec 14, 2017	37.48	Sep 15, 2017	35.31	6.145561	37.31	0.4556427
441	FSEAX	Dec 14, 2017	43.85	Sep 15, 2017	41.31	6.1486206	43.01	1.9530334	*P*
442	FSAVX	Dec 14, 2017	40.36	Sep 15, 2017	38.02	6.1546555	40.34	0.049575806	*P*
443	RSP	Dec 15, 2017	100.34	Sep 18, 2017	94.52	6.157425	100.51	-0.16914368
444	VHDYX	Dec 14, 2017	33.81	Sep 15, 2017	31.84	6.187187	33.61	0.5950699
445	FGRIX	Dec 14, 2017	37.24	Sep 15, 2017	35.07	6.1876297	37.01	0.62145996
446	FDFFX	Dec 14, 2017	41.85	Sep 15, 2017	39.39	6.245247	41.64	0.50431824
447	FBGRX	Dec 14, 2017	87.2	Sep 15, 2017	82.07	6.250763	86.63	0.65797424
448	FSTVX	Dec 14, 2017	77.0	Sep 15, 2017	72.37	6.3976746	76.69	0.4042282
449	FSTMX	Dec 14, 2017	76.98	Sep 15, 2017	72.35	6.399452	76.66	0.41741943
450	VTSMX	Dec 14, 2017	66.31	Sep 15, 2017	62.32	6.4024353	66.03	0.42404938
451	FDEQX	Dec 14, 2017	38.37	Sep 15, 2017	36.06	6.405983	38.25	0.3137207
452	VB	Dec 15, 2017	146.95	Sep 18, 2017	138.1	6.408394	146.83	0.081718445
453	FFSMX	Dec 14, 2017	77.02	Sep 15, 2017	72.38	6.410614	76.7	0.4172058
454	PRGTX	Dec 14, 2017	19.55	Sep 15, 2017	18.37	6.4235077	19.34	1.0858307
455	IWM	Dec 15, 2017	152.22	Sep 18, 2017	143.03	6.4252243	151.41	0.53497314
456	VTSAX	Dec 14, 2017	66.34	Sep 15, 2017	62.33	6.433487	66.07	0.40864563
457	HLIEX	Dec 14, 2017	17.18	Sep 15, 2017	16.14	6.443619	17.31	-0.7510071
458	MFVSX	Dec 14, 2017	23.78	Sep 15, 2017	22.34	6.445839	23.63	0.6347885
459	EEH	Dec 11, 2017	19.31	Sep 18, 2017	18.14	6.449829	19.71	-2.0294266
460	VICEX	Dec 14, 2017	32.5	Sep 15, 2017	30.53	6.452667	32.22	0.8690262
461	POGSX	Dec 14, 2017	65.0	Sep 15, 2017	61.05	6.470108	66.06	-1.604599
462	JATTX	Dec 14, 2017	29.48	Sep 15, 2017	27.68	6.5028915	29.53	-0.16932678
463	FNCMX	Dec 14, 2017	90.7	Sep 15, 2017	85.15	6.5178986	90.12	0.6435776	*P*
464	VFINX	Dec 14, 2017	245.8	Sep 15, 2017	230.71	6.54068	244.33	0.6016464
465	FUSEX	Dec 14, 2017	93.09	Sep 15, 2017	87.37	6.5468674	92.53	0.6052017
466	FLVEX	Dec 14, 2017	13.01	Sep 15, 2017	12.21	6.552002	12.96	0.38581085	*P*
467	IBM	Dec 15, 2017	152.5	Sep 18, 2017	143.12	6.5539474	154.81	-1.4921494
468	FUSVX	Dec 14, 2017	93.11	Sep 15, 2017	87.38	6.5575714	92.55	0.605072	*P*
469	VFIAX	Dec 14, 2017	245.86	Sep 15, 2017	230.71	6.566681	244.38	0.6056061	*P*
470	FTQGX	Dec 14, 2017	22.5	Sep 15, 2017	21.11	6.584549	22.46	0.17810059
471	FIDU	Dec 15, 2017	38.16	Sep 18, 2017	35.8	6.5921783	38.15	0.02619934
472	FSDCX	Dec 14, 2017	36.01	Sep 15, 2017	33.76	6.6646957	35.56	1.2654572
473	FSCGX	Dec 14, 2017	43.96	Sep 15, 2017	41.21	6.673134	44.11	-0.340065
474	VHCOX	Dec 14, 2017	68.9	Sep 15, 2017	64.57	6.705902	68.61	0.42268372
475	CXXRX	Dec 14, 2017	24.81	Sep 15, 2017	23.25	6.709671	25.12	-1.2340851	*BT*
476	RWJ	Dec 15, 2017	69.31	Sep 18, 2017	64.95	6.7128525	69.45	-0.20158386
477	SPY	Dec 15, 2017	266.5	Sep 18, 2017	249.72	6.719528	265.51	0.37286377	*P*
478	RTM	Dec 15, 2017	109.65	Sep 18, 2017	102.73	6.7360992	109.49	0.14614105
479	SEQUX	Dec 14, 2017	168.97	Sep 15, 2017	158.22	6.7943344	168.47	0.29678345
480	JDSNX	Dec 14, 2017	24.52	Sep 15, 2017	22.96	6.794426	24.81	-1.1688766	*BT*
481	FSGFX	Dec 14, 2017	19.26	Sep 15, 2017	18.03	6.821968	19.11	0.78491974
482	VUG	Dec 15, 2017	141.54	Sep 18, 2017	132.5	6.822632	139.87	1.1939621
483	FCNTX	Dec 14, 2017	122.01	Sep 15, 2017	114.21	6.829521	121.32	0.5687485	*P*
484	JHMM	Dec 15, 2017	34.05	Sep 18, 2017	31.87	6.8402863	34.04	0.029373169
485	FSENX	Dec 14, 2017	42.12	Sep 15, 2017	39.42	6.849312	41.78	0.81378174
486	FSCFX	Dec 14, 2017	15.59	Sep 15, 2017	14.59	6.8540115	15.68	-0.57398224
487	FSLCX	Dec 14, 2017	19.16	Sep 15, 2017	17.93	6.8600082	19.24	-0.415802
488	FDEGX	Dec 14, 2017	40.63	Sep 15, 2017	38.02	6.864807	40.79	-0.39225006	*P*
489	FMAGX	Dec 14, 2017	103.36	Sep 15, 2017	96.71	6.8762283	102.89	0.45679474
490	FAGKX	Dec 14, 2017	40.95	Sep 15, 2017	38.31	6.891159	41.12	-0.41342163
491	FMGKX	Dec 14, 2017	103.2	Sep 15, 2017	96.54	6.8986893	102.72	0.46728516
492	PARWX	Dec 14, 2017	37.94	Sep 15, 2017	35.48	6.933487	37.82	0.31729126
493	YACKX	Dec 14, 2017	25.25	Sep 15, 2017	23.6	6.9915314	25.02	0.9192581
494	DODGX	Dec 14, 2017	208.18	Sep 15, 2017	194.54	7.0114136	207.02	0.56033325
495	YAFFX	Dec 14, 2017	23.59	Sep 15, 2017	22.04	7.032669	23.34	1.0711212
496	FOHIX	Dec 14, 2017	17.62	Sep 15, 2017	16.46	7.0474014	17.44	1.0321121
497	FSLEX	Dec 14, 2017	25.89	Sep 15, 2017	24.18	7.0719604	26.12	-0.8805542
498	FCSAX	Dec 14, 2017	18.61	Sep 15, 2017	17.38	7.0771103	18.43	0.9766693
499	JHME	Dec 15, 2017	28.13	Sep 18, 2017	26.27	7.0803146	28.17	-0.14199829
500	VTI	Dec 15, 2017	137.53	Sep 18, 2017	128.36	7.1439743	136.48	0.7693405
501	VIS	Dec 15, 2017	140.18	Sep 18, 2017	130.77	7.1958313	139.76	0.30051422
502	PRF	Dec 15, 2017	113.45	Sep 18, 2017	105.83	7.200218	112.66	0.7012253
503	PYVLX	Dec 14, 2017	17.4	Sep 15, 2017	16.23	7.20887	17.28	0.69444275
504	JHMA	Dec 15, 2017	34.76	Sep 18, 2017	32.42	7.217766	34.37	1.1347046
505	IVV	Dec 15, 2017	269.79	Sep 18, 2017	251.42	7.3065033	267.3	0.9315491
506	ANDVX	Dec 14, 2017	18.92	Sep 15, 2017	17.63	7.3170776	18.92	0.0	*BT*
507	ONEQ	Dec 15, 2017	272.15	Sep 18, 2017	253.58	7.3231354	269.36	1.0357971
508	VOO	Dec 15, 2017	246.12	Sep 18, 2017	229.32	7.326004	243.89	0.9143448	*P*
509	FMEIX	Dec 14, 2017	15.35	Sep 15, 2017	14.3	7.342659	15.43	-0.51847076
510	FEXPX	Dec 14, 2017	21.88	Sep 15, 2017	20.37	7.4128494	21.82	0.27497864
511	FFIDX	Dec 14, 2017	45.06	Sep 15, 2017	41.95	7.4135895	44.8	0.5803604
512	JHML	Dec 15, 2017	34.97	Sep 18, 2017	32.55	7.434723	34.74	0.6620636
513	FEXKX	Dec 14, 2017	21.83	Sep 15, 2017	20.31	7.4839935	21.77	0.27561188
514	VTV	Dec 15, 2017	106.43	Sep 18, 2017	98.91	7.602867	105.73	0.6620636
515	FLCEX	Dec 14, 2017	14.52	Sep 15, 2017	13.49	7.635292	14.41	0.7633667
516	VOOG	Dec 15, 2017	138.16	Sep 18, 2017	128.35	7.6431656	136.45	1.253212
517	FSMVX	Dec 14, 2017	26.15	Sep 15, 2017	24.28	7.701805	26.33	-0.6836319
518	IJR	Dec 15, 2017	76.63	Sep 18, 2017	71.12	7.7474594	76.25	0.49835205
519	RFV	Dec 15, 2017	67.59	Sep 18, 2017	62.72	7.7646637	68.8	-1.758728
520	PSCM	Dec 15, 2017	50.81	Sep 18, 2017	47.13	7.808182	51.12	-0.6064148
521	BOTZ	Dec 15, 2017	23.31	Sep 18, 2017	21.62	7.816826	23.59	-1.1869507	*P*
522	FPBFX	Dec 14, 2017	36.3	Sep 15, 2017	33.66	7.8431396	35.66	1.7947311	*P*
523	LEXCX	Dec 14, 2017	37.35	Sep 15, 2017	34.62	7.8856125	37.31	0.10720825
524	FSAIX	Dec 14, 2017	89.05	Sep 15, 2017	82.48	7.965561	89.1	-0.056114197	*P*
525	VIG	Dec 15, 2017	101.99	Sep 18, 2017	94.43	8.005928	101.18	0.80055237
526	EES	Dec 15, 2017	35.96	Sep 18, 2017	33.29	8.020424	35.97	-0.027809143
527	DGRO	Dec 15, 2017	34.92	Sep 18, 2017	32.31	8.07798	34.64	0.80831146	*P*
528	FVSAX	Dec 14, 2017	20.86	Sep 15, 2017	19.3	8.082916	20.68	0.8704071
529	FDCPX	Dec 14, 2017	97.32	Sep 15, 2017	90.04	8.085297	96.42	0.9334183
530	IJS	Dec 15, 2017	152.85	Sep 18, 2017	141.37	8.120552	152.64	0.13758087
531	QQQ	Dec 15, 2017	157.65	Sep 18, 2017	145.55	8.313286	154.7	1.9069214
532	EWJ	Dec 15, 2017	59.85	Sep 18, 2017	55.25	8.32579	59.6	0.4194641
533	STCEX	Dec 14, 2017	11.13	Sep 15, 2017	10.27	8.373901	11.21	-0.71364594
534	FCYIX	Dec 14, 2017	37.06	Sep 15, 2017	34.18	8.425987	37.12	-0.16162872
535	MVALX	Dec 14, 2017	45.3	Sep 15, 2017	41.72	8.581009	45.7	-0.87527466
536	FEMFX	Sep 06, 2017	20.73	Jun 07, 2017	19.09	8.590874	20.73	0.0
537	FCPVX	Dec 14, 2017	20.0	Sep 15, 2017	18.4	8.695648	20.24	-1.1857681
538	CGMRX	Dec 14, 2017	37.58	Sep 15, 2017	34.57	8.706978	37.2	1.0215073
539	FJPNX	Dec 14, 2017	15.4	Sep 15, 2017	14.14	8.910881	15.29	0.719429
540	FBSOX	Dec 14, 2017	55.44	Sep 15, 2017	50.89	8.940849	54.97	0.85500336
541	JHMC	Dec 15, 2017	30.47	Sep 18, 2017	27.96	8.977112	30.13	1.1284485
542	FLGEX	Dec 14, 2017	18.79	Sep 15, 2017	17.24	8.99073	18.64	0.8047333
543	JHMT	Dec 15, 2017	41.56	Sep 18, 2017	38.12	9.024139	40.97	1.4400864
544	JHMI	Dec 15, 2017	34.93	Sep 18, 2017	32.0	9.15625	34.83	0.28710175
545	FSDAX	Dec 14, 2017	169.24	Sep 15, 2017	154.73	9.377632	168.34	0.5346451
546	FSRFX	Dec 14, 2017	106.75	Sep 15, 2017	97.59	9.386215	107.02	-0.25228882
547	RZV	Dec 15, 2017	72.71	Sep 18, 2017	66.45	9.420624	72.9	-0.26063538
548	FDLSX	Dec 14, 2017	174.72	Sep 15, 2017	159.64	9.446251	175.14	-0.23980713
549	FSCSX	Dec 14, 2017	173.23	Sep 15, 2017	158.15	9.535255	171.43	1.0499954	*P*
550	SCHD	Dec 15, 2017	51.16	Sep 18, 2017	46.7	9.5503235	50.62	1.0667648
551	FSHOX	Dec 14, 2017	69.52	Sep 15, 2017	63.45	9.566582	69.77	-0.35832214
552	FSCPX	Dec 14, 2017	42.55	Sep 15, 2017	38.74	9.834793	42.19	0.85328674
553	FTEC	Dec 15, 2017	50.54	Sep 18, 2017	46.01	9.845688	49.81	1.4655685
554	FJSCX	Dec 14, 2017	18.84	Sep 15, 2017	17.11	10.111046	18.54	1.6181259
555	VGT	Dec 15, 2017	166.46	Sep 18, 2017	151.14	10.136307	163.67	1.7046585
556	DIA	Dec 15, 2017	246.25	Sep 18, 2017	222.45	10.699036	243.62	1.0795441
557	XTN	Dec 15, 2017	63.8	Sep 18, 2017	57.59	10.783127	63.91	-0.17211914	*P*
558	FNCL	Dec 15, 2017	40.66	Sep 18, 2017	36.68	10.850594	40.88	-0.53816223
559	XLF	Dec 15, 2017	27.81	Sep 18, 2017	25.06	10.973671	28.01	-0.71403503
560	FSVLX	Dec 14, 2017	16.12	Sep 15, 2017	14.51	11.095795	16.2	-0.49382782
561	JHMF	Dec 15, 2017	36.82	Sep 18, 2017	33.14	11.104408	36.94	-0.32484436
562	KRE	Dec 15, 2017	59.07	Sep 18, 2017	53.11	11.2219925	59.29	-0.3710556
563	VFH	Dec 15, 2017	69.86	Sep 18, 2017	62.78	11.277481	69.95	-0.12865448
564	POAGX	Dec 14, 2017	43.85	Sep 15, 2017	39.4	11.294411	43.91	-0.13664246
565	FSRPX	Dec 14, 2017	135.13	Sep 15, 2017	121.13	11.557838	134.21	0.68548584
566	FSRBX	Dec 14, 2017	35.64	Sep 15, 2017	31.94	11.584221	36.11	-1.3015823
567	FSELX	Dec 14, 2017	110.05	Sep 15, 2017	98.56	11.657883	110.67	-0.5602188
568	FIDSX	Dec 14, 2017	115.75	Sep 15, 2017	103.58	11.749374	116.76	-0.86502075
569	XHB	Dec 15, 2017	43.28	Sep 18, 2017	38.68	11.892448	43.61	-0.75671387
570	PKB	Dec 15, 2017	33.77	Sep 18, 2017	30.15	12.006638	34.22	-1.3150177
571	FSLBX	Dec 14, 2017	84.92	Sep 15, 2017	75.7	12.179657	85.54	-0.72480774	*P*
572	USO	Dec 15, 2017	11.46	Sep 18, 2017	10.17	12.684372	11.49	-0.26109314
573	DIAX	Dec 15, 2017	18.41	Sep 18, 2017	16.32	12.806366	18.2	1.1538391
574	QQQX	Dec 15, 2017	24.06	Sep 18, 2017	21.27	13.117065	23.82	1.0075531
575	OIL	Dec 15, 2017	6.14	Sep 18, 2017	5.24	17.175583	6.14	0.0	*P*
576	CSCO	Dec 15, 2017	38.19	Sep 18, 2017	32.24	18.45533	37.61	1.5421371
577	ITB	Dec 15, 2017	42.59	Sep 18, 2017	34.94	21.894684	42.83	-0.56036377	*P*
578	DRA	Sep 08, 2017	18.15	null	1.0	1715.0	1.0	1715.0
579	AIEQ	Dec 15, 2017	25.69	null	1.0	2469.0	25.54	0.5873108
580	JHSC	Dec 15, 2017	25.9	null	1.0	2490.0	25.71	0.7390137
