1	ANDVX	Dec 22, 2017	15.28	Sep 25, 2017	17.78	-14.060745	19.08	-19.916138	*BT*
2	HLPPX	Dec 22, 2017	12.52	Sep 25, 2017	14.49	-13.595581	14.6	-14.246574
3	ANFVX	Dec 22, 2017	24.25	Sep 25, 2017	27.15	-10.6813965	28.46	-14.792686	*BT*
4	SHOP	Dec 22, 2017	103.86	Sep 25, 2017	114.47	-9.268799	105.22	-1.2925339	*P*
5	CHAD	Dec 22, 2017	31.22	Sep 25, 2017	33.91	-7.932762	31.98	-2.3764877
6	PHK	Dec 22, 2017	7.48	Sep 25, 2017	8.07	-7.31102	7.39	1.217865
7	RYURX	Dec 22, 2017	61.38	Sep 25, 2017	66.11	-7.1547394	61.55	-0.27619934
8	RSXJ	Dec 22, 2017	39.94	Sep 25, 2017	42.63	-6.3101196	40.5	-1.382721
9	FLATX	Dec 22, 2017	24.11	Sep 25, 2017	25.68	-6.1137085	23.86	1.0477753	*P*
10	EWZ	Dec 22, 2017	39.51	Sep 25, 2017	41.79	-5.4558563	38.76	1.9349823
11	RSX	Dec 22, 2017	21.11	Sep 25, 2017	22.24	-5.0809326	21.93	-3.7391663
12	FSAGX	Dec 22, 2017	20.44	Sep 25, 2017	21.52	-5.018585	19.45	5.0899734
13	NOSGX	Dec 22, 2017	23.56	Sep 25, 2017	24.66	-4.4606705	25.75	-8.504852
14	FSAEX	Dec 22, 2017	12.71	Sep 25, 2017	13.24	-4.0030212	12.66	0.39494324
15	GSSUX	Dec 22, 2017	60.83	Sep 25, 2017	63.16	-3.6890411	60.37	0.7619705
16	USAGX	Dec 22, 2017	13.07	Sep 25, 2017	13.55	-3.5424423	12.4	5.403221
17	GASFX	Dec 22, 2017	29.33	Sep 25, 2017	30.22	-2.9450684	30.22	-2.9450684
18	FPHAX	Dec 22, 2017	18.45	Sep 25, 2017	19.0	-2.8947372	18.54	-0.4854355
19	GLD	Dec 22, 2017	120.94	Sep 25, 2017	124.53	-2.8828354	119.18	1.4767609
20	OWSMX	Dec 22, 2017	16.67	Sep 25, 2017	17.15	-2.7988281	17.74	-6.0315704
21	IAU	Dec 22, 2017	12.25	Sep 25, 2017	12.6	-2.7777786	12.06	1.5754547
22	MERKX	Dec 22, 2017	9.86	Sep 25, 2017	10.14	-2.761345	9.78	0.81799316
23	FBIOX	Dec 22, 2017	219.57	Sep 25, 2017	225.73	-2.72892	214.82	2.2111511	*P*
24	AMLP	Dec 22, 2017	10.84	Sep 25, 2017	11.14	-2.6930008	10.76	0.74349976
25	BULIX	Dec 22, 2017	17.3	Sep 25, 2017	17.77	-2.6449127	17.81	-2.8635635
26	PTM	Dec 22, 2017	9.56	Sep 25, 2017	9.8	-2.4489746	9.14	4.5951843
27	FDGKX	Dec 22, 2017	32.91	Sep 25, 2017	33.67	-2.2571945	32.59	0.9818878
28	RYU	Dec 22, 2017	85.56	Sep 25, 2017	87.5	-2.2171402	89.01	-3.8759766	*P*
29	FDIKX	Dec 22, 2017	39.66	Sep 25, 2017	40.49	-2.0498962	39.25	1.0445862
30	GABUX	Dec 22, 2017	9.27	Sep 25, 2017	9.46	-2.0084534	9.42	-1.5923462
31	NKX	Dec 22, 2017	15.26	Sep 25, 2017	15.57	-1.991005	15.51	-1.6118622
32	FZAIX	Dec 22, 2017	45.07	Sep 25, 2017	45.92	-1.8510437	44.53	1.2126694	*BT*
33	FIDKX	Dec 22, 2017	45.1	Sep 25, 2017	45.95	-1.8498383	44.56	1.2118454
34	VIPSX	Dec 22, 2017	12.94	Sep 25, 2017	13.18	-1.8209457	13.2	-1.9697037
35	RYGBX	Dec 22, 2017	52.86	Sep 25, 2017	53.77	-1.6923904	54.86	-3.6456375
36	XMPT	Dec 22, 2017	26.63	Sep 25, 2017	27.08	-1.6617508	26.83	-0.7454376
37	GVPIX	Dec 22, 2017	54.87	Sep 25, 2017	55.79	-1.6490479	56.99	-3.7199554
38	FIBAX	Dec 22, 2017	10.62	Sep 25, 2017	10.78	-1.48423	10.7	-0.7476654
39	JDSNX	Dec 22, 2017	23.0	Sep 25, 2017	23.33	-1.4144897	24.84	-7.4074097	*BT*
40	PRTIX	Dec 22, 2017	5.68	Sep 25, 2017	5.76	-1.3888931	5.71	-0.52539825
41	VNQ	Dec 22, 2017	81.83	Sep 25, 2017	82.97	-1.3739853	85.08	-3.8199387
42	ROOF	Dec 22, 2017	26.62	Sep 25, 2017	26.99	-1.3708801	27.28	-2.4193497
43	JHMU	Dec 22, 2017	27.77	Sep 25, 2017	28.15	-1.3499069	28.97	-4.142212
44	VFITX	Dec 22, 2017	11.03	Sep 25, 2017	11.18	-1.3416901	11.09	-0.5410309
45	EMLC	Dec 22, 2017	18.9	Sep 25, 2017	19.14	-1.2539139	18.76	0.7462616
46	WIP	Dec 22, 2017	56.7	Sep 25, 2017	57.4	-1.2195129	57.18	-0.83945465
47	IEI	Dec 22, 2017	121.84	Sep 25, 2017	123.3	-1.1841125	122.29	-0.36798096
48	NCITX	Dec 22, 2017	10.58	Sep 25, 2017	10.7	-1.1214981	10.65	-0.65727234
49	PFBDX	Dec 22, 2017	9.98	Sep 25, 2017	10.09	-1.0901947	9.98	0.0
50	VUSTX	Dec 22, 2017	12.21	Sep 25, 2017	12.34	-1.0534897	12.52	-2.4760437
51	VBIIX	Dec 22, 2017	11.31	Sep 25, 2017	11.43	-1.0498734	11.4	-0.78946686
52	VPU	Dec 22, 2017	116.01	Sep 25, 2017	117.24	-1.0491257	121.2	-4.282173
53	FSOFX	Sep 06, 2017	14.15	Jun 07, 2017	14.3	-1.0489502	14.15	0.0
54	PRULX	Dec 22, 2017	12.62	Sep 25, 2017	12.75	-1.0196075	12.94	-2.4729462
55	FLBAX	Dec 22, 2017	13.08	Sep 25, 2017	13.21	-0.98410034	13.42	-2.5335312
56	PTTDX	Dec 22, 2017	10.22	Sep 25, 2017	10.32	-0.9689865	10.26	-0.38986206
57	VBILX	Dec 22, 2017	11.31	Sep 25, 2017	11.42	-0.9632187	11.4	-0.78946686
58	FSTGX	Dec 22, 2017	10.38	Sep 25, 2017	10.48	-0.9541931	10.42	-0.38388062
59	FCSTX	Dec 22, 2017	10.54	Sep 25, 2017	10.64	-0.93984985	10.58	-0.37807465
60	BMBSX	Dec 22, 2017	11.79	Sep 25, 2017	11.9	-0.9243698	11.84	-0.42230225
61	NAD	Dec 22, 2017	13.94	Sep 25, 2017	14.07	-0.9239578	14.04	-0.71224976
62	VMLTX	Dec 22, 2017	10.87	Sep 25, 2017	10.97	-0.91158295	10.91	-0.36663055
63	PRFSX	Dec 22, 2017	5.55	Sep 25, 2017	5.6	-0.8928528	5.57	-0.3590622
64	FVIIX	Dec 22, 2017	10.18	Sep 25, 2017	10.27	-0.8763428	10.25	-0.68292236	*BT*
65	ICF	Dec 22, 2017	99.75	Sep 25, 2017	100.58	-0.8252106	103.26	-3.3991852
66	IHE	Dec 22, 2017	154.55	Sep 25, 2017	155.81	-0.8086777	155.86	-0.8404999
67	ERUS	Dec 22, 2017	33.3	Sep 25, 2017	33.57	-0.8042908	34.5	-3.4782639
68	FGOVX	Dec 22, 2017	10.17	Sep 25, 2017	10.25	-0.78048706	10.23	-0.5865021
69	FSTFX	Dec 22, 2017	10.49	Sep 25, 2017	10.57	-0.7568588	10.52	-0.28517914
70	NOAZX	Dec 22, 2017	10.58	Sep 25, 2017	10.66	-0.750473	10.65	-0.65727234
71	PGNDX	Dec 22, 2017	11.02	Sep 25, 2017	11.1	-0.7207184	11.06	-0.36166382
72	FFXSX	Dec 22, 2017	9.86	Sep 25, 2017	9.93	-0.7049408	9.88	-0.20243835
73	TGMNX	Dec 22, 2017	10.23	Sep 25, 2017	10.3	-0.67961884	10.3	-0.67961884
74	FSBIX	Dec 22, 2017	10.31	Sep 25, 2017	10.38	-0.6743698	10.32	-0.09689331
75	TIXRX	Dec 22, 2017	10.38	Sep 25, 2017	10.45	-0.6698532	10.43	-0.47938538
76	FTHRX	Dec 22, 2017	10.78	Sep 25, 2017	10.85	-0.6451645	10.82	-0.3696823
77	BCLTX	Oct 20, 2017	11.5	Jul 24, 2017	11.57	-0.605011	11.69	-1.6253204
78	NCATX	Dec 22, 2017	11.55	Sep 25, 2017	11.62	-0.60240936	11.62	-0.60240936
79	IGOV	Dec 22, 2017	49.35	Sep 25, 2017	49.64	-0.5842056	49.4	-0.10121918
80	FSBAX	Dec 22, 2017	10.31	Sep 25, 2017	10.37	-0.5785904	10.32	-0.09689331
81	BSV	Dec 22, 2017	79.13	Sep 25, 2017	79.59	-0.5779648	79.24	-0.13881683	*P*
82	NOITX	Dec 22, 2017	10.49	Sep 25, 2017	10.55	-0.5687256	10.54	-0.47438812
83	SHY	Dec 22, 2017	83.79	Sep 25, 2017	84.26	-0.5578003	83.95	-0.19058228
84	TGFNX	Dec 22, 2017	10.92	Sep 25, 2017	10.98	-0.5464401	10.98	-0.5464401
85	FSUTX	Dec 22, 2017	79.27	Sep 25, 2017	79.69	-0.5270462	81.97	-3.2938995
86	FBIDX	Dec 22, 2017	11.54	Sep 25, 2017	11.6	-0.51724243	11.62	-0.68846893
87	VCAIX	Dec 22, 2017	11.72	Sep 25, 2017	11.78	-0.50933075	11.78	-0.50933075
88	BCITX	Dec 22, 2017	11.84	Sep 25, 2017	11.9	-0.50419617	11.91	-0.58773804
89	VSGBX	Dec 22, 2017	10.61	Sep 25, 2017	10.66	-0.46904755	10.63	-0.18815613
90	VBMFX	Dec 22, 2017	10.71	Sep 25, 2017	10.76	-0.46468353	10.78	-0.6493454
91	FMSFX	Dec 22, 2017	11.19	Sep 25, 2017	11.24	-0.44483948	11.24	-0.44483948
92	FGMNX	Dec 22, 2017	11.36	Sep 25, 2017	11.41	-0.43821716	11.4	-0.35087585
93	FSITX	Dec 22, 2017	11.54	Sep 25, 2017	11.59	-0.4314041	11.61	-0.60292816
94	FKVFX	Sep 13, 2017	13.85	Jun 14, 2017	13.91	-0.43134308	13.83	0.14461517
95	SWNTX	Dec 22, 2017	11.66	Sep 25, 2017	11.71	-0.4269867	11.71	-0.4269867
96	BND	Dec 22, 2017	81.37	Sep 25, 2017	81.71	-0.41609955	81.82	-0.5499878
97	VFIIX	Dec 22, 2017	10.44	Sep 25, 2017	10.48	-0.38167572	10.48	-0.38167572
98	FFKCX	Sep 13, 2017	13.15	Jun 14, 2017	13.2	-0.37878418	13.13	0.15231323
99	FBNDX	Dec 22, 2017	7.9	Sep 25, 2017	7.93	-0.37830353	7.94	-0.50377655
100	FPCIX	Dec 22, 2017	10.59	Sep 25, 2017	10.63	-0.376297	10.65	-0.5633774
101	JQC	Dec 22, 2017	8.2	Sep 25, 2017	8.23	-0.3645172	8.16	0.49020386
102	FSPHX	Dec 22, 2017	223.94	Sep 25, 2017	224.75	-0.36039734	224.59	-0.28941345
103	TIP	Dec 22, 2017	113.18	Sep 25, 2017	113.58	-0.35217285	113.89	-0.62340546
104	FICNX	Dec 22, 2017	11.37	Sep 25, 2017	11.41	-0.35057068	11.44	-0.6118851
105	FIMIX	Dec 22, 2017	11.57	Sep 25, 2017	11.61	-0.34453583	11.64	-0.6013794
106	ACITX	Dec 22, 2017	11.64	Sep 25, 2017	11.68	-0.34246826	11.69	-0.4277115
107	FIPAX	Dec 22, 2017	11.9	Sep 25, 2017	11.94	-0.3350067	11.95	-0.41841125
108	FSIPX	Dec 22, 2017	9.9	Sep 25, 2017	9.93	-0.30212402	9.92	-0.20162201
109	JNK	Dec 22, 2017	36.63	Sep 25, 2017	36.74	-0.29940033	36.7	-0.19073486
110	FLTMX	Dec 22, 2017	10.35	Sep 25, 2017	10.38	-0.28901672	10.4	-0.48075867
111	FTBFX	Dec 22, 2017	10.62	Sep 25, 2017	10.65	-0.28168488	10.68	-0.5618057
112	NOTEX	Dec 22, 2017	10.64	Sep 25, 2017	10.67	-0.28115845	10.69	-0.46772003
113	FINVX	Dec 22, 2017	10.65	Sep 25, 2017	10.68	-0.28090668	10.53	1.1396027
114	PRRDX	Dec 22, 2017	10.97	Sep 25, 2017	11.0	-0.27272797	11.01	-0.36331177
115	SWRSX	Dec 22, 2017	10.98	Sep 25, 2017	11.01	-0.27249146	11.03	-0.4533081
116	KYTFX	Dec 22, 2017	7.71	Sep 25, 2017	7.73	-0.25872803	7.76	-0.6443329
117	PRNYX	Dec 22, 2017	11.59	Sep 25, 2017	11.62	-0.25817108	11.65	-0.51501465
118	ANWPX	Dec 22, 2017	43.05	Sep 25, 2017	43.16	-0.25486755	45.18	-4.7144775
119	FSAZX	Dec 22, 2017	11.99	Sep 25, 2017	12.02	-0.24958801	12.06	-0.5804367
120	FINPX	Dec 22, 2017	12.05	Sep 25, 2017	12.08	-0.24834442	12.11	-0.49545288
121	FRESX	Dec 22, 2017	41.25	Sep 25, 2017	41.35	-0.24183655	42.29	-2.4592133
122	FSHBX	Dec 22, 2017	8.58	Sep 25, 2017	8.6	-0.23256683	8.58	0.0
123	FSIGX	Dec 22, 2017	11.23	Sep 25, 2017	11.25	-0.17778015	11.29	-0.53144836
124	PRIPX	Dec 22, 2017	11.75	Sep 25, 2017	11.77	-0.1699295	11.81	-0.508049
125	FRIFX	Dec 22, 2017	11.93	Sep 25, 2017	11.95	-0.1673584	12.03	-0.83125305
126	FTFMX	Dec 22, 2017	13.14	Sep 25, 2017	13.16	-0.15197754	13.22	-0.6051407
127	NHINX	Dec 22, 2017	8.67	Sep 25, 2017	8.68	-0.11521149	8.69	-0.23014832
128	USSTX	Dec 22, 2017	10.46	Sep 25, 2017	10.47	-0.09551239	10.47	-0.09551239
129	PBDDX	Dec 22, 2017	10.48	Sep 25, 2017	10.49	-0.095329285	10.56	-0.7575836
130	DRTAX	Dec 22, 2017	11.72	Sep 25, 2017	11.73	-0.085243225	11.79	-0.5937195
131	FCTFX	Dec 22, 2017	12.88	Sep 25, 2017	12.89	-0.07758331	12.96	-0.6172867
132	FSTSX	Dec 22, 2017	17.74	Sep 25, 2017	17.75	-0.05633545	17.5	1.3714294
133	FFIPX	Sep 06, 2017	9.93	Jun 07, 2017	9.93	0.0	9.93	0.0
134	DODIX	Dec 22, 2017	13.72	Sep 25, 2017	13.71	0.07294464	13.76	-0.2906952
135	USNYX	Dec 22, 2017	11.9	Sep 25, 2017	11.89	0.084098816	11.95	-0.41841125
136	FTABX	Dec 22, 2017	11.5	Sep 25, 2017	11.49	0.08703613	11.57	-0.605011
137	GTFBX	Dec 22, 2017	11.47	Sep 25, 2017	11.46	0.087265015	11.53	-0.5203781
138	PLMDX	Dec 22, 2017	9.35	Sep 25, 2017	9.34	0.10707092	9.33	0.2143631
139	PAUDX	Dec 22, 2017	8.99	Sep 25, 2017	8.98	0.11136627	8.95	0.44692993
140	SWHFX	Dec 22, 2017	24.25	Sep 25, 2017	24.22	0.12387085	24.33	-0.32881165
141	LQD	Dec 22, 2017	120.65	Sep 25, 2017	120.46	0.15772247	121.79	-0.93603516
142	FDMMX	Dec 22, 2017	12.18	Sep 25, 2017	12.16	0.16447449	12.25	-0.5714264
143	FMHTX	Dec 22, 2017	12.14	Sep 25, 2017	12.12	0.1650238	12.21	-0.5732956
144	FOHFX	Dec 22, 2017	12.12	Sep 25, 2017	12.1	0.1652832	12.19	-0.574234
145	VWELX	Dec 22, 2017	41.98	Sep 25, 2017	41.91	0.1670227	43.87	-4.308182
146	FNJHX	Dec 22, 2017	11.86	Sep 25, 2017	11.84	0.16892242	11.92	-0.50336456
147	NTFIX	Dec 22, 2017	11.53	Sep 25, 2017	11.51	0.17375946	11.59	-0.51769257
148	FNMIX	Dec 22, 2017	16.23	Sep 25, 2017	16.2	0.18518066	16.25	-0.12307739
149	PRTAX	Dec 22, 2017	10.12	Sep 25, 2017	10.1	0.19802094	10.17	-0.4916458
150	FSHFX	Sep 06, 2017	9.66	Jun 07, 2017	9.64	0.2074585	9.66	0.0
151	USATX	Dec 22, 2017	13.3	Sep 25, 2017	13.27	0.22606659	13.36	-0.44909668
152	FFKVX	Sep 13, 2017	13.25	Jun 14, 2017	13.22	0.22692871	13.23	0.15116882
153	VCITX	Dec 22, 2017	12.14	Sep 25, 2017	12.11	0.2477417	12.22	-0.6546631
154	FCBFX	Dec 22, 2017	11.61	Sep 25, 2017	11.58	0.25906372	11.69	-0.68434143
155	VWLTX	Dec 22, 2017	11.6	Sep 25, 2017	11.57	0.2592926	11.67	-0.599823
156	VPAIX	Dec 22, 2017	11.53	Sep 25, 2017	11.5	0.26086426	11.6	-0.6034546
157	VMATX	Dec 22, 2017	10.78	Sep 25, 2017	10.75	0.279068	10.84	-0.55350494
158	MDXBX	Dec 22, 2017	10.75	Sep 25, 2017	10.72	0.2798462	10.79	-0.37071228
159	FVLKX	Dec 22, 2017	120.97	Sep 25, 2017	120.62	0.29016876	119.57	1.1708603
160	FCNVX	Dec 22, 2017	10.04	Sep 25, 2017	10.01	0.29969025	10.04	0.0
161	PRVAX	Dec 22, 2017	11.98	Sep 25, 2017	11.94	0.33501434	12.03	-0.41562653
162	VOHIX	Dec 22, 2017	12.53	Sep 25, 2017	12.48	0.40063477	12.61	-0.6344147
163	FFKDX	Sep 13, 2017	14.94	Jun 14, 2017	14.88	0.40322876	14.92	0.13404846
164	XBI	Dec 22, 2017	84.59	Sep 25, 2017	84.25	0.40355682	81.82	3.3854752
165	PRINX	Dec 22, 2017	11.9	Sep 25, 2017	11.85	0.4219284	11.96	-0.50167084
166	VBLTX	Dec 22, 2017	14.23	Sep 25, 2017	14.17	0.4234314	14.51	-1.9297028
167	FBT	Dec 22, 2017	124.02	Sep 25, 2017	123.48	0.43730927	123.19	0.6737442
168	USVAX	Dec 22, 2017	11.3	Sep 25, 2017	11.25	0.44445038	11.35	-0.44052887
169	FSICX	Dec 22, 2017	11.13	Sep 25, 2017	11.08	0.45126343	11.14	-0.089767456
170	FHIFX	Dec 22, 2017	8.7	Sep 25, 2017	8.66	0.46189117	8.72	-0.22936249
171	FSRIX	Dec 22, 2017	12.58	Sep 25, 2017	12.52	0.4792328	12.6	-0.15872955	*BT*
172	FFKAX	Sep 13, 2017	12.04	Jun 14, 2017	11.98	0.5008316	12.02	0.16638184
173	USCBX	Dec 22, 2017	11.04	Sep 25, 2017	10.98	0.5464554	11.09	-0.45085907
174	PFODX	Dec 22, 2017	10.69	Sep 25, 2017	10.63	0.56443024	10.73	-0.37278748
175	FSRRX	Dec 22, 2017	8.79	Sep 25, 2017	8.74	0.5720825	8.78	0.1138916
176	FEDCX	Dec 22, 2017	10.32	Sep 25, 2017	10.26	0.5847931	10.34	-0.19342804
177	JPS	Dec 22, 2017	10.23	Sep 25, 2017	10.17	0.5899658	10.35	-1.1594315	*P*
178	FSNGX	Dec 22, 2017	23.76	Sep 25, 2017	23.62	0.59272003	22.36	6.2611847
179	USTEX	Dec 22, 2017	13.38	Sep 25, 2017	13.3	0.6015091	13.44	-0.4464264
180	VWAHX	Dec 22, 2017	11.38	Sep 25, 2017	11.31	0.6189194	11.44	-0.5244751
181	FSFFX	Sep 06, 2017	12.97	Jun 07, 2017	12.89	0.620636	12.97	0.0
182	DODFX	Dec 22, 2017	46.04	Sep 25, 2017	45.75	0.6338806	45.14	1.9937973
183	BCHYX	Dec 22, 2017	10.61	Sep 25, 2017	10.53	0.7597351	10.67	-0.5623245
184	FCSSX	Dec 22, 2017	5.3	Sep 25, 2017	5.26	0.7604599	5.2	1.9230804
185	VNQI	Dec 22, 2017	59.64	Sep 25, 2017	59.15	0.82839966	61.07	-2.3415756	*P*
186	FKTWX	Sep 13, 2017	15.81	Jun 14, 2017	15.68	0.8290787	15.79	0.12666321
187	PRFHX	Dec 22, 2017	12.04	Sep 25, 2017	11.94	0.83753204	12.09	-0.4135666
188	SMTFX	Dec 22, 2017	10.47	Sep 25, 2017	10.38	0.8670578	10.51	-0.38058472
189	FIBFX	Sep 06, 2017	11.35	Jun 07, 2017	11.25	0.8888931	11.35	0.0
190	JDD	Dec 22, 2017	12.4	Sep 25, 2017	12.29	0.8950348	12.23	1.3900299
191	SPHIX	Dec 22, 2017	8.98	Sep 25, 2017	8.9	0.8988724	8.98	0.0
192	PCRIX	Dec 22, 2017	6.72	Sep 25, 2017	6.66	0.9009018	6.58	2.1276627	*BT*
193	FFIGX	Sep 06, 2017	15.58	Jun 07, 2017	15.44	0.9067383	15.58	0.0
194	FKMCX	Dec 22, 2017	38.16	Sep 25, 2017	37.81	0.92567444	37.88	0.73916626
195	FFKEX	Sep 13, 2017	16.31	Jun 14, 2017	16.16	0.9282074	16.28	0.18426514
196	FPIOX	Dec 22, 2017	9.63	Sep 25, 2017	9.54	0.9433975	9.63	0.0
197	RERGX	Dec 22, 2017	55.76	Sep 25, 2017	55.23	0.95962524	56.85	-1.9173279
198	GWX	Dec 22, 2017	34.94	Sep 25, 2017	34.6	0.98265076	34.45	1.422348
199	FSTCX	Dec 22, 2017	59.09	Sep 25, 2017	58.5	1.0085449	58.15	1.6165009
200	FICDX	Dec 22, 2017	53.78	Sep 25, 2017	53.24	1.014267	52.76	1.9332886
201	REACX	Dec 22, 2017	27.85	Sep 25, 2017	27.57	1.0156021	28.47	-2.1777267
202	VGHCX	Dec 22, 2017	204.91	Sep 25, 2017	202.83	1.0254822	206.39	-0.7170868
203	VGHAX	Dec 22, 2017	86.41	Sep 25, 2017	85.53	1.0288849	87.03	-0.7123947
204	FFRHX	Dec 22, 2017	9.63	Sep 25, 2017	9.53	1.0493317	9.63	0.0
205	JPC	Dec 22, 2017	10.4	Sep 25, 2017	10.29	1.0690002	10.38	0.19268036
206	FZANX	Dec 22, 2017	32.1	Sep 25, 2017	31.76	1.0705261	32.0	0.31249237	*BT*
207	FASIX	Dec 22, 2017	13.7	Sep 25, 2017	13.55	1.1070099	13.71	-0.07293701
208	FEIKX	Dec 22, 2017	60.79	Sep 25, 2017	60.11	1.1312637	60.34	0.7457733
209	FFVNX	Sep 06, 2017	10.45	Jun 07, 2017	10.33	1.1616592	10.45	0.0
210	FEDFX	Sep 06, 2017	10.42	Jun 07, 2017	10.3	1.1650467	10.42	0.0
211	FFKFX	Sep 13, 2017	17.17	Jun 14, 2017	16.97	1.1785507	17.14	0.17503357
212	FSESX	Dec 22, 2017	44.63	Sep 25, 2017	44.1	1.2018204	41.46	7.6459274
213	FIUIX	Dec 22, 2017	26.07	Sep 25, 2017	25.76	1.2034149	26.5	-1.6226425
214	FKTHX	Sep 13, 2017	17.15	Jun 14, 2017	16.94	1.2396698	17.12	0.1752243
215	FIAFX	Dec 22, 2017	11.35	Sep 25, 2017	11.21	1.2488861	11.35	0.0	*BT*
216	VWESX	Dec 22, 2017	10.5	Sep 25, 2017	10.37	1.2536163	10.69	-1.777359
217	EIERX	Dec 22, 2017	17.53	Sep 25, 2017	17.31	1.2709503	18.52	-5.3455734	*BT*
218	PRPFX	Dec 22, 2017	40.69	Sep 25, 2017	40.16	1.3197174	40.35	0.8426285
219	FIRNX	Dec 22, 2017	58.39	Sep 25, 2017	57.62	1.3363495	58.37	0.03426361
220	FIKFX	Dec 22, 2017	12.01	Sep 25, 2017	11.85	1.3502121	12.02	-0.08319855
221	FIRMX	Dec 22, 2017	58.46	Sep 25, 2017	57.68	1.3522873	58.44	0.034225464
222	FFFAX	Dec 22, 2017	11.98	Sep 25, 2017	11.82	1.3536301	11.98	0.0
223	FSHNX	Dec 22, 2017	9.73	Sep 25, 2017	9.6	1.3541565	9.71	0.20597076
224	PASDX	Dec 22, 2017	12.26	Sep 25, 2017	12.09	1.4061203	12.23	0.24530792
225	FSMEX	Dec 22, 2017	44.09	Sep 25, 2017	43.42	1.5430679	44.65	-1.2542038
226	FSGEX	Dec 22, 2017	13.12	Sep 25, 2017	12.92	1.5479813	12.94	1.3910446
227	FIROX	Dec 22, 2017	59.6	Sep 25, 2017	58.69	1.5505219	59.56	0.06715393
228	FIRPX	Dec 22, 2017	58.86	Sep 25, 2017	57.95	1.5703201	58.83	0.050994873
229	FNORX	Dec 22, 2017	52.37	Sep 25, 2017	51.56	1.5709763	50.7	3.2938843
230	FFKHX	Sep 13, 2017	17.93	Jun 14, 2017	17.65	1.5864029	17.9	0.16759491
231	FFKGX	Sep 13, 2017	17.78	Jun 14, 2017	17.5	1.6000061	17.76	0.11261749
232	JPI	Dec 22, 2017	24.91	Sep 25, 2017	24.51	1.6319885	24.94	-0.12029266
233	FFSTX	Sep 06, 2017	17.44	Jun 07, 2017	17.15	1.6909714	17.44	0.0
234	FIGSX	Dec 22, 2017	16.04	Sep 25, 2017	15.77	1.71212	15.84	1.2626266
235	FOSKX	Dec 22, 2017	50.11	Sep 25, 2017	49.26	1.7255402	49.6	1.0282288
236	FCSFX	Sep 06, 2017	5.23	Jun 07, 2017	5.14	1.7509689	5.23	0.0
237	FTANX	Dec 22, 2017	11.27	Sep 25, 2017	11.07	1.8066864	11.27	0.0
238	NBB	Dec 22, 2017	21.79	Sep 25, 2017	21.4	1.8224335	21.85	-0.27459717
239	FFIVX	Dec 22, 2017	12.5	Sep 25, 2017	12.27	1.8744812	12.49	0.080062866	*BT*
240	SCHF	Dec 22, 2017	33.91	Sep 25, 2017	33.26	1.9543076	34.29	-1.1082001
241	FFFVX	Dec 22, 2017	12.85	Sep 25, 2017	12.6	1.9841309	12.84	0.07788086
242	FJIFX	Dec 22, 2017	13.61	Sep 25, 2017	13.34	2.0239868	13.61	0.0
243	FIRQX	Dec 22, 2017	57.55	Sep 25, 2017	56.39	2.0570984	57.46	0.15663147
244	MNBAX	Dec 22, 2017	17.25	Sep 25, 2017	16.9	2.0710144	17.24	0.058006287
245	FIRRX	Dec 22, 2017	53.97	Sep 25, 2017	52.85	2.1192093	53.88	0.16703796
246	OAKIX	Dec 22, 2017	28.36	Sep 25, 2017	27.76	2.1613846	27.92	1.5759354
247	PYVLX	Dec 22, 2017	16.69	Sep 25, 2017	16.33	2.2045364	17.52	-4.737442
248	FHLC	Dec 22, 2017	40.13	Sep 25, 2017	39.26	2.2160034	40.39	-0.6437149
249	FBAKX	Dec 22, 2017	23.73	Sep 25, 2017	23.18	2.3727264	23.71	0.084350586
250	FFANX	Dec 22, 2017	11.89	Sep 25, 2017	11.61	2.4117203	11.87	0.16848755
251	FIVLX	Dec 22, 2017	9.02	Sep 25, 2017	8.8	2.5	8.92	1.1210785
252	FCIFX	Dec 22, 2017	13.09	Sep 25, 2017	12.77	2.5058746	13.06	0.22970581	*BT*
253	FZAAX	Dec 22, 2017	21.24	Sep 25, 2017	20.72	2.5096512	21.23	0.047096252	*BT*
254	VWINX	Dec 22, 2017	26.84	Sep 25, 2017	26.18	2.5210037	26.93	-0.33420563
255	VHT	Dec 22, 2017	154.58	Sep 25, 2017	150.77	2.5270233	155.57	-0.6363754
256	FFFCX	Dec 22, 2017	16.54	Sep 25, 2017	16.13	2.5418625	16.5	0.24242401
257	FIRSX	Dec 22, 2017	54.78	Sep 25, 2017	53.42	2.545868	54.65	0.23786926
258	FKIFX	Dec 22, 2017	14.54	Sep 25, 2017	14.17	2.611145	14.52	0.13773346
259	GAOSX	Dec 22, 2017	18.78	Sep 25, 2017	18.3	2.622963	18.68	0.5353317
260	FEMSX	Dec 22, 2017	21.13	Sep 25, 2017	20.58	2.672493	20.68	2.1760101
261	SSSFX	Dec 22, 2017	26.12	Sep 25, 2017	25.44	2.6729584	25.55	2.2309265
262	FIRUX	Dec 22, 2017	59.55	Sep 25, 2017	57.98	2.7078247	59.4	0.2525177
263	SLYV	Dec 22, 2017	126.2	Sep 25, 2017	122.75	2.810585	124.61	1.2759781
264	FOSFX	Dec 22, 2017	50.23	Sep 25, 2017	48.8	2.9303284	49.72	1.025734
265	VSS	Dec 22, 2017	117.28	Sep 25, 2017	113.9	2.967514	116.48	0.68681335
266	FFVIX	Dec 22, 2017	13.36	Sep 25, 2017	12.97	3.0069351	13.32	0.3003006	*BT*
267	FIRVX	Dec 22, 2017	53.18	Sep 25, 2017	51.62	3.022087	53.02	0.3017807
268	EFA	Dec 22, 2017	70.11	Sep 25, 2017	68.0	3.1029434	69.97	0.20008087
269	FASMX	Dec 22, 2017	18.82	Sep 25, 2017	18.25	3.1232834	18.76	0.31982422
270	FFVFX	Dec 22, 2017	13.78	Sep 25, 2017	13.36	3.143715	13.74	0.29112244
271	FCNKX	Dec 22, 2017	122.84	Sep 25, 2017	119.02	3.2095413	122.97	-0.10572052	*P*
272	FLIFX	Dec 22, 2017	15.24	Sep 25, 2017	14.76	3.2520294	15.21	0.1972351
273	FIXRX	Dec 22, 2017	54.9	Sep 25, 2017	53.17	3.2537231	54.71	0.34729004
274	FIRWX	Dec 22, 2017	59.91	Sep 25, 2017	58.02	3.2574997	59.7	0.35176086
275	DBC	Dec 22, 2017	16.2	Sep 25, 2017	15.68	3.31633	15.84	2.2727356
276	PRHSX	Dec 22, 2017	70.38	Sep 25, 2017	68.1	3.3480148	70.19	0.27069092
277	FDIFX	Dec 22, 2017	14.45	Sep 25, 2017	13.98	3.3619537	14.4	0.34722137	*BT*
278	FDIVX	Dec 22, 2017	39.75	Sep 25, 2017	38.45	3.381012	39.34	1.0421982
279	VTIAX	Dec 22, 2017	30.24	Sep 25, 2017	29.25	3.384613	30.11	0.43175507	*P*
280	FCVSX	Dec 22, 2017	28.82	Sep 25, 2017	27.87	3.4086838	28.57	0.8750458
281	HDOGX	Dec 22, 2017	13.58	Sep 25, 2017	13.13	3.427269	13.52	0.443779
282	FIGRX	Dec 22, 2017	45.23	Sep 25, 2017	43.73	3.4301376	44.69	1.2083282
283	FDFAX	Dec 22, 2017	92.44	Sep 25, 2017	89.34	3.4698944	92.12	0.34737396
284	FFFDX	Dec 22, 2017	17.01	Sep 25, 2017	16.43	3.530136	16.95	0.35398102
285	FIEUX	Dec 22, 2017	41.8	Sep 25, 2017	40.37	3.5422363	41.0	1.9512177
286	JHMH	Dec 22, 2017	31.18	Sep 25, 2017	30.11	3.5536423	31.44	-0.82697296
287	JIGFX	Dec 22, 2017	32.5	Sep 25, 2017	31.38	3.5691528	32.04	1.4356995
288	FPIFX	Dec 22, 2017	16.03	Sep 25, 2017	15.47	3.6199112	15.99	0.25016022
289	VXUS	Dec 22, 2017	56.47	Sep 25, 2017	54.49	3.6336899	56.1	0.65953827
290	VEU	Dec 22, 2017	54.37	Sep 25, 2017	52.44	3.680397	54.0	0.68518066
291	JHMD	Dec 22, 2017	30.4	Sep 25, 2017	29.3	3.7542725	30.17	0.76234436
292	FSANX	Dec 22, 2017	12.89	Sep 25, 2017	12.42	3.7842178	12.84	0.38941193
293	FIENX	Dec 22, 2017	10.09	Sep 25, 2017	9.72	3.8065796	9.96	1.3052216
294	FITWX	Dec 22, 2017	14.43	Sep 25, 2017	13.9	3.8129578	14.37	0.4175415	*BT*
295	FSIIX	Dec 22, 2017	42.92	Sep 25, 2017	41.33	3.8470764	42.42	1.1786957
296	FSIVX	Dec 22, 2017	42.92	Sep 25, 2017	41.31	3.8973541	42.42	1.1786957	*P*
297	FFTWX	Dec 22, 2017	14.75	Sep 25, 2017	14.19	3.9464493	14.68	0.47683716
298	SPLV	Dec 22, 2017	47.46	Sep 25, 2017	45.65	3.9649506	48.15	-1.4330292	*P*
299	FQIFX	Dec 22, 2017	17.03	Sep 25, 2017	16.38	3.9682617	16.98	0.29447174
300	FSDIX	Dec 22, 2017	16.08	Sep 25, 2017	15.45	4.077675	16.11	-0.18622589
301	FDEKX	Dec 22, 2017	38.88	Sep 25, 2017	37.35	4.09639	38.64	0.62112427
302	FSGDX	Dec 22, 2017	13.41	Sep 25, 2017	12.88	4.1148987	13.23	1.3605499	*BT*
303	FUSIX	Dec 22, 2017	10.83	Sep 25, 2017	10.4	4.1346207	10.72	1.0261154
304	VTMGX	Dec 22, 2017	14.3	Sep 25, 2017	13.73	4.151497	14.13	1.2031174
305	VEVRX	Dec 22, 2017	40.83	Sep 25, 2017	39.19	4.184746	41.45	-1.4957733	*BT**P*
306	HAO	Dec 22, 2017	29.96	Sep 25, 2017	28.75	4.2086945	29.16	2.7434845
307	EEM	Dec 22, 2017	46.5	Sep 25, 2017	44.61	4.236725	46.17	0.7147522
308	FDYSX	Dec 22, 2017	10.05	Sep 25, 2017	9.64	4.253113	9.99	0.6006012
309	FBMPX	Dec 22, 2017	80.33	Sep 25, 2017	77.05	4.2569733	79.88	0.56334686
310	FGBLX	Dec 22, 2017	24.94	Sep 25, 2017	23.92	4.2642136	24.86	0.32180786
311	FPUKX	Dec 22, 2017	23.41	Sep 25, 2017	22.45	4.276169	23.35	0.256958
312	VGTSX	Dec 22, 2017	18.08	Sep 25, 2017	17.33	4.327751	17.83	1.4021301
313	FBALX	Dec 22, 2017	23.74	Sep 25, 2017	22.75	4.351654	23.72	0.08432007
314	FGDKX	Dec 22, 2017	32.65	Sep 25, 2017	31.28	4.379799	32.66	-0.03060913
315	FIREX	Dec 22, 2017	11.42	Sep 25, 2017	10.94	4.3875732	11.34	0.7054672
316	RWX	Dec 22, 2017	40.06	Sep 25, 2017	38.37	4.4044876	39.86	0.5017624
317	XT	Dec 22, 2017	35.47	Sep 25, 2017	33.97	4.415657	35.31	0.453125
318	ACWV	Dec 22, 2017	83.89	Sep 25, 2017	80.33	4.4317093	84.02	-0.15472412
319	FILFX	Dec 22, 2017	11.76	Sep 25, 2017	11.26	4.4404984	11.64	1.0309219
320	MOO	Dec 22, 2017	61.31	Sep 25, 2017	58.67	4.499748	61.05	0.42588806
321	FIGFX	Dec 22, 2017	13.6	Sep 25, 2017	13.01	4.534973	13.44	1.1904831
322	FSPCX	Dec 22, 2017	79.25	Sep 25, 2017	75.79	4.565239	79.64	-0.48970795
323	ICENX	Dec 22, 2017	12.76	Sep 25, 2017	12.2	4.590164	12.06	5.8043137
324	FASGX	Dec 22, 2017	23.22	Sep 25, 2017	22.2	4.594589	23.09	0.56301117
325	FEFIX	Dec 22, 2017	15.68	Sep 25, 2017	14.99	4.603073	15.59	0.5772934	*P*
326	FMIMX	Dec 22, 2017	26.59	Sep 25, 2017	25.41	4.6438446	26.42	0.6434555
327	FSLVX	Dec 22, 2017	20.75	Sep 25, 2017	19.82	4.69223	20.61	0.6792755
328	FTIEX	Dec 22, 2017	9.24	Sep 25, 2017	8.82	4.7619095	9.11	1.4270096
329	VWO	Dec 22, 2017	45.43	Sep 25, 2017	43.36	4.773987	44.43	2.2507324
330	FFFEX	Dec 22, 2017	18.56	Sep 25, 2017	17.71	4.7995453	18.44	0.6507492
331	PSCE	Dec 22, 2017	15.24	Sep 25, 2017	14.54	4.8143005	14.3	6.5734253	*P*
332	FXIFX	Dec 22, 2017	17.97	Sep 25, 2017	17.13	4.9036713	17.89	0.44717407
333	OAKBX	Dec 22, 2017	32.22	Sep 25, 2017	30.7	4.9511414	32.0	0.6875
334	UGA	Dec 22, 2017	31.31	Sep 25, 2017	29.8	5.067108	29.87	4.8208847
335	FSAMX	Dec 22, 2017	11.4	Sep 25, 2017	10.85	5.0691147	11.23	1.5138016
336	FIVFX	Dec 22, 2017	20.86	Sep 25, 2017	19.85	5.0881653	20.65	1.0169525
337	VTRIX	Dec 22, 2017	39.68	Sep 25, 2017	37.72	5.1961746	39.23	1.1470795
338	EEH	Dec 22, 2017	19.31	Sep 25, 2017	18.35	5.2316055	19.31	0.0
339	FISMX	Dec 22, 2017	29.56	Sep 25, 2017	28.09	5.233177	29.07	1.685585
340	FDVLX	Dec 22, 2017	120.89	Sep 25, 2017	114.87	5.2407	119.48	1.1801147
341	TWEBX	Dec 22, 2017	24.19	Sep 25, 2017	22.98	5.2654495	24.1	0.3734436
342	FVDKX	Dec 22, 2017	29.0	Sep 25, 2017	27.54	5.3013763	28.83	0.5896683
343	FITHX	Dec 22, 2017	15.33	Sep 25, 2017	14.55	5.360817	15.22	0.72273254	*BT*
344	PCBIX	Dec 22, 2017	27.18	Sep 25, 2017	25.79	5.389679	27.21	-0.11025238	*BT**P*
345	FIFFX	Dec 22, 2017	16.41	Sep 25, 2017	15.57	5.3949966	16.3	0.6748581	*BT*
346	FFFPX	Dec 22, 2017	12.65	Sep 25, 2017	12.0	5.416664	12.56	0.71655273	*BT*
347	FPURX	Dec 22, 2017	23.43	Sep 25, 2017	22.22	5.445549	23.37	0.25674438
348	FDKQX	Dec 22, 2017	12.18	Sep 25, 2017	11.55	5.4545517	12.09	0.7444153	*BT*
349	FFFIX	Dec 22, 2017	12.71	Sep 25, 2017	12.05	5.4771805	12.62	0.71315765	*BT*
350	FHFIX	Dec 22, 2017	13.79	Sep 25, 2017	13.07	5.5088043	13.69	0.73046875	*BT*
351	FFNOX	Dec 22, 2017	45.31	Sep 25, 2017	42.94	5.519333	45.1	0.46564484
352	JPIN	Dec 22, 2017	60.77	Sep 25, 2017	57.59	5.521797	60.17	0.9971771
353	FFTHX	Dec 22, 2017	15.63	Sep 25, 2017	14.81	5.5367966	15.51	0.77368927
354	XLE	Dec 22, 2017	71.97	Sep 25, 2017	68.17	5.5743103	68.72	4.729332
355	VT	Dec 22, 2017	74.1	Sep 25, 2017	70.18	5.5856323	73.87	0.31134796
356	IBM	Dec 22, 2017	152.5	Sep 25, 2017	144.43	5.5874786	152.5	0.0
357	FAMRX	Dec 22, 2017	20.13	Sep 25, 2017	19.06	5.6138535	19.98	0.7507477
358	RPMGX	Dec 22, 2017	87.27	Sep 25, 2017	82.61	5.6409607	86.88	0.44889832
359	FFFFX	Dec 22, 2017	10.98	Sep 25, 2017	10.39	5.6785355	10.9	0.73394775
360	FFFGX	Dec 22, 2017	12.42	Sep 25, 2017	11.75	5.7021255	12.32	0.8116989
361	FIHFX	Dec 22, 2017	19.06	Sep 25, 2017	18.03	5.7127	18.95	0.5804672
362	FEQIX	Dec 22, 2017	60.83	Sep 25, 2017	57.54	5.717766	60.38	0.74528503
363	FFFHX	Dec 22, 2017	12.49	Sep 25, 2017	11.81	5.7578354	12.39	0.8070984
364	FFSMX	Dec 22, 2017	76.6	Sep 25, 2017	72.42	5.7718887	76.27	0.4326706
365	EEMV	Dec 22, 2017	60.19	Sep 25, 2017	56.9	5.7820663	59.08	1.8787994
366	GTSGX	Dec 22, 2017	10.2	Sep 25, 2017	9.64	5.809128	10.16	0.39369965
367	FIPFX	Dec 22, 2017	19.44	Sep 25, 2017	18.37	5.824707	19.32	0.62112427
368	FENY	Dec 22, 2017	19.96	Sep 25, 2017	18.86	5.832443	19.0	5.0526276
369	FSLSX	Dec 22, 2017	45.35	Sep 25, 2017	42.85	5.834305	44.91	0.9797363
370	FBIFX	Dec 22, 2017	19.21	Sep 25, 2017	18.15	5.8402176	19.09	0.62859344
371	FIOFX	Dec 22, 2017	19.35	Sep 25, 2017	18.28	5.8533936	19.23	0.62402344
372	FVSKX	Dec 22, 2017	45.35	Sep 25, 2017	42.84	5.859009	44.91	0.9797363
373	EPU	Dec 22, 2017	40.72	Sep 25, 2017	38.45	5.9037704	37.48	8.644615
374	FEQTX	Dec 22, 2017	30.21	Sep 25, 2017	28.52	5.925659	30.01	0.6664429
375	FSAVX	Dec 22, 2017	37.51	Sep 25, 2017	35.41	5.930519	37.19	0.8604431	*P*
376	FVDFX	Dec 22, 2017	28.99	Sep 25, 2017	27.36	5.9576035	28.82	0.58987427
377	FETKX	Dec 22, 2017	30.21	Sep 25, 2017	28.51	5.9628143	30.02	0.63290405
378	FXI	Dec 22, 2017	45.98	Sep 25, 2017	43.39	5.969116	45.75	0.5027313
379	FMCSX	Dec 22, 2017	38.16	Sep 25, 2017	36.0	5.9999924	37.88	0.73916626
380	FWRLX	Dec 22, 2017	10.14	Sep 25, 2017	9.56	6.0669403	10.02	1.1976013	*P*
381	FDSCX	Dec 22, 2017	26.46	Sep 25, 2017	24.94	6.0946198	26.28	0.6849289
382	FSOPX	Dec 22, 2017	14.03	Sep 25, 2017	13.22	6.127075	13.94	0.64562225
383	FFGCX	Dec 22, 2017	12.99	Sep 25, 2017	12.24	6.1274567	12.54	3.5885086
384	JMIEX	Dec 22, 2017	29.69	Sep 25, 2017	27.97	6.1494446	29.15	1.8524857	*BT*
385	FIDU	Dec 22, 2017	38.61	Sep 25, 2017	36.34	6.246567	38.16	1.179245
386	PENNX	Dec 22, 2017	10.53	Sep 25, 2017	9.91	6.2563095	10.44	0.8620758
387	IWM	Dec 22, 2017	153.19	Sep 25, 2017	144.15	6.2712555	152.24	0.6240158
388	FSCDX	Dec 22, 2017	29.48	Sep 25, 2017	27.73	6.3108597	29.21	0.9243393
389	RWJ	Dec 22, 2017	70.22	Sep 25, 2017	66.03	6.345604	69.31	1.3129501
390	FLPKX	Dec 22, 2017	54.27	Sep 25, 2017	51.03	6.349205	53.44	1.5531387
391	FFDKX	Dec 22, 2017	45.41	Sep 25, 2017	42.68	6.3964386	45.5	-0.19780731
392	PRFDX	Dec 22, 2017	33.42	Sep 25, 2017	31.4	6.4331207	33.32	0.30012512
393	FSCGX	Dec 22, 2017	43.87	Sep 25, 2017	41.21	6.4547424	43.36	1.1761932
394	VDE	Dec 22, 2017	98.56	Sep 25, 2017	92.58	6.4592743	93.81	5.063423
395	VO	Dec 22, 2017	154.72	Sep 25, 2017	145.33	6.4611588	154.23	0.3177185
396	FSCHX	Dec 22, 2017	177.97	Sep 25, 2017	167.11	6.4987183	174.07	2.2404785
397	XLB	Dec 22, 2017	60.34	Sep 25, 2017	56.65	6.5136795	59.08	2.1327057	*P*
398	PEQKX	Dec 22, 2017	35.87	Sep 25, 2017	33.67	6.534004	35.73	0.39183044	*BT*
399	FSCRX	Dec 22, 2017	29.99	Sep 25, 2017	28.15	6.536415	29.65	1.1467133
400	VB	Dec 22, 2017	147.91	Sep 25, 2017	138.83	6.540367	146.95	0.6532898
401	FCPEX	Dec 22, 2017	14.1	Sep 25, 2017	13.23	6.575966	13.93	1.2203903
402	RYTRX	Dec 22, 2017	13.59	Sep 25, 2017	12.75	6.588234	13.4	1.4179077	*BT*
403	VEIPX	Dec 22, 2017	37.16	Sep 25, 2017	34.85	6.6284027	37.08	0.21574402
404	FSCOX	Dec 22, 2017	19.12	Sep 25, 2017	17.93	6.6369324	18.87	1.3248596
405	VHDYX	Dec 22, 2017	33.94	Sep 25, 2017	31.82	6.6624756	33.87	0.20667267
406	FSDPX	Dec 22, 2017	90.52	Sep 25, 2017	84.85	6.6823807	88.27	2.548996
407	PRMTX	Dec 22, 2017	96.8	Sep 25, 2017	90.71	6.7137146	96.31	0.50878906
408	FMILX	Dec 22, 2017	43.15	Sep 25, 2017	40.43	6.727684	42.7	1.0538712
409	FGIKX	Dec 22, 2017	37.91	Sep 25, 2017	35.52	6.7285995	37.48	1.1472855
410	BRSVX	Dec 22, 2017	26.72	Sep 25, 2017	25.03	6.751892	26.31	1.558342
411	FWWFX	Dec 22, 2017	26.35	Sep 25, 2017	24.68	6.766617	26.22	0.49580383
412	PRNHX	Dec 22, 2017	52.69	Sep 25, 2017	49.35	6.76799	52.21	0.9193649
413	RSP	Dec 22, 2017	101.07	Sep 25, 2017	94.66	6.771599	100.34	0.72753143
414	THD	Dec 22, 2017	91.81	Sep 25, 2017	85.98	6.7806396	91.74	0.076309204
415	YAFFX	Dec 22, 2017	23.6	Sep 25, 2017	22.1	6.7873383	23.59	0.042388916
416	VIS	Dec 22, 2017	141.95	Sep 25, 2017	132.87	6.83374	140.18	1.2626648
417	VEXMX	Dec 22, 2017	84.95	Sep 25, 2017	79.5	6.8553467	84.12	0.9866867
418	VIMSX	Dec 22, 2017	42.24	Sep 25, 2017	39.53	6.8555603	41.94	0.7153168
419	ASHR	Dec 22, 2017	30.95	Sep 25, 2017	28.96	6.871559	30.44	1.6754303
420	VEXAX	Dec 22, 2017	84.91	Sep 25, 2017	79.44	6.8856964	84.07	0.999176	*P*
421	VWNFX	Dec 22, 2017	37.93	Sep 25, 2017	35.48	6.905304	37.54	1.038887
422	IJS	Dec 22, 2017	154.13	Sep 25, 2017	144.15	6.923355	152.85	0.8374176
423	PRF	Dec 22, 2017	113.76	Sep 25, 2017	106.37	6.9474487	113.45	0.2732544
424	VAW	Dec 22, 2017	136.18	Sep 25, 2017	127.32	6.9588394	133.02	2.3755798
425	FBCVX	Dec 22, 2017	19.65	Sep 25, 2017	18.37	6.9678802	19.5	0.7692337
426	FSEMX	Dec 22, 2017	62.15	Sep 25, 2017	58.1	6.970749	61.53	1.007637
427	FSEVX	Dec 22, 2017	62.15	Sep 25, 2017	58.09	6.9891586	61.53	1.007637
428	FGRTX	Dec 22, 2017	17.5	Sep 25, 2017	16.35	7.0336304	17.36	0.8064499
429	NAESX	Dec 22, 2017	70.83	Sep 25, 2017	66.17	7.042465	70.04	1.127922
430	YACKX	Dec 22, 2017	25.3	Sep 25, 2017	23.63	7.0672836	25.3	0.0
431	VWNDX	Dec 22, 2017	23.49	Sep 25, 2017	21.93	7.1135406	23.27	0.94542694
432	IJR	Dec 22, 2017	77.06	Sep 25, 2017	71.94	7.117035	76.63	0.56114197
433	SEQUX	Dec 22, 2017	170.05	Sep 25, 2017	158.75	7.1181183	170.04	0.0058898926
434	FLCSX	Dec 22, 2017	33.53	Sep 25, 2017	31.3	7.1246033	33.16	1.115799
435	FEMKX	Dec 22, 2017	32.4	Sep 25, 2017	30.24	7.142868	31.76	2.0151138	*P*
436	VTV	Dec 22, 2017	106.44	Sep 25, 2017	99.32	7.168747	106.43	0.009391785
437	FDSVX	Dec 22, 2017	32.64	Sep 25, 2017	30.45	7.192108	32.65	-0.030639648
438	FGRIX	Dec 22, 2017	37.95	Sep 25, 2017	35.4	7.2033844	37.52	1.1460571
439	FSDAX	Dec 22, 2017	166.51	Sep 25, 2017	155.32	7.2044754	166.43	0.048065186
440	CGMFX	Dec 22, 2017	53.69	Sep 25, 2017	50.06	7.251297	51.98	3.2897263
441	MFVSX	Dec 22, 2017	16.93	Sep 25, 2017	15.78	7.2877045	16.98	-0.29445648
442	VTI	Dec 22, 2017	137.52	Sep 25, 2017	128.16	7.3033676	137.55	-0.021812439
443	JATTX	Dec 22, 2017	28.57	Sep 25, 2017	26.62	7.3253174	28.38	0.6694946
444	FDSSX	Dec 22, 2017	45.68	Sep 25, 2017	42.56	7.330826	45.4	0.616745
445	DODGX	Dec 22, 2017	204.62	Sep 25, 2017	190.64	7.3331985	201.37	1.6139374
446	FSSKX	Dec 22, 2017	45.73	Sep 25, 2017	42.59	7.3726196	45.45	0.61605835
447	FCPGX	Dec 22, 2017	24.72	Sep 25, 2017	23.02	7.3848724	24.5	0.89795685	*P*
448	MLAIX	Dec 22, 2017	9.74	Sep 25, 2017	9.07	7.3869934	9.78	-0.40899658	*BT**P*
449	CXXRX	Dec 22, 2017	25.44	Sep 25, 2017	23.69	7.3870773	25.25	0.7524719	*BT*
450	PARWX	Dec 22, 2017	38.24	Sep 25, 2017	35.59	7.445923	38.25	-0.026138306
451	SPY	Dec 22, 2017	267.51	Sep 25, 2017	248.93	7.4639587	266.51	0.37522125	*P*
452	VFIAX	Dec 22, 2017	247.63	Sep 25, 2017	230.41	7.473633	248.08	-0.18139648	*P*
453	VFINX	Dec 22, 2017	247.63	Sep 25, 2017	230.4	7.4783096	248.02	-0.15724182
454	IVV	Dec 22, 2017	269.46	Sep 25, 2017	250.61	7.5216446	269.79	-0.12232971
455	FDCAX	Dec 22, 2017	35.22	Sep 25, 2017	32.75	7.541992	34.93	0.8302307
456	JASCX	Dec 22, 2017	30.54	Sep 25, 2017	28.38	7.611	29.94	2.0040054
457	FLVEX	Dec 22, 2017	13.23	Sep 25, 2017	12.29	7.648491	13.13	0.7616043	*P*
458	JHMM	Dec 22, 2017	34.36	Sep 25, 2017	31.91	7.677841	34.05	0.9104233
459	JHMS	Dec 22, 2017	27.79	Sep 25, 2017	25.8	7.713188	27.74	0.18024445
460	VUG	Dec 22, 2017	141.14	Sep 25, 2017	131.01	7.732239	141.54	-0.2826004
461	VTSMX	Dec 22, 2017	66.89	Sep 25, 2017	62.07	7.7654266	66.62	0.40527344
462	VTSAX	Dec 22, 2017	66.91	Sep 25, 2017	62.08	7.7802887	66.64	0.40516663
463	FSDCX	Dec 22, 2017	36.45	Sep 25, 2017	33.81	7.808342	36.16	0.8019943
464	FSTMX	Dec 22, 2017	76.6	Sep 25, 2017	71.05	7.8113937	76.27	0.4326706
465	FSTVX	Dec 22, 2017	76.59	Sep 25, 2017	71.03	7.827675	76.27	0.41955566
466	HLIEX	Dec 22, 2017	17.45	Sep 25, 2017	16.18	7.849205	17.33	0.6924515
467	FSLCX	Dec 22, 2017	19.63	Sep 25, 2017	18.2	7.857132	19.4	1.1855621
468	DGRO	Dec 22, 2017	34.85	Sep 25, 2017	32.31	7.861328	34.92	-0.20045471	*P*
469	JHML	Dec 22, 2017	35.09	Sep 25, 2017	32.52	7.9028244	34.97	0.34314728
470	EES	Dec 22, 2017	36.55	Sep 25, 2017	33.87	7.912613	35.96	1.6407166
471	FLSAX	Dec 22, 2017	43.5	Sep 25, 2017	40.31	7.913658	42.43	2.5218048
472	CHTTX	Dec 22, 2017	45.77	Sep 25, 2017	42.41	7.922661	45.17	1.3283234
473	FLPSX	Dec 22, 2017	54.33	Sep 25, 2017	50.34	7.9261093	53.49	1.5703888
474	PYZ	Dec 22, 2017	69.94	Sep 25, 2017	64.8	7.932106	68.1	2.701912
475	FLVCX	Dec 22, 2017	33.48	Sep 25, 2017	31.01	7.965172	32.74	2.2602234
476	FLCKX	Dec 22, 2017	33.55	Sep 25, 2017	31.07	7.9819794	32.8	2.2865906
477	FUSEX	Dec 22, 2017	93.74	Sep 25, 2017	86.81	7.982956	93.46	0.2995987
478	JHME	Dec 22, 2017	29.73	Sep 25, 2017	27.53	7.9912796	28.13	5.6878815
479	FUSVX	Dec 22, 2017	93.76	Sep 25, 2017	86.81	8.005997	93.48	0.2995224	*P*
480	VOO	Dec 22, 2017	247.01	Sep 25, 2017	228.7	8.006119	246.12	0.3616104	*P*
481	PSCM	Dec 22, 2017	51.87	Sep 25, 2017	48.02	8.017494	50.81	2.086197
482	EWJ	Dec 22, 2017	60.01	Sep 25, 2017	55.55	8.028809	59.9	0.1836319
483	VIG	Dec 22, 2017	101.9	Sep 25, 2017	94.26	8.10524	101.99	-0.08824158
484	PRGFX	Dec 22, 2017	62.96	Sep 25, 2017	58.21	8.16011	63.17	-0.3324356
485	ROBO	Dec 22, 2017	41.35	Sep 25, 2017	38.23	8.161125	40.39	2.3768158
486	FSLEX	Dec 22, 2017	26.33	Sep 25, 2017	24.34	8.175835	26.11	0.8425827
487	VOOG	Dec 22, 2017	137.55	Sep 25, 2017	127.09	8.230385	138.16	-0.44151306
488	FCSAX	Dec 22, 2017	18.8	Sep 25, 2017	17.37	8.232567	18.69	0.58854675
489	VHCOX	Dec 22, 2017	66.91	Sep 25, 2017	61.77	8.321205	66.71	0.29981232
490	FOHIX	Dec 22, 2017	17.44	Sep 25, 2017	16.1	8.322975	17.41	0.1723175
491	FDFFX	Dec 22, 2017	42.49	Sep 25, 2017	39.22	8.337578	42.2	0.68720245
492	VICEX	Dec 22, 2017	32.07	Sep 25, 2017	29.6	8.344589	31.89	0.5644455
493	FSCFX	Dec 22, 2017	15.96	Sep 25, 2017	14.73	8.350311	15.78	1.140686
494	FDEGX	Dec 22, 2017	41.3	Sep 25, 2017	38.11	8.370506	41.1	0.48662567	*P*
495	RZV	Dec 22, 2017	73.52	Sep 25, 2017	67.84	8.3726425	72.71	1.1140137
496	FAGKX	Dec 22, 2017	41.63	Sep 25, 2017	38.41	8.38324	41.43	0.48273468
497	JHMI	Dec 22, 2017	35.3	Sep 25, 2017	32.56	8.415222	34.93	1.0592575
498	FDEQX	Dec 22, 2017	38.95	Sep 25, 2017	35.91	8.465614	38.7	0.6459961
499	AGTHX	Dec 22, 2017	49.61	Sep 25, 2017	45.73	8.484589	49.23	0.77188873
500	FVSAX	Dec 22, 2017	21.12	Sep 25, 2017	19.46	8.530334	20.91	1.0043182
501	FEMFX	Sep 06, 2017	20.73	Jun 07, 2017	19.09	8.590874	20.73	0.0
502	LEXCX	Dec 22, 2017	38.2	Sep 25, 2017	35.17	8.615303	37.6	1.5957489
503	FTRNX	Dec 22, 2017	99.94	Sep 25, 2017	91.92	8.724991	99.68	0.26084137
504	FCYIX	Dec 22, 2017	36.73	Sep 25, 2017	33.78	8.732986	36.12	1.6888123
505	FMAGX	Dec 22, 2017	104.93	Sep 25, 2017	96.45	8.7921295	104.31	0.59439087
506	FMGKX	Dec 22, 2017	104.77	Sep 25, 2017	96.28	8.818031	104.15	0.59529877
507	FEMEX	Dec 22, 2017	10.1	Sep 25, 2017	9.28	8.836212	9.66	4.5548706
508	FEXPX	Dec 22, 2017	22.29	Sep 25, 2017	20.48	8.837906	22.06	1.0426178
509	FEXKX	Dec 22, 2017	22.24	Sep 25, 2017	20.43	8.859512	22.01	1.0449753
510	PRGTX	Dec 22, 2017	17.0	Sep 25, 2017	15.61	8.904556	17.12	-0.70093536
511	POGSX	Dec 22, 2017	66.19	Sep 25, 2017	60.77	8.918884	65.76	0.65390015
512	RTM	Dec 22, 2017	111.84	Sep 25, 2017	102.66	8.942123	109.67	1.9786606
513	FCPVX	Dec 22, 2017	20.38	Sep 25, 2017	18.7	8.983948	20.28	0.49308777
514	MVALX	Dec 22, 2017	41.73	Sep 25, 2017	38.28	9.012543	41.19	1.3110046
515	FSMVX	Dec 22, 2017	26.59	Sep 25, 2017	24.39	9.020088	26.37	0.8342743
516	FNARX	Dec 22, 2017	29.78	Sep 25, 2017	27.31	9.044312	27.78	7.199417
517	FFIDX	Dec 22, 2017	45.43	Sep 25, 2017	41.66	9.049454	45.52	-0.19771576
518	FSGFX	Dec 22, 2017	19.44	Sep 25, 2017	17.82	9.090912	19.41	0.1545639
519	FPBFX	Dec 22, 2017	35.18	Sep 25, 2017	32.24	9.1191025	34.71	1.3540726	*P*
520	FCNTX	Dec 22, 2017	122.92	Sep 25, 2017	112.64	9.126427	123.05	-0.105651855	*P*
521	FSEAX	Dec 22, 2017	44.62	Sep 25, 2017	40.87	9.17543	43.84	1.7791977	*P*
522	FSENX	Dec 22, 2017	44.24	Sep 25, 2017	40.52	9.180656	41.22	7.3265457
523	ONEQ	Dec 22, 2017	273.43	Sep 25, 2017	250.38	9.205994	272.15	0.47032928
524	FMEIX	Dec 22, 2017	15.67	Sep 25, 2017	14.34	9.274757	15.5	1.0967712
525	FSAIX	Dec 22, 2017	84.43	Sep 25, 2017	77.19	9.379448	83.32	1.3322144	*P*
526	FNCMX	Dec 22, 2017	92.04	Sep 25, 2017	84.13	9.4021225	91.77	0.29421997	*P*
527	FLCEX	Dec 22, 2017	14.73	Sep 25, 2017	13.46	9.435356	14.66	0.4774933
528	JHMA	Dec 22, 2017	35.71	Sep 25, 2017	32.62	9.472717	34.76	2.7330246
529	FGCKX	Dec 22, 2017	188.02	Sep 25, 2017	171.75	9.473076	187.59	0.22922516
530	STCEX	Dec 22, 2017	10.35	Sep 25, 2017	9.45	9.523819	10.2	1.4705887
531	SCHD	Dec 22, 2017	51.17	Sep 25, 2017	46.72	9.524826	51.16	0.01953888
532	FXZ	Dec 22, 2017	43.6	Sep 25, 2017	39.78	9.602821	42.22	3.2685852
533	FOCPX	Dec 22, 2017	110.89	Sep 25, 2017	101.08	9.705185	111.0	-0.099098206
534	FBGRX	Dec 22, 2017	88.33	Sep 25, 2017	80.5	9.726715	88.06	0.30661774
535	FBSOX	Dec 22, 2017	54.48	Sep 25, 2017	49.64	9.750198	54.64	-0.2928238
536	FSRFX	Dec 22, 2017	104.53	Sep 25, 2017	95.24	9.754311	102.34	2.139923
537	FJPNX	Dec 22, 2017	15.49	Sep 25, 2017	14.11	9.780296	15.39	0.64977264
538	JHMC	Dec 22, 2017	30.82	Sep 25, 2017	28.07	9.796944	30.47	1.148674
539	FSPTX	Dec 22, 2017	180.56	Sep 25, 2017	164.34	9.8697815	181.35	-0.43562317
540	FATIX	Dec 22, 2017	58.03	Sep 25, 2017	52.81	9.884491	58.3	-0.4631195	*BT**P*
541	KRE	Dec 22, 2017	59.95	Sep 25, 2017	54.54	9.919319	59.07	1.4897614
542	FJSCX	Dec 22, 2017	18.87	Sep 25, 2017	17.15	10.02916	18.83	0.21243286
543	FNCL	Dec 22, 2017	41.01	Sep 25, 2017	37.27	10.034874	40.66	0.8608017
544	FTQGX	Dec 22, 2017	22.72	Sep 25, 2017	20.63	10.130882	22.74	-0.08795166
545	FDLSX	Dec 22, 2017	165.69	Sep 25, 2017	150.36	10.195526	165.23	0.27840424
546	QQQ	Dec 22, 2017	157.37	Sep 25, 2017	142.8	10.203079	157.65	-0.1776123
547	FSHCX	Dec 22, 2017	90.04	Sep 25, 2017	81.58	10.370186	90.11	-0.077682495
548	XLF	Dec 22, 2017	28.05	Sep 25, 2017	25.4	10.433067	27.81	0.8630066
549	RFV	Dec 22, 2017	69.94	Sep 25, 2017	63.32	10.454834	68.34	2.3412476
550	FHKCX	Dec 22, 2017	35.82	Sep 25, 2017	32.42	10.48735	34.73	3.1384964	*P*
551	USO	Dec 22, 2017	11.66	Sep 25, 2017	10.55	10.521332	11.46	1.7452011
552	VFH	Dec 22, 2017	70.48	Sep 25, 2017	63.77	10.522202	69.86	0.8874893
553	JHMF	Dec 22, 2017	37.13	Sep 25, 2017	33.56	10.637665	36.82	0.84194183
554	FDCPX	Dec 22, 2017	89.7	Sep 25, 2017	81.01	10.727058	89.44	0.2906952
555	BOTZ	Dec 22, 2017	23.77	Sep 25, 2017	21.43	10.919273	23.31	1.9734039	*P*
556	JHMT	Dec 22, 2017	41.56	Sep 25, 2017	37.4	11.122986	41.56	0.0
557	FLGEX	Dec 22, 2017	19.03	Sep 25, 2017	17.1	11.28656	18.99	0.21063995
558	FSRBX	Dec 22, 2017	35.89	Sep 25, 2017	32.23	11.355881	35.33	1.5850449
559	DIA	Dec 22, 2017	247.4	Sep 25, 2017	222.11	11.386253	246.25	0.46700287
560	FSHOX	Dec 22, 2017	64.24	Sep 25, 2017	57.65	11.431038	63.17	1.6938477
561	FSVLX	Dec 22, 2017	16.27	Sep 25, 2017	14.58	11.591217	16.07	1.2445602
562	FIDSX	Dec 22, 2017	114.79	Sep 25, 2017	102.8	11.663422	113.75	0.9142914
563	FSLBX	Dec 22, 2017	81.97	Sep 25, 2017	73.3	11.828102	81.46	0.62607574	*P*
564	XTN	Dec 22, 2017	65.84	Sep 25, 2017	58.86	11.858643	63.8	3.1974945	*P*
565	FTEC	Dec 22, 2017	50.45	Sep 25, 2017	45.09	11.887337	50.54	-0.1780777
566	VGT	Dec 22, 2017	166.34	Sep 25, 2017	148.13	12.293259	166.46	-0.07209778
567	FSCPX	Dec 22, 2017	41.52	Sep 25, 2017	36.92	12.459373	41.09	1.0464783
568	FSCSX	Dec 22, 2017	166.37	Sep 25, 2017	147.9	12.488174	167.28	-0.5439987	*P*
569	PKB	Dec 22, 2017	34.43	Sep 25, 2017	30.5	12.885246	33.77	1.9543991
570	POAGX	Dec 22, 2017	44.5	Sep 25, 2017	39.12	13.752556	44.06	0.99864197
571	CGMRX	Dec 22, 2017	38.87	Sep 25, 2017	34.14	13.854721	38.26	1.5943527
572	OIL	Dec 22, 2017	6.28	Sep 25, 2017	5.5	14.181816	6.14	2.280136	*P*
573	XHB	Dec 22, 2017	44.15	Sep 25, 2017	38.65	14.230278	43.28	2.0101776
574	DIAX	Dec 22, 2017	18.78	Sep 25, 2017	16.41	14.442421	18.41	2.0097885
575	FSRPX	Dec 22, 2017	133.14	Sep 25, 2017	116.05	14.72641	130.85	1.7500916
576	CSCO	Dec 22, 2017	38.55	Sep 25, 2017	33.43	15.315582	38.19	0.9426575
577	QQQX	Dec 22, 2017	24.4	Sep 25, 2017	21.09	15.694641	24.06	1.4131317
578	FSELX	Dec 22, 2017	113.35	Sep 25, 2017	97.16	16.66323	111.53	1.6318436
579	ITB	Dec 22, 2017	43.37	Sep 25, 2017	35.14	23.420609	42.59	1.8314133	*P*
580	AIEQ	Dec 22, 2017	26.1	null	1.0	2510.0	25.69	1.5959473
