1	SHOP	Dec 29, 2017	101.0	Sep 29, 2017	116.49	-13.297279	104.8	-3.6259613	*P*
2	FSCDX	Dec 29, 2017	25.81	Sep 29, 2017	28.4	-9.11972	29.51	-12.538124
3	NOSGX	Dec 29, 2017	23.4	Sep 29, 2017	25.33	-7.619423	23.66	-1.0988998
4	CHAD	Dec 29, 2017	31.14	Sep 29, 2017	33.7	-7.596443	31.15	-0.032104492
5	PHK	Dec 29, 2017	7.46	Sep 29, 2017	8.06	-7.4441757	7.43	0.40377045
6	CGMRX	Dec 29, 2017	32.19	Sep 29, 2017	34.65	-7.099571	38.79	-17.014702
7	FDFFX	Dec 29, 2017	37.28	Sep 29, 2017	39.76	-6.2374268	42.52	-12.323616
8	RYURX	Dec 29, 2017	61.61	Sep 29, 2017	65.52	-5.967636	61.34	0.4401703
9	PTM	Dec 29, 2017	9.73	Sep 29, 2017	10.25	-5.073181	9.45	2.9629593
10	RSX	Dec 29, 2017	21.21	Sep 29, 2017	22.29	-4.84523	20.82	1.8731918
11	FLATX	Dec 29, 2017	24.48	Sep 29, 2017	25.71	-4.784134	24.28	0.82372284	*P*
12	FBIOX	Dec 29, 2017	219.41	Sep 29, 2017	229.48	-4.388176	217.41	0.9199295	*P*
13	BTTTX	Dec 29, 2017	103.66	Sep 29, 2017	108.11	-4.1161804	103.58	0.07723236
14	RSXJ	Dec 29, 2017	40.99	Sep 29, 2017	42.72	-4.0496216	39.05	4.9680023
15	IBB	Dec 29, 2017	106.77	Sep 29, 2017	111.2	-3.9838104	106.8	-0.02809906
16	OWSMX	Dec 29, 2017	16.76	Sep 29, 2017	17.35	-3.4005737	16.67	0.53990173
17	YAFFX	Dec 29, 2017	21.13	Sep 29, 2017	21.86	-3.3394394	23.53	-10.199753
18	FDYSX	Dec 29, 2017	9.35	Sep 29, 2017	9.66	-3.2090988	10.03	-6.7796555
19	FETKX	Dec 29, 2017	27.77	Sep 29, 2017	28.6	-2.9020996	30.21	-8.07679
20	YACKX	Dec 29, 2017	22.85	Sep 29, 2017	23.53	-2.8899307	25.26	-9.5407715
21	EWZ	Dec 29, 2017	40.45	Sep 29, 2017	41.64	-2.8578262	39.48	2.4569397
22	FVSKX	Dec 29, 2017	42.02	Sep 29, 2017	43.25	-2.8439255	45.23	-7.097061
23	ROOF	Dec 29, 2017	26.32	Sep 29, 2017	27.08	-2.8065033	26.59	-1.015419
24	FSLSX	Dec 29, 2017	42.08	Sep 29, 2017	43.26	-2.727684	45.22	-6.943825
25	FMILX	Dec 29, 2017	39.79	Sep 29, 2017	40.77	-2.4037247	43.16	-7.8081512
26	JDD	Dec 29, 2017	12.3	Sep 29, 2017	12.58	-2.2257538	12.35	-0.40486145
27	FPHAX	Dec 29, 2017	18.56	Sep 29, 2017	18.98	-2.21286	18.49	0.37858582
28	FCIFX	Dec 29, 2017	12.54	Sep 29, 2017	12.81	-2.1077347	13.08	-4.128441	*BT*
29	FFVIX	Dec 29, 2017	12.75	Sep 29, 2017	13.02	-2.073738	13.35	-4.494385	*BT*
30	BULIX	Dec 29, 2017	17.19	Sep 29, 2017	17.55	-2.0512772	17.27	-0.46322632
31	AMLP	Dec 29, 2017	10.79	Sep 29, 2017	11.01	-1.9981842	10.71	0.7469635
32	XBI	Dec 29, 2017	84.87	Sep 29, 2017	86.57	-1.9637222	83.08	2.1545563
33	FFIVX	Dec 29, 2017	12.07	Sep 29, 2017	12.29	-1.7900772	12.49	-3.3626938	*BT*
34	GASFX	Dec 29, 2017	29.45	Sep 29, 2017	29.9	-1.5050125	29.25	0.6837616
35	FSDIX	Dec 29, 2017	15.24	Sep 29, 2017	15.47	-1.4867554	16.07	-5.1649017
36	JQC	Dec 29, 2017	8.22	Sep 29, 2017	8.34	-1.4388504	8.16	0.73529816
37	FSPHX	Dec 29, 2017	223.76	Sep 29, 2017	227.02	-1.4360046	223.96	-0.08930206
38	NKX	Dec 29, 2017	15.37	Sep 29, 2017	15.58	-1.3478851	15.3	0.4575119
39	FSIPX	Dec 29, 2017	9.76	Sep 29, 2017	9.89	-1.3144608	9.89	-1.3144608
40	GABUX	Dec 29, 2017	9.23	Sep 29, 2017	9.35	-1.283432	9.24	-0.10823059
41	IHE	Dec 29, 2017	154.38	Sep 29, 2017	156.36	-1.266304	155.16	-0.50270844
42	CHTTX	Dec 29, 2017	42.69	Sep 29, 2017	43.19	-1.1576767	45.87	-6.9326324
43	JHMU	Dec 29, 2017	27.5	Sep 29, 2017	27.8	-1.0791397	27.62	-0.43447113
44	FDIFX	Dec 29, 2017	13.89	Sep 29, 2017	14.04	-1.0683746	14.44	-3.8088608	*BT*
45	FSOFX	Sep 06, 2017	14.15	Jun 07, 2017	14.3	-1.0489502	14.15	0.0
46	XMPT	Dec 29, 2017	26.63	Sep 29, 2017	26.88	-0.93006134	26.6	0.11277008
47	ANWPX	Dec 29, 2017	43.16	Sep 29, 2017	43.54	-0.8727646	43.06	0.23223114
48	PRTIX	Dec 29, 2017	5.69	Sep 29, 2017	5.74	-0.87107086	5.68	0.17606354
49	FASIX	Dec 29, 2017	13.43	Sep 29, 2017	13.54	-0.81240845	13.7	-1.9707947
50	FIAFX	Dec 29, 2017	11.13	Sep 29, 2017	11.22	-0.8021393	11.35	-1.9383316	*BT*
51	VFITX	Dec 29, 2017	11.07	Sep 29, 2017	11.15	-0.71749115	11.03	0.362648
52	PRFSX	Dec 29, 2017	5.56	Sep 29, 2017	5.6	-0.7142868	5.55	0.18017578
53	MERKX	Dec 29, 2017	9.97	Sep 29, 2017	10.04	-0.6972046	9.85	1.2182693
54	FFFCX	Dec 29, 2017	16.06	Sep 29, 2017	16.17	-0.68027496	16.53	-2.8433228
55	FEDCX	Dec 29, 2017	10.24	Sep 29, 2017	10.31	-0.6789551	10.31	-0.6789551
56	FIBIX	Dec 29, 2017	10.66	Sep 29, 2017	10.73	-0.65237427	10.62	0.37664032
57	VMLTX	Dec 29, 2017	10.89	Sep 29, 2017	10.96	-0.6386795	10.87	0.18399811
58	PGNDX	Dec 29, 2017	11.03	Sep 29, 2017	11.1	-0.6306381	11.02	0.09074402
59	FMSFX	Dec 29, 2017	11.17	Sep 29, 2017	11.24	-0.6227722	11.19	-0.1787262
60	BCLTX	Oct 20, 2017	11.5	Jul 24, 2017	11.57	-0.605011	11.69	-1.6253204
61	FSTGX	Dec 29, 2017	10.4	Sep 29, 2017	10.46	-0.573616	10.39	0.09623718
62	FCSTX	Dec 29, 2017	10.56	Sep 29, 2017	10.62	-0.5649719	10.53	0.2849121
63	IEI	Dec 29, 2017	122.16	Sep 29, 2017	122.85	-0.56165314	121.82	0.27910614
64	FIBAX	Dec 29, 2017	10.66	Sep 29, 2017	10.72	-0.55970764	10.62	0.37664032
65	FFFVX	Dec 29, 2017	12.56	Sep 29, 2017	12.63	-0.55423737	12.84	-2.180687
66	SLYV	Dec 29, 2017	125.73	Sep 29, 2017	126.38	-0.51431274	126.52	-0.6243973
67	BMBSX	Dec 29, 2017	11.8	Sep 29, 2017	11.86	-0.5058975	11.78	0.16977692
68	FFXSX	Dec 29, 2017	9.87	Sep 29, 2017	9.92	-0.50403595	9.86	0.10142517
69	FSBAX	Dec 29, 2017	10.32	Sep 29, 2017	10.37	-0.48216248	10.31	0.09698486
70	BSV	Dec 29, 2017	79.1	Sep 29, 2017	79.48	-0.47811127	79.11	-0.012641907	*P*
71	FSTFX	Dec 29, 2017	10.51	Sep 29, 2017	10.56	-0.47348785	10.49	0.1906662
72	FSCFX	Dec 29, 2017	14.94	Sep 29, 2017	15.01	-0.466362	15.96	-6.3909836
73	RYU	Dec 29, 2017	85.77	Sep 29, 2017	86.17	-0.46420288	85.12	0.76361847	*P*
74	NHINX	Dec 29, 2017	8.68	Sep 29, 2017	8.72	-0.45871735	8.67	0.115348816
75	FSICX	Dec 29, 2017	11.05	Sep 29, 2017	11.1	-0.45044708	11.13	-0.7187805
76	PAUDX	Dec 29, 2017	8.89	Sep 29, 2017	8.93	-0.44792938	8.97	-0.89186096
77	SHY	Dec 29, 2017	83.85	Sep 29, 2017	84.22	-0.43933105	83.82	0.03578949
78	FKVFX	Sep 13, 2017	13.85	Jun 14, 2017	13.91	-0.43134308	13.83	0.14461517
79	FFFAX	Dec 29, 2017	11.78	Sep 29, 2017	11.83	-0.4226532	11.97	-1.5873108
80	FIPAX	Dec 29, 2017	11.8	Sep 29, 2017	11.85	-0.42194366	11.89	-0.7569351
81	FINPX	Dec 29, 2017	11.95	Sep 29, 2017	12.0	-0.41666412	12.04	-0.7475052
82	FSRIX	Dec 29, 2017	12.49	Sep 29, 2017	12.54	-0.39872742	12.58	-0.7154236	*BT*
83	TGMNX	Dec 29, 2017	10.23	Sep 29, 2017	10.27	-0.38949585	10.24	-0.09765625
84	FFKCX	Sep 13, 2017	13.15	Jun 14, 2017	13.2	-0.37878418	13.13	0.15231323
85	FTHRX	Dec 29, 2017	10.8	Sep 29, 2017	10.84	-0.3690033	10.78	0.18553925
86	ERUS	Dec 29, 2017	33.52	Sep 29, 2017	33.63	-0.32709503	32.92	1.8226013
87	VIPSX	Dec 29, 2017	13.04	Sep 29, 2017	13.08	-0.30580902	13.13	-0.6854553
88	JNK	Dec 29, 2017	36.72	Sep 29, 2017	36.83	-0.29867554	36.56	0.43763733
89	JPC	Dec 29, 2017	10.34	Sep 29, 2017	10.37	-0.28929138	10.34	0.0
90	FITWX	Dec 29, 2017	13.93	Sep 29, 2017	13.97	-0.28633118	14.42	-3.398056	*BT*
91	VSGBX	Dec 29, 2017	10.62	Sep 29, 2017	10.65	-0.28168488	10.61	0.09426117
92	VBIIX	Dec 29, 2017	11.36	Sep 29, 2017	11.39	-0.2633896	11.32	0.35336304
93	FGMNX	Dec 29, 2017	11.38	Sep 29, 2017	11.41	-0.2629242	11.36	0.17606354
94	SWHFX	Dec 29, 2017	24.22	Sep 29, 2017	24.28	-0.24712372	24.32	-0.41118622
95	HLPPX	Dec 29, 2017	12.6	Sep 29, 2017	12.63	-0.23753357	12.52	0.63897705
96	FSHBX	Dec 29, 2017	8.58	Sep 29, 2017	8.6	-0.23256683	8.58	0.0
97	FFVFX	Dec 29, 2017	13.38	Sep 29, 2017	13.41	-0.22371674	13.77	-2.8322449
98	FASMX	Dec 29, 2017	18.27	Sep 29, 2017	18.31	-0.21846008	18.81	-2.8708115
99	FCVSX	Dec 29, 2017	27.96	Sep 29, 2017	28.02	-0.21413422	28.87	-3.152069
100	JPS	Dec 29, 2017	10.2	Sep 29, 2017	10.22	-0.1957016	10.21	-0.09794617	*P*
101	FVIIX	Dec 29, 2017	10.22	Sep 29, 2017	10.24	-0.19530487	10.18	0.39292908	*BT*
102	VFIIX	Dec 29, 2017	10.46	Sep 29, 2017	10.48	-0.19083405	10.44	0.19156647
103	NCITX	Dec 29, 2017	10.64	Sep 29, 2017	10.66	-0.18761444	10.57	0.66225433
104	VWELX	Dec 29, 2017	42.03	Sep 29, 2017	42.09	-0.14255524	43.97	-4.4121017
105	VNQ	Dec 29, 2017	82.98	Sep 29, 2017	83.09	-0.13237762	81.27	2.104103
106	FNMIX	Dec 29, 2017	16.22	Sep 29, 2017	16.24	-0.12315369	16.22	0.0
107	SJNK	Dec 29, 2017	27.56	Sep 29, 2017	27.59	-0.10873413	27.47	0.32763672
108	FGOVX	Dec 29, 2017	10.21	Sep 29, 2017	10.22	-0.097846985	10.17	0.39331818
109	PTTDX	Dec 29, 2017	10.27	Sep 29, 2017	10.28	-0.09726715	10.22	0.48923492
110	USSTX	Dec 29, 2017	10.46	Sep 29, 2017	10.47	-0.09551239	10.46	0.0
111	CDSIX	Dec 29, 2017	16.13	Sep 29, 2017	16.14	-0.061958313	16.14	-0.061958313	*BT*
112	FFIPX	Sep 06, 2017	9.93	Jun 07, 2017	9.93	0.0	9.93	0.0
113	VCAIX	Dec 29, 2017	11.78	Sep 29, 2017	11.77	0.08496094	11.71	0.5977783
114	FBIDX	Dec 29, 2017	11.59	Sep 29, 2017	11.58	0.08635712	11.54	0.43328094
115	FTANX	Dec 29, 2017	11.09	Sep 29, 2017	11.08	0.09025574	11.27	-1.597168
116	VBMFX	Dec 29, 2017	10.75	Sep 29, 2017	10.74	0.09311676	10.71	0.37348175
117	FSAGX	Dec 29, 2017	20.77	Sep 29, 2017	20.75	0.09638977	20.18	2.9236908
118	SPHIX	Dec 29, 2017	8.96	Sep 29, 2017	8.95	0.11173248	8.98	-0.22270966
119	FHIFX	Dec 29, 2017	8.71	Sep 29, 2017	8.7	0.11494446	8.7	0.11494446
120	FBNDX	Dec 29, 2017	7.92	Sep 29, 2017	7.91	0.12641907	7.89	0.38023376
121	FEFIX	Dec 29, 2017	15.11	Sep 29, 2017	15.09	0.13253784	15.67	-3.5737076	*P*
122	BND	Dec 29, 2017	81.57	Sep 29, 2017	81.45	0.14733124	81.33	0.29508972
123	SWNTX	Dec 29, 2017	11.71	Sep 29, 2017	11.69	0.17108917	11.65	0.5150223
124	PRNYX	Dec 29, 2017	11.64	Sep 29, 2017	11.62	0.17212677	11.58	0.5181427
125	FSITX	Dec 29, 2017	11.59	Sep 29, 2017	11.57	0.17286682	11.54	0.43328094
126	TGFNX	Dec 29, 2017	10.96	Sep 29, 2017	10.94	0.18281555	10.92	0.36629486
127	VBTLX	Dec 29, 2017	10.75	Sep 29, 2017	10.73	0.18639374	10.71	0.37348175
128	NOITX	Dec 29, 2017	10.54	Sep 29, 2017	10.52	0.19011688	10.48	0.572525
129	FLTMX	Dec 29, 2017	10.39	Sep 29, 2017	10.37	0.1928711	10.34	0.48355865
130	FCNVX	Dec 29, 2017	10.04	Sep 29, 2017	10.02	0.19959259	10.04	0.0
131	FSHFX	Sep 06, 2017	9.66	Jun 07, 2017	9.64	0.2074585	9.66	0.0
132	FIRMX	Dec 29, 2017	57.85	Sep 29, 2017	57.72	0.22521973	58.41	-0.95874023
133	FFKVX	Sep 13, 2017	13.25	Jun 14, 2017	13.22	0.22692871	13.23	0.15116882
134	BCITX	Dec 29, 2017	11.9	Sep 29, 2017	11.87	0.25273895	11.83	0.5917206
135	EMLC	Dec 29, 2017	18.98	Sep 29, 2017	18.93	0.26412964	18.88	0.52965546
136	NOAZX	Dec 29, 2017	10.65	Sep 29, 2017	10.62	0.28247833	10.57	0.7568588
137	FSHNX	Dec 29, 2017	9.69	Sep 29, 2017	9.66	0.3105545	9.72	-0.30864716
138	FASGX	Dec 29, 2017	22.4	Sep 29, 2017	22.33	0.31347656	23.2	-3.4482803
139	FNJHX	Dec 29, 2017	11.87	Sep 29, 2017	11.83	0.33812714	11.84	0.25337982
140	HAO	Dec 29, 2017	29.58	Sep 29, 2017	29.48	0.3392105	29.57	0.033821106
141	NAD	Dec 29, 2017	14.06	Sep 29, 2017	14.01	0.35688782	13.95	0.7885361
142	FIROX	Dec 29, 2017	58.98	Sep 29, 2017	58.75	0.3914795	59.55	-0.9571762
143	FFKDX	Sep 13, 2017	14.94	Jun 14, 2017	14.88	0.40322876	14.92	0.13404846
144	FPIOX	Dec 29, 2017	9.63	Sep 29, 2017	9.59	0.417099	9.63	0.0
145	FRIFX	Dec 29, 2017	11.99	Sep 29, 2017	11.94	0.4187622	11.91	0.67170715
146	FFFDX	Dec 29, 2017	16.57	Sep 29, 2017	16.5	0.4242401	17.0	-2.5294113
147	DRTAX	Dec 29, 2017	11.78	Sep 29, 2017	11.73	0.42625427	11.71	0.5977783
148	ACITX	Dec 29, 2017	11.65	Sep 29, 2017	11.6	0.43102264	11.63	0.17195892
149	FIRNX	Dec 29, 2017	57.91	Sep 29, 2017	57.65	0.45098877	58.34	-0.73706055
150	FIRPX	Dec 29, 2017	58.28	Sep 29, 2017	58.01	0.46543884	58.82	-0.9180527
151	PBDDX	Dec 29, 2017	10.54	Sep 29, 2017	10.49	0.47664642	10.49	0.47664642
152	PFBDX	Dec 29, 2017	10.06	Sep 29, 2017	10.01	0.49949646	9.98	0.80161285
153	FFKAX	Sep 13, 2017	12.04	Jun 14, 2017	11.98	0.5008316	12.02	0.16638184
154	USNYX	Dec 29, 2017	11.95	Sep 29, 2017	11.89	0.5046234	11.89	0.5046234
155	DODIX	Dec 29, 2017	13.76	Sep 29, 2017	13.69	0.511322	13.72	0.29154968
156	FBT	Dec 29, 2017	124.57	Sep 29, 2017	123.93	0.51641846	123.36	0.9808655
157	FIMIX	Dec 29, 2017	11.64	Sep 29, 2017	11.58	0.5181427	11.56	0.6920471
158	NCATX	Dec 29, 2017	11.63	Sep 29, 2017	11.57	0.5185852	11.54	0.7798996
159	FIRSX	Dec 29, 2017	53.83	Sep 29, 2017	53.55	0.5228729	54.73	-1.6444321
160	VGHCX	Dec 29, 2017	205.54	Sep 29, 2017	204.45	0.5331421	205.86	-0.15544891
161	VGHAX	Dec 29, 2017	86.68	Sep 29, 2017	86.21	0.5451813	86.82	-0.16125488
162	PFODX	Dec 29, 2017	10.67	Sep 29, 2017	10.61	0.565506	10.7	-0.28037262
163	FSAZX	Dec 29, 2017	12.07	Sep 29, 2017	12.0	0.58332825	11.97	0.8354187
164	PRTAX	Dec 29, 2017	10.17	Sep 29, 2017	10.11	0.59347534	10.11	0.59347534
165	FFANX	Dec 29, 2017	11.7	Sep 29, 2017	11.63	0.60189056	11.89	-1.597992
166	FTFMX	Dec 29, 2017	13.22	Sep 29, 2017	13.14	0.6088257	13.12	0.7621994
167	PRXCX	Dec 29, 2017	11.55	Sep 29, 2017	11.48	0.6097641	11.48	0.6097641
168	VPU	Dec 29, 2017	116.59	Sep 29, 2017	115.88	0.6127014	115.84	0.6474457
169	FSFFX	Sep 06, 2017	12.97	Jun 07, 2017	12.89	0.620636	12.97	0.0
170	FCTFX	Dec 29, 2017	12.96	Sep 29, 2017	12.88	0.62111664	12.86	0.77760315
171	FFRHX	Dec 29, 2017	9.62	Sep 29, 2017	9.56	0.62760925	9.63	-0.10384369
172	FIRQX	Dec 29, 2017	56.85	Sep 29, 2017	56.49	0.6372833	57.5	-1.1304398
173	NOTEX	Dec 29, 2017	10.7	Sep 29, 2017	10.63	0.6585083	10.63	0.6585083
174	ICF	Dec 29, 2017	101.32	Sep 29, 2017	100.65	0.66567993	98.9	2.4469147
175	FJIFX	Dec 29, 2017	13.45	Sep 29, 2017	13.36	0.67365265	13.61	-1.1756058
176	GTFBX	Dec 29, 2017	11.54	Sep 29, 2017	11.46	0.69807434	11.46	0.69807434
177	FSANX	Dec 29, 2017	12.56	Sep 29, 2017	12.47	0.72172546	12.88	-2.4844742
178	FSUTX	Dec 29, 2017	79.77	Sep 29, 2017	79.18	0.74513245	78.87	1.1411057
179	PRVAX	Dec 29, 2017	12.03	Sep 29, 2017	11.94	0.7537689	11.97	0.5012512
180	USATX	Dec 29, 2017	13.36	Sep 29, 2017	13.26	0.75414276	13.29	0.52671814
181	FIKFX	Dec 29, 2017	11.95	Sep 29, 2017	11.86	0.7588501	12.01	-0.499588
182	FIRVX	Dec 29, 2017	52.2	Sep 29, 2017	51.8	0.77220154	53.14	-1.7689133
183	FPXTX	Dec 29, 2017	11.18	Sep 29, 2017	11.09	0.8115387	11.1	0.7207184
184	FKTWX	Sep 13, 2017	15.81	Jun 14, 2017	15.68	0.8290787	15.79	0.12666321
185	MDXBX	Dec 29, 2017	10.8	Sep 29, 2017	10.71	0.84033966	10.74	0.5586624
186	PRINX	Dec 29, 2017	11.96	Sep 29, 2017	11.86	0.8431778	11.89	0.58872986
187	FHIGX	Dec 29, 2017	13.12	Sep 29, 2017	13.01	0.84550476	13.01	0.84550476
188	PYVLX	Dec 29, 2017	16.56	Sep 29, 2017	16.42	0.852623	17.49	-5.317322
189	FCBFX	Dec 29, 2017	11.67	Sep 29, 2017	11.57	0.8643036	11.6	0.60344696
190	NTFIX	Dec 29, 2017	11.6	Sep 29, 2017	11.5	0.8695755	11.51	0.781929
191	FTABX	Dec 29, 2017	11.58	Sep 29, 2017	11.48	0.8710861	11.49	0.78328705
192	FIBFX	Sep 06, 2017	11.35	Jun 07, 2017	11.25	0.8888931	11.35	0.0
193	USTEX	Dec 29, 2017	13.44	Sep 29, 2017	13.32	0.9009018	13.37	0.52355194
194	FIRRX	Dec 29, 2017	53.42	Sep 29, 2017	52.94	0.9066849	53.92	-0.9272995
195	FFIGX	Sep 06, 2017	15.58	Jun 07, 2017	15.44	0.9067383	15.58	0.0
196	FMHTX	Dec 29, 2017	12.22	Sep 29, 2017	12.11	0.9083481	12.13	0.7419586
197	PASDX	Dec 29, 2017	12.15	Sep 29, 2017	12.04	0.91362	12.25	-0.81632996
198	FIXRX	Dec 29, 2017	53.86	Sep 29, 2017	53.37	0.91812897	54.85	-1.8049164
199	FFKEX	Sep 13, 2017	16.31	Jun 14, 2017	16.16	0.9282074	16.28	0.18426514
200	FITHX	Dec 29, 2017	14.81	Sep 29, 2017	14.67	0.95433044	15.32	-3.3289795	*BT*
201	FIFFX	Dec 29, 2017	15.84	Sep 29, 2017	15.69	0.95602417	16.41	-3.4734879	*BT*
202	SMDMX	Dec 29, 2017	11.38	Sep 29, 2017	11.27	0.9760361	11.29	0.7971649
203	USVAX	Dec 29, 2017	11.36	Sep 29, 2017	11.25	0.9777756	11.29	0.620018
204	FFTWX	Dec 29, 2017	14.4	Sep 29, 2017	14.26	0.9817581	14.74	-2.306656
205	FDMMX	Dec 29, 2017	12.26	Sep 29, 2017	12.14	0.988472	12.16	0.82238007
206	USCBX	Dec 29, 2017	11.1	Sep 29, 2017	10.99	1.0009155	11.03	0.6346359
207	VMATX	Dec 29, 2017	10.85	Sep 29, 2017	10.74	1.0242081	10.76	0.8364334
208	VWLTX	Dec 29, 2017	11.67	Sep 29, 2017	11.55	1.0389557	11.58	0.7772064
209	VPAIX	Dec 29, 2017	11.61	Sep 29, 2017	11.49	1.0443802	11.52	0.78123474
210	SSSFX	Dec 29, 2017	26.06	Sep 29, 2017	25.79	1.0469055	26.21	-0.57229614
211	WIP	Dec 29, 2017	57.52	Sep 29, 2017	56.92	1.0541229	56.69	1.4641037
212	FKIFX	Dec 29, 2017	14.35	Sep 29, 2017	14.2	1.0563354	14.54	-1.3067398
213	VCITX	Dec 29, 2017	12.22	Sep 29, 2017	12.09	1.0752716	12.12	0.8250809
214	LQD	Dec 29, 2017	121.56	Sep 29, 2017	120.26	1.0809937	120.56	0.82946014
215	TIP	Dec 29, 2017	114.08	Sep 29, 2017	112.82	1.1168213	113.11	0.85756683
216	VOHIX	Dec 29, 2017	12.62	Sep 29, 2017	12.48	1.1217957	12.52	0.7987137
217	FOHFX	Dec 29, 2017	12.2	Sep 29, 2017	12.06	1.1608582	12.1	0.8264389
218	FFVNX	Sep 06, 2017	10.45	Jun 07, 2017	10.33	1.1616592	10.45	0.0
219	FEDFX	Sep 06, 2017	10.42	Jun 07, 2017	10.3	1.1650467	10.42	0.0
220	PRFHX	Dec 29, 2017	12.09	Sep 29, 2017	11.95	1.1715546	12.03	0.4987564
221	FSMEX	Dec 29, 2017	43.88	Sep 29, 2017	43.37	1.1759262	44.11	-0.52142334
222	FFKFX	Sep 13, 2017	17.17	Jun 14, 2017	16.97	1.1785507	17.14	0.17503357
223	FHLC	Dec 29, 2017	39.99	Sep 29, 2017	39.52	1.1892776	40.18	-0.47286987
224	PRRDX	Dec 29, 2017	11.06	Sep 29, 2017	10.93	1.1893845	10.96	0.91241455
225	RERGX	Dec 29, 2017	56.14	Sep 29, 2017	55.48	1.1896133	55.7	0.7899399
226	DODFX	Dec 29, 2017	46.32	Sep 29, 2017	45.77	1.2016525	46.08	0.52082825
227	FSTCX	Dec 29, 2017	58.92	Sep 29, 2017	58.22	1.2023315	58.98	-0.10173035
228	VWAHX	Dec 29, 2017	11.44	Sep 29, 2017	11.3	1.2389297	11.37	0.615654
229	FKTHX	Sep 13, 2017	17.15	Jun 14, 2017	16.94	1.2396698	17.12	0.1752243
230	SMTFX	Dec 29, 2017	10.52	Sep 29, 2017	10.39	1.2512054	10.46	0.57362366
231	FIRUX	Dec 29, 2017	58.88	Sep 29, 2017	58.15	1.2553711	59.5	-1.0420151
232	SWRSX	Dec 29, 2017	11.07	Sep 29, 2017	10.93	1.2808685	10.98	0.81967163
233	PRIPX	Dec 29, 2017	11.84	Sep 29, 2017	11.69	1.2831573	11.75	0.76595306
234	FRESX	Dec 29, 2017	41.8	Sep 29, 2017	41.27	1.2842178	40.94	2.1006317
235	GWX	Dec 29, 2017	35.48	Sep 29, 2017	35.02	1.31353	34.75	2.1007156
236	FILFX	Dec 29, 2017	11.48	Sep 29, 2017	11.33	1.3239136	11.76	-2.3809586
237	FFFEX	Dec 29, 2017	18.06	Sep 29, 2017	17.82	1.3468018	18.54	-2.5890045
238	IGOV	Dec 29, 2017	49.92	Sep 29, 2017	49.25	1.360405	49.34	1.1755142
239	USAGX	Dec 29, 2017	13.29	Sep 29, 2017	13.11	1.3730011	12.92	2.8637772
240	BCHYX	Dec 29, 2017	10.68	Sep 29, 2017	10.53	1.4244995	10.59	0.8498535
241	FFFIX	Dec 29, 2017	12.33	Sep 29, 2017	12.15	1.4814835	12.7	-2.9133835	*BT*
242	FLIFX	Dec 29, 2017	15.03	Sep 29, 2017	14.81	1.4854813	15.23	-1.3131943
243	GTSGX	Dec 29, 2017	9.87	Sep 29, 2017	9.72	1.5431976	10.19	-3.1403275
244	FFKHX	Sep 13, 2017	17.93	Jun 14, 2017	17.65	1.5864029	17.9	0.16759491
245	VHT	Dec 29, 2017	154.14	Sep 29, 2017	151.73	1.5883484	155.01	-0.5612488
246	FFKGX	Sep 13, 2017	17.78	Jun 14, 2017	17.5	1.6000061	17.76	0.11261749
247	IAU	Dec 29, 2017	12.51	Sep 29, 2017	12.31	1.6246948	12.18	2.7093506
248	FFSTX	Sep 06, 2017	17.44	Jun 07, 2017	17.15	1.6909714	17.44	0.0
249	GLD	Dec 29, 2017	123.65	Sep 29, 2017	121.58	1.7025833	120.31	2.7761688
250	FAMRX	Dec 29, 2017	19.53	Sep 29, 2017	19.2	1.71875	20.12	-2.9324036
251	PLMDX	Dec 29, 2017	9.42	Sep 29, 2017	9.26	1.7278519	9.36	0.641037
252	PRHSX	Dec 29, 2017	70.35	Sep 29, 2017	69.15	1.7353516	70.24	0.15660858
253	FFFPX	Dec 29, 2017	12.3	Sep 29, 2017	12.09	1.7369766	12.64	-2.6898727	*BT*
254	FPIFX	Dec 29, 2017	15.8	Sep 29, 2017	15.53	1.7385712	16.03	-1.4348145
255	FSNGX	Dec 29, 2017	23.96	Sep 29, 2017	23.55	1.740982	23.73	0.96923065
256	FCSFX	Sep 06, 2017	5.23	Jun 07, 2017	5.14	1.7509689	5.23	0.0
257	FIRWX	Dec 29, 2017	59.26	Sep 29, 2017	58.24	1.7513657	59.87	-1.0188751
258	FIUIX	Dec 29, 2017	26.13	Sep 29, 2017	25.68	1.752327	25.99	0.5386734
259	SCHF	Dec 29, 2017	34.07	Sep 29, 2017	33.47	1.7926483	33.81	0.7689972
260	VNQI	Dec 29, 2017	60.5	Sep 29, 2017	59.41	1.8347015	59.26	2.0924835	*P*
261	MNBAX	Dec 29, 2017	17.3	Sep 29, 2017	16.98	1.8845673	17.26	0.23174286
262	FSSKX	Dec 29, 2017	43.94	Sep 29, 2017	43.12	1.9016724	45.73	-3.9142761
263	FDSSX	Dec 29, 2017	43.94	Sep 29, 2017	43.08	1.9962769	45.68	-3.8091125
264	FQIFX	Dec 29, 2017	16.79	Sep 29, 2017	16.45	2.0668716	17.03	-1.4092712
265	PRULX	Dec 29, 2017	12.82	Sep 29, 2017	12.56	2.0700607	12.6	1.7460251
266	FLBAX	Dec 29, 2017	13.28	Sep 29, 2017	13.01	2.075325	13.06	1.6845245
267	FFFFX	Dec 29, 2017	10.7	Sep 29, 2017	10.48	2.0992432	10.98	-2.550087
268	FGCKX	Dec 29, 2017	178.62	Sep 29, 2017	174.94	2.1035767	188.14	-5.060066
269	VUSTX	Dec 29, 2017	12.41	Sep 29, 2017	12.15	2.1399155	12.19	1.8047562
270	FIVLX	Dec 29, 2017	9.06	Sep 29, 2017	8.87	2.1420593	9.04	0.22123718
271	FFTHX	Dec 29, 2017	15.24	Sep 29, 2017	14.92	2.1447678	15.62	-2.432785
272	FSRRX	Dec 29, 2017	8.89	Sep 29, 2017	8.7	2.1839142	8.77	1.3682938
273	RWJ	Dec 29, 2017	69.88	Sep 29, 2017	68.36	2.2235184	70.38	-0.71042633
274	FHFIX	Dec 29, 2017	13.48	Sep 29, 2017	13.18	2.2761688	13.78	-2.1770706	*BT*
275	REACX	Dec 29, 2017	28.22	Sep 29, 2017	27.59	2.283432	27.66	2.024582
276	FUSIX	Dec 29, 2017	10.69	Sep 29, 2017	10.45	2.2966537	10.82	-1.201477
277	FFFHX	Dec 29, 2017	12.19	Sep 29, 2017	11.91	2.3509598	12.48	-2.3237152
278	OAKIX	Dec 29, 2017	28.57	Sep 29, 2017	27.91	2.364746	28.4	0.59859467
279	FFFGX	Dec 29, 2017	12.12	Sep 29, 2017	11.84	2.3648605	12.41	-2.3368225
280	FINVX	Dec 29, 2017	10.69	Sep 29, 2017	10.44	2.394638	10.67	0.18743134
281	FBMPX	Dec 29, 2017	79.49	Sep 29, 2017	77.61	2.422371	80.48	-1.2301254
282	FSESX	Dec 29, 2017	45.34	Sep 29, 2017	44.25	2.4632797	44.92	0.93499756
283	JHMH	Dec 29, 2017	31.14	Sep 29, 2017	30.39	2.4679184	31.25	-0.352005
284	VBLTX	Dec 29, 2017	14.42	Sep 29, 2017	14.06	2.5604477	14.21	1.4778366
285	FDKQX	Dec 29, 2017	11.95	Sep 29, 2017	11.65	2.5751114	12.18	-1.8883438	*BT*
286	EFA	Dec 29, 2017	70.31	Sep 29, 2017	68.48	2.6723022	69.93	0.54338837
287	FCSAX	Dec 29, 2017	18.03	Sep 29, 2017	17.56	2.6765442	18.8	-4.0957413
288	FICDX	Dec 29, 2017	54.66	Sep 29, 2017	53.21	2.7250519	53.74	1.7119446
289	FXIFX	Dec 29, 2017	17.7	Sep 29, 2017	17.23	2.727806	17.97	-1.5024948
290	FFNOX	Dec 29, 2017	44.45	Sep 29, 2017	43.26	2.7508163	45.33	-1.9413223
291	PRPFX	Dec 29, 2017	41.18	Sep 29, 2017	40.07	2.7701492	40.59	1.4535522
292	TWEBX	Dec 29, 2017	23.86	Sep 29, 2017	23.21	2.8005219	24.21	-1.4456787
293	BRSVX	Dec 29, 2017	26.53	Sep 29, 2017	25.8	2.8294678	26.74	-0.78533936
294	IWM	Dec 29, 2017	152.46	Sep 29, 2017	148.18	2.8883972	153.47	-0.65810394
295	FCPEX	Dec 29, 2017	14.02	Sep 29, 2017	13.62	2.9368668	14.13	-0.77848816
296	VWESX	Dec 29, 2017	10.65	Sep 29, 2017	10.34	2.9980621	10.49	1.5252609
297	FNORX	Dec 29, 2017	53.29	Sep 29, 2017	51.73	3.0156631	52.13	2.2252045
298	PCRIX	Dec 29, 2017	6.77	Sep 29, 2017	6.57	3.0441437	6.68	1.3473053	*BT*
299	VWINX	Dec 29, 2017	26.95	Sep 29, 2017	26.15	3.0592804	26.83	0.447258
300	PARWX	Dec 29, 2017	37.18	Sep 29, 2017	36.07	3.0773544	38.27	-2.8481827
301	GAOSX	Dec 29, 2017	18.69	Sep 29, 2017	18.13	3.0888062	18.76	-0.3731308
302	JHMD	Dec 29, 2017	30.42	Sep 29, 2017	29.5	3.1186447	30.46	-0.13131714
303	RYGBX	Dec 29, 2017	54.2	Sep 29, 2017	52.54	3.1595001	52.82	2.612648
304	FSGFX	Dec 29, 2017	18.68	Sep 29, 2017	18.1	3.2044144	19.44	-3.9094696
305	XT	Dec 29, 2017	35.44	Sep 29, 2017	34.33	3.2333145	35.48	-0.11273956
306	JASCX	Dec 29, 2017	30.23	Sep 29, 2017	29.28	3.2445297	30.57	-1.1122055
307	FMIMX	Dec 29, 2017	26.58	Sep 29, 2017	25.73	3.303543	26.62	-0.15026855
308	FIHFX	Dec 29, 2017	18.76	Sep 29, 2017	18.15	3.360878	19.06	-1.5739746
309	FOSFX	Dec 29, 2017	50.7	Sep 29, 2017	49.05	3.363922	50.23	0.93569946
310	FBIFX	Dec 29, 2017	18.9	Sep 29, 2017	18.28	3.3916855	19.21	-1.613739
311	FOSKX	Dec 29, 2017	50.58	Sep 29, 2017	48.92	3.393303	50.11	0.9379425
312	FIPFX	Dec 29, 2017	19.13	Sep 29, 2017	18.5	3.4054031	19.44	-1.5946579
313	FIOFX	Dec 29, 2017	19.04	Sep 29, 2017	18.41	3.422058	19.35	-1.602066
314	ANFVX	Dec 29, 2017	24.16	Sep 29, 2017	23.36	3.4246597	24.3	-0.5761261	*BT*
315	GVPIX	Dec 29, 2017	56.27	Sep 29, 2017	54.4	3.4374924	54.84	2.607582
316	HDOGX	Dec 29, 2017	13.54	Sep 29, 2017	13.09	3.4377365	13.56	-0.14749908
317	IJR	Dec 29, 2017	76.81	Sep 29, 2017	74.22	3.489624	77.26	-0.5824585
318	IJS	Dec 29, 2017	153.57	Sep 29, 2017	148.31	3.5466309	154.38	-0.52467346
319	EES	Dec 29, 2017	36.22	Sep 29, 2017	34.97	3.5744934	36.73	-1.3885117
320	FIENX	Dec 29, 2017	10.14	Sep 29, 2017	9.79	3.5750732	10.09	0.49554443
321	FEQTX	Dec 29, 2017	27.77	Sep 29, 2017	26.81	3.5807648	28.31	-1.9074478
322	FZAAX	Dec 29, 2017	21.24	Sep 29, 2017	20.5	3.6097565	21.25	-0.047058105	*BT*
323	FBALX	Dec 29, 2017	23.73	Sep 29, 2017	22.9	3.6244507	23.74	-0.042121887
324	FBAKX	Dec 29, 2017	23.73	Sep 29, 2017	22.89	3.6697235	23.74	-0.042121887
325	KRE	Dec 29, 2017	58.85	Sep 29, 2017	56.76	3.6821747	60.17	-2.1937866
326	FDFAX	Dec 29, 2017	92.5	Sep 29, 2017	89.21	3.6879272	92.29	0.22754669
327	JPIN	Dec 29, 2017	60.05	Sep 29, 2017	57.91	3.6953888	60.56	-0.8421402
328	FDIVX	Dec 29, 2017	40.02	Sep 29, 2017	38.59	3.7056198	39.73	0.72992706
329	CGMFX	Dec 29, 2017	53.35	Sep 29, 2017	51.43	3.7332306	53.81	-0.854866
330	FDIKX	Dec 29, 2017	39.93	Sep 29, 2017	38.49	3.7412262	39.64	0.7315903
331	VSS	Dec 29, 2017	119.23	Sep 29, 2017	114.93	3.7414093	116.65	2.2117462
332	PSCE	Dec 29, 2017	15.4	Sep 29, 2017	14.84	3.7735825	15.19	1.3824921	*P*
333	VXUS	Dec 29, 2017	56.81	Sep 29, 2017	54.73	3.800476	56.3	0.9058609
334	FVSAX	Dec 29, 2017	20.42	Sep 29, 2017	19.67	3.812912	21.12	-3.3143997
335	VEU	Dec 29, 2017	54.72	Sep 29, 2017	52.71	3.813324	54.21	0.94078827
336	NBB	Dec 29, 2017	21.98	Sep 29, 2017	21.17	3.8261642	21.76	1.0110245
337	CXXRX	Dec 29, 2017	25.37	Sep 29, 2017	24.43	3.8477325	25.52	-0.5877762	*BT*
338	PENNX	Dec 29, 2017	10.52	Sep 29, 2017	10.13	3.8499603	10.56	-0.37878418
339	FIEUX	Dec 29, 2017	42.33	Sep 29, 2017	40.76	3.851822	41.79	1.2921829
340	FDSCX	Dec 29, 2017	26.46	Sep 29, 2017	25.47	3.8869247	26.48	-0.075531006
341	FSIIX	Dec 29, 2017	43.18	Sep 29, 2017	41.55	3.922989	42.94	0.5589218
342	FSOPX	Dec 29, 2017	14.03	Sep 29, 2017	13.5	3.9259186	14.05	-0.14235687
343	FSIVX	Dec 29, 2017	43.18	Sep 29, 2017	41.54	3.947998	42.94	0.5589218	*P*
344	ICENX	Dec 29, 2017	12.82	Sep 29, 2017	12.33	3.9740448	12.72	0.78616333
345	GSSUX	Dec 29, 2017	60.71	Sep 29, 2017	58.37	4.008911	60.91	-0.32835388
346	FIGRX	Dec 29, 2017	45.66	Sep 29, 2017	43.89	4.032814	45.24	0.92837524
347	FIDKX	Dec 29, 2017	45.53	Sep 29, 2017	43.75	4.0685654	45.11	0.93104553
348	JIGFX	Dec 29, 2017	32.73	Sep 29, 2017	31.45	4.0699463	32.55	0.5530014
349	FZAIX	Dec 29, 2017	45.5	Sep 29, 2017	43.72	4.0713577	45.08	0.93167114	*BT*
350	FSCRX	Dec 29, 2017	29.91	Sep 29, 2017	28.72	4.1434555	30.01	-0.33322906
351	OAKBX	Dec 29, 2017	32.19	Sep 29, 2017	30.9	4.174759	32.26	-0.21698761
352	RYTRX	Dec 29, 2017	13.58	Sep 29, 2017	13.03	4.221031	13.61	-0.22042084	*BT*
353	FSLVX	Dec 29, 2017	20.72	Sep 29, 2017	19.88	4.2253494	20.75	-0.14458466
354	RZV	Dec 29, 2017	73.12	Sep 29, 2017	70.15	4.2337875	73.84	-0.97507477
355	FSPCX	Dec 29, 2017	79.5	Sep 29, 2017	76.23	4.28965	79.49	0.012588501
356	RPMGX	Dec 29, 2017	87.02	Sep 29, 2017	83.36	4.390587	87.31	-0.33215332
357	FCSSX	Dec 29, 2017	5.44	Sep 29, 2017	5.21	4.4145813	5.27	3.2257996
358	VTMGX	Dec 29, 2017	14.41	Sep 29, 2017	13.8	4.4202957	14.29	0.83974457
359	FIGFX	Dec 29, 2017	13.69	Sep 29, 2017	13.11	4.4241104	13.58	0.8100128
360	MOO	Dec 29, 2017	61.6	Sep 29, 2017	58.98	4.442177	60.98	1.0167236
361	FSAVX	Dec 29, 2017	37.1	Sep 29, 2017	35.52	4.448189	37.62	-1.3822403	*P*
362	FGBLX	Dec 29, 2017	25.06	Sep 29, 2017	23.98	4.5037537	24.94	0.4811554
363	VB	Dec 29, 2017	147.8	Sep 29, 2017	141.32	4.585335	147.93	-0.087875366
364	FDVLX	Dec 29, 2017	121.14	Sep 29, 2017	115.82	4.593338	120.69	0.3728485
365	FPURX	Dec 29, 2017	23.42	Sep 29, 2017	22.39	4.600273	23.44	-0.08532715
366	FVLKX	Dec 29, 2017	121.22	Sep 29, 2017	115.88	4.6082153	120.78	0.3643036
367	SPLV	Dec 29, 2017	47.74	Sep 29, 2017	45.63	4.624153	47.45	0.61117554	*P*
368	FPUKX	Dec 29, 2017	23.41	Sep 29, 2017	22.37	4.6490784	23.42	-0.04270172
369	ACWV	Dec 29, 2017	84.32	Sep 29, 2017	80.55	4.6803207	83.76	0.6685715
370	PRNHX	Dec 29, 2017	52.57	Sep 29, 2017	50.21	4.7002563	52.67	-0.18985748
371	FSGDX	Dec 29, 2017	13.54	Sep 29, 2017	12.93	4.717705	13.4	1.0447769	*BT*
372	FSGEX	Dec 29, 2017	13.24	Sep 29, 2017	12.64	4.746834	13.11	0.99160767
373	VEXMX	Dec 29, 2017	84.8	Sep 29, 2017	80.94	4.7689667	84.99	-0.22354889
374	VEXAX	Dec 29, 2017	84.76	Sep 29, 2017	80.86	4.8231506	84.94	-0.21191406	*P*
375	VGTSX	Dec 29, 2017	18.24	Sep 29, 2017	17.4	4.8275833	18.05	1.0526276
376	FXI	Dec 29, 2017	46.17	Sep 29, 2017	44.04	4.8365097	45.71	1.00634
377	PCBIX	Dec 29, 2017	27.28	Sep 29, 2017	26.02	4.8424225	27.17	0.40486145	*BT**P*
378	FIGSX	Dec 29, 2017	16.15	Sep 29, 2017	15.4	4.8701324	16.01	0.8744507
379	VTIAX	Dec 29, 2017	30.52	Sep 29, 2017	29.1	4.8797226	30.2	1.0596008	*P*
380	FSEMX	Dec 29, 2017	62.05	Sep 29, 2017	59.15	4.9027786	62.17	-0.19301605
381	VTRIX	Dec 29, 2017	39.88	Sep 29, 2017	38.01	4.9197693	39.67	0.52937317
382	FSEVX	Dec 29, 2017	62.05	Sep 29, 2017	59.14	4.920532	62.17	-0.19301605
383	FVDKX	Dec 29, 2017	28.94	Sep 29, 2017	27.58	4.931114	29.03	-0.31002808
384	FVDFX	Dec 29, 2017	28.93	Sep 29, 2017	27.57	4.932907	29.02	-0.31012726
385	FTIEX	Dec 29, 2017	9.31	Sep 29, 2017	8.87	4.9605484	9.23	0.866745
386	VT	Dec 29, 2017	74.26	Sep 29, 2017	70.72	5.005661	73.97	0.39205933
387	PRMTX	Dec 29, 2017	96.47	Sep 29, 2017	91.87	5.00708	96.58	-0.11389923
388	FCPGX	Dec 29, 2017	24.73	Sep 29, 2017	23.55	5.01062	24.69	0.16200256	*P*
389	FMCSX	Dec 29, 2017	38.22	Sep 29, 2017	36.38	5.0577316	38.17	0.1309967
390	NAESX	Dec 29, 2017	70.76	Sep 29, 2017	67.34	5.0787125	70.84	-0.11292267
391	FKMCX	Dec 29, 2017	38.23	Sep 29, 2017	36.37	5.114105	38.18	0.13095093
392	FEQIX	Dec 29, 2017	60.7	Sep 29, 2017	57.74	5.1264267	60.87	-0.27928162
393	EEM	Dec 29, 2017	47.12	Sep 29, 2017	44.81	5.155098	46.11	2.1904144
394	FEIKX	Dec 29, 2017	60.66	Sep 29, 2017	57.68	5.1664352	60.83	-0.27946472
395	FDSVX	Dec 29, 2017	32.56	Sep 29, 2017	30.96	5.167961	32.66	-0.30618286
396	JDSNX	Dec 29, 2017	22.97	Sep 29, 2017	21.84	5.173996	23.02	-0.21720886	*BT*
397	FGDKX	Dec 29, 2017	32.57	Sep 29, 2017	30.96	5.2002563	32.67	-0.3060913
398	FSDCX	Dec 29, 2017	36.0	Sep 29, 2017	34.2	5.263153	36.54	-1.4778366
399	VO	Dec 29, 2017	154.78	Sep 29, 2017	147.0	5.292511	154.56	0.14233398
400	PSCM	Dec 29, 2017	52.33	Sep 29, 2017	49.68	5.334137	52.11	0.42219543
401	VWO	Dec 29, 2017	45.91	Sep 29, 2017	43.57	5.3706665	45.06	1.8863678
402	PRFDX	Dec 29, 2017	33.34	Sep 29, 2017	31.63	5.4062576	33.44	-0.29903412
403	FWRLX	Dec 29, 2017	10.12	Sep 29, 2017	9.6	5.4166565	10.11	0.09892273	*P*
404	FSLCX	Dec 29, 2017	19.61	Sep 29, 2017	18.6	5.4301147	19.64	-0.15274048
405	FLSAX	Dec 29, 2017	43.37	Sep 29, 2017	41.11	5.497444	43.52	-0.34467316
406	RWX	Dec 29, 2017	40.49	Sep 29, 2017	38.38	5.497658	40.08	1.0229568
407	XLE	Dec 29, 2017	72.26	Sep 29, 2017	68.48	5.5198517	71.82	0.6126404
408	VEVRX	Dec 29, 2017	40.61	Sep 29, 2017	38.48	5.5353394	40.8	-0.46568298	*BT**P*
409	FISMX	Dec 29, 2017	29.9	Sep 29, 2017	28.33	5.5418243	29.5	1.3559341
410	VWNDX	Dec 29, 2017	23.42	Sep 29, 2017	22.19	5.54303	23.49	-0.29799652
411	SEQUX	Dec 29, 2017	169.56	Sep 29, 2017	160.64	5.5527954	170.47	-0.5338211
412	JATTX	Dec 29, 2017	28.51	Sep 29, 2017	27.01	5.5534973	28.64	-0.45391083
413	FSAEX	Dec 29, 2017	12.68	Sep 29, 2017	12.01	5.578682	12.72	-0.31446075
414	FSAMX	Dec 29, 2017	11.46	Sep 29, 2017	10.85	5.622116	11.4	0.5263214
415	VIMSX	Dec 29, 2017	42.23	Sep 29, 2017	39.98	5.6278076	42.2	0.07108307
416	FNCMX	Dec 29, 2017	90.63	Sep 29, 2017	85.8	5.629364	92.11	-1.606781	*P*
417	EPU	Dec 29, 2017	40.98	Sep 29, 2017	38.79	5.645775	39.5	3.7468338
418	FBCVX	Dec 29, 2017	19.6	Sep 29, 2017	18.55	5.6603775	19.68	-0.40650177
419	JHMM	Dec 29, 2017	34.11	Sep 29, 2017	32.28	5.6691513	34.31	-0.5829239
420	DODGX	Dec 29, 2017	203.61	Sep 29, 2017	192.56	5.738472	204.72	-0.5422058
421	RSP	Dec 29, 2017	101.03	Sep 29, 2017	95.54	5.7462845	100.97	0.059425354
422	FLVCX	Dec 29, 2017	33.46	Sep 29, 2017	31.64	5.752205	33.5	-0.119407654
423	FENY	Dec 29, 2017	20.05	Sep 29, 2017	18.95	5.804741	19.91	0.7031555
424	FLCKX	Dec 29, 2017	33.53	Sep 29, 2017	31.69	5.806244	33.57	-0.119155884
425	FGRTX	Dec 29, 2017	17.43	Sep 29, 2017	16.47	5.8287888	17.51	-0.45687866
426	FIVFX	Dec 29, 2017	21.06	Sep 29, 2017	19.89	5.8823547	20.85	1.0071869
427	MLAIX	Dec 29, 2017	9.71	Sep 29, 2017	9.17	5.888771	9.75	-0.41025543	*BT**P*
428	PEQKX	Dec 29, 2017	35.85	Sep 29, 2017	33.85	5.9084167	35.82	0.083747864	*BT*
429	FIDU	Dec 29, 2017	38.7	Sep 29, 2017	36.54	5.9113235	38.6	0.25907898
430	FDCAX	Dec 29, 2017	35.2	Sep 29, 2017	33.23	5.928383	35.23	-0.08515167
431	VWNFX	Dec 29, 2017	37.83	Sep 29, 2017	35.71	5.936722	37.93	-0.26363373
432	VUG	Dec 29, 2017	140.65	Sep 29, 2017	132.75	5.9510345	141.24	-0.41773987
433	FLCSX	Dec 29, 2017	33.46	Sep 29, 2017	31.58	5.9531326	33.55	-0.26825714
434	VTI	Dec 29, 2017	137.25	Sep 29, 2017	129.52	5.9681854	137.57	-0.23261261
435	PRF	Dec 29, 2017	113.58	Sep 29, 2017	107.15	6.0009384	113.73	-0.13189697
436	PRGFX	Dec 29, 2017	62.65	Sep 29, 2017	59.1	6.006775	63.05	-0.6344147
437	FOCPX	Dec 29, 2017	109.85	Sep 29, 2017	103.61	6.022583	111.1	-1.1251144
438	JHML	Dec 29, 2017	34.79	Sep 29, 2017	32.81	6.0347443	35.16	-1.05233
439	FSCHX	Dec 29, 2017	178.31	Sep 29, 2017	168.15	6.0422287	177.74	0.32068634
440	FGRIX	Dec 29, 2017	37.87	Sep 29, 2017	35.69	6.1081543	37.96	-0.23709106
441	VHCOX	Dec 29, 2017	66.5	Sep 29, 2017	62.67	6.1113815	67.05	-0.820282
442	VFIAX	Dec 29, 2017	246.82	Sep 29, 2017	232.57	6.1271896	248.93	-0.8476181	*P*
443	FGIKX	Dec 29, 2017	37.84	Sep 29, 2017	35.65	6.143059	37.92	-0.21096802
444	FWWFX	Dec 29, 2017	26.41	Sep 29, 2017	24.88	6.149521	26.37	0.15168
445	FAGKX	Dec 29, 2017	41.4	Sep 29, 2017	39.0	6.1538467	41.65	-0.6002426
446	FIREX	Dec 29, 2017	11.65	Sep 29, 2017	10.97	6.198715	11.42	2.0140076
447	SPY	Dec 29, 2017	266.86	Sep 29, 2017	251.23	6.22139	267.58	-0.26908112	*P*
448	VHDYX	Dec 29, 2017	33.89	Sep 29, 2017	31.9	6.238243	33.93	-0.117889404
449	FSPTX	Dec 29, 2017	178.74	Sep 29, 2017	168.24	6.241081	181.07	-1.2867966
450	PRGTX	Dec 29, 2017	16.83	Sep 29, 2017	15.84	6.25	17.04	-1.232399
451	ONEQ	Dec 29, 2017	271.12	Sep 29, 2017	255.17	6.25074	273.7	-0.9426422
452	FDEGX	Dec 29, 2017	41.12	Sep 29, 2017	38.7	6.253227	41.32	-0.48403168	*P*
453	FATIX	Dec 29, 2017	57.44	Sep 29, 2017	54.05	6.2719727	58.2	-1.3058472	*BT**P*
454	IVV	Dec 29, 2017	268.85	Sep 29, 2017	252.93	6.294235	269.53	-0.25228882
455	VOO	Dec 29, 2017	245.29	Sep 29, 2017	230.76	6.296585	247.06	-0.71642303	*P*
456	ASHR	Dec 29, 2017	31.03	Sep 29, 2017	29.19	6.303528	31.07	-0.1287384
457	VTSMX	Dec 29, 2017	66.7	Sep 29, 2017	62.74	6.3117523	66.92	-0.32875824
458	EEMV	Dec 29, 2017	60.76	Sep 29, 2017	57.15	6.3167114	59.72	1.7414551
459	VEIPX	Dec 29, 2017	37.19	Sep 29, 2017	34.98	6.3178864	37.16	0.08072662
460	FSTMX	Dec 29, 2017	76.37	Sep 29, 2017	71.83	6.3204803	76.63	-0.3392868
461	FFSMX	Dec 29, 2017	76.37	Sep 29, 2017	71.82	6.3352814	76.63	-0.3392868
462	VTSAX	Dec 29, 2017	66.72	Sep 29, 2017	62.74	6.3436356	66.94	-0.32865143
463	FSTVX	Dec 29, 2017	76.37	Sep 29, 2017	71.81	6.3500977	76.63	-0.3392868
464	FCPVX	Dec 29, 2017	20.32	Sep 29, 2017	19.1	6.387436	20.41	-0.44096375
465	FSRBX	Dec 29, 2017	35.37	Sep 29, 2017	33.24	6.4079285	35.93	-1.5585938
466	VDE	Dec 29, 2017	98.95	Sep 29, 2017	92.99	6.4092865	98.23	0.7329712
467	VOOG	Dec 29, 2017	136.96	Sep 29, 2017	128.71	6.409752	137.7	-0.5373993
468	FSCGX	Dec 29, 2017	43.99	Sep 29, 2017	41.33	6.4360046	43.92	0.15938568
469	EIERX	Dec 29, 2017	17.49	Sep 29, 2017	16.43	6.4516068	17.52	-0.17124176	*BT*
470	VIS	Dec 29, 2017	142.37	Sep 29, 2017	133.67	6.508568	142.01	0.2535019
471	VTV	Dec 29, 2017	106.32	Sep 29, 2017	99.82	6.5117264	106.45	-0.12211609
472	FSDAX	Dec 29, 2017	166.95	Sep 29, 2017	156.71	6.534363	166.6	0.21008301
473	XLB	Dec 29, 2017	60.53	Sep 29, 2017	56.8	6.56691	60.11	0.69872284	*P*
474	FDEKX	Dec 29, 2017	38.72	Sep 29, 2017	36.33	6.5785904	38.91	-0.48830414
475	FDEQX	Dec 29, 2017	38.79	Sep 29, 2017	36.39	6.595215	38.97	-0.46189117
476	FLVEX	Dec 29, 2017	13.2	Sep 29, 2017	12.38	6.623581	13.23	-0.22675323	*P*
477	FUSEX	Dec 29, 2017	93.44	Sep 29, 2017	87.63	6.6301575	93.79	-0.37316895
478	FUSVX	Dec 29, 2017	93.45	Sep 29, 2017	87.63	6.6415634	93.8	-0.37314606	*P*
479	FLPSX	Dec 29, 2017	54.52	Sep 29, 2017	51.12	6.651016	54.24	0.5162201
480	FLPKX	Dec 29, 2017	54.47	Sep 29, 2017	51.05	6.6993256	54.18	0.5352478
481	EEH	Dec 29, 2017	19.58	Sep 29, 2017	18.35	6.7029953	19.31	1.3982391
482	FZANX	Dec 29, 2017	32.07	Sep 29, 2017	30.05	6.72213	32.11	-0.124572754	*BT*
483	ANDVX	Dec 29, 2017	15.22	Sep 29, 2017	14.26	6.7321167	15.29	-0.45780945	*BT*
484	POGSX	Dec 29, 2017	65.86	Sep 29, 2017	61.7	6.742302	66.25	-0.58867645
485	HLIEX	Dec 29, 2017	17.4	Sep 29, 2017	16.3	6.748474	17.46	-0.34363556
486	FCNTX	Dec 29, 2017	122.47	Sep 29, 2017	114.7	6.7742004	123.09	-0.5036926	*P*
487	FCNKX	Dec 29, 2017	122.39	Sep 29, 2017	114.59	6.806877	123.01	-0.5040283	*P*
488	IBM	Dec 29, 2017	153.42	Sep 29, 2017	143.64	6.8086853	151.5	1.2673264
489	VAW	Dec 29, 2017	136.7	Sep 29, 2017	127.98	6.8135605	135.72	0.7220764
490	ROBO	Dec 29, 2017	41.32	Sep 29, 2017	38.68	6.8252335	41.25	0.169693
491	FFIDX	Dec 29, 2017	45.23	Sep 29, 2017	42.34	6.825699	45.47	-0.5278244
492	FSTSX	Dec 29, 2017	17.97	Sep 29, 2017	16.82	6.837097	17.71	1.4681015
493	FSCOX	Dec 29, 2017	19.34	Sep 29, 2017	18.1	6.85083	19.09	1.3095856
494	FMAGX	Dec 29, 2017	104.57	Sep 29, 2017	97.84	6.878578	105.07	-0.47586823
495	FFDKX	Dec 29, 2017	45.21	Sep 29, 2017	42.3	6.8794403	45.45	-0.5280533
496	MFVSX	Dec 29, 2017	16.93	Sep 29, 2017	15.84	6.8813095	16.94	-0.059036255
497	FTRNX	Dec 29, 2017	99.59	Sep 29, 2017	93.17	6.8906326	99.99	-0.40003967
498	FMGKX	Dec 29, 2017	104.41	Sep 29, 2017	97.67	6.9008026	104.91	-0.47660065
499	AGTHX	Dec 29, 2017	49.54	Sep 29, 2017	46.34	6.905487	49.63	-0.18134308
500	STCEX	Dec 29, 2017	10.31	Sep 29, 2017	9.64	6.9502106	10.38	-0.6743698
501	FSDPX	Dec 29, 2017	90.97	Sep 29, 2017	85.05	6.9606094	90.37	0.6639328
502	FSHCX	Dec 29, 2017	89.89	Sep 29, 2017	84.04	6.960968	90.19	-0.33263397
503	THD	Dec 29, 2017	92.5	Sep 29, 2017	86.45	6.998268	91.68	0.8944168
504	JHMF	Dec 29, 2017	36.76	Sep 29, 2017	34.35	7.016014	37.09	-0.88973236
505	FOHIX	Dec 29, 2017	17.36	Sep 29, 2017	16.22	7.028366	17.46	-0.572731
506	FEMSX	Dec 29, 2017	21.41	Sep 29, 2017	20.0	7.050003	21.03	1.8069382
507	QQQ	Dec 29, 2017	155.76	Sep 29, 2017	145.45	7.0883408	157.55	-1.1361542
508	JHMT	Dec 29, 2017	41.06	Sep 29, 2017	38.34	7.0944214	41.65	-1.416565
509	JHMI	Dec 29, 2017	35.09	Sep 29, 2017	32.76	7.112335	35.2	-0.3125
510	DGRO	Dec 29, 2017	34.78	Sep 29, 2017	32.47	7.114258	34.84	-0.17221832	*P*
511	FBGRX	Dec 29, 2017	87.76	Sep 29, 2017	81.91	7.141983	88.4	-0.72398376
512	LEXCX	Dec 29, 2017	37.75	Sep 29, 2017	35.19	7.2747955	38.15	-1.0485001
513	FNCL	Dec 29, 2017	40.77	Sep 29, 2017	37.97	7.374237	41.1	-0.8029175
514	JMIEX	Dec 29, 2017	29.99	Sep 29, 2017	27.93	7.375572	29.57	1.4203568	*BT*
515	JHME	Dec 29, 2017	29.66	Sep 29, 2017	27.6	7.463768	28.91	2.5942535
516	FSLEX	Dec 29, 2017	26.42	Sep 29, 2017	24.58	7.485756	26.38	0.15163422
517	EWJ	Dec 29, 2017	59.93	Sep 29, 2017	55.71	7.574936	59.73	0.3348465
518	FSRFX	Dec 29, 2017	104.28	Sep 29, 2017	96.9	7.616089	104.21	0.06717682
519	FDGKX	Dec 29, 2017	32.78	Sep 29, 2017	30.46	7.6165466	32.91	-0.39501953
520	FMEIX	Dec 29, 2017	15.65	Sep 29, 2017	14.54	7.634117	15.67	-0.12763977
521	VIG	Dec 29, 2017	102.03	Sep 29, 2017	94.79	7.637932	101.89	0.13739777
522	MVALX	Dec 29, 2017	41.96	Sep 29, 2017	38.98	7.644943	41.74	0.5270691
523	FEXPX	Dec 29, 2017	22.21	Sep 29, 2017	20.63	7.658745	22.3	-0.40358734
524	FEXKX	Dec 29, 2017	22.16	Sep 29, 2017	20.58	7.677353	22.25	-0.40449524
525	VFH	Dec 29, 2017	70.04	Sep 29, 2017	65.03	7.7041397	70.64	-0.84937286
526	FLCEX	Dec 29, 2017	14.66	Sep 29, 2017	13.61	7.7149124	14.74	-0.54273987
527	FFGCX	Dec 29, 2017	13.18	Sep 29, 2017	12.23	7.7677994	12.98	1.5408401
528	PYZ	Dec 29, 2017	70.66	Sep 29, 2017	65.54	7.812027	70.01	0.9284363
529	RFV	Dec 29, 2017	69.77	Sep 29, 2017	64.69	7.852829	70.01	-0.3428192
530	DBC	Dec 29, 2017	16.61	Sep 29, 2017	15.4	7.857147	16.13	2.97583
531	FSAIX	Dec 29, 2017	84.29	Sep 29, 2017	78.12	7.898102	84.42	-0.1539917	*P*
532	JHMS	Dec 29, 2017	27.73	Sep 29, 2017	25.7	7.898834	27.79	-0.21591187
533	XLF	Dec 29, 2017	27.91	Sep 29, 2017	25.86	7.9272995	28.13	-0.7820816
534	VICEX	Dec 29, 2017	32.31	Sep 29, 2017	29.93	7.951889	32.18	0.40397644
535	FSMVX	Dec 29, 2017	26.61	Sep 29, 2017	24.61	8.126785	26.55	0.22599792
536	FCYIX	Dec 29, 2017	36.79	Sep 29, 2017	34.01	8.174072	36.68	0.29989624
537	FTEC	Dec 29, 2017	49.97	Sep 29, 2017	46.16	8.253906	50.52	-1.0886765
538	FTQGX	Dec 29, 2017	22.65	Sep 29, 2017	20.9	8.373199	22.75	-0.43955994
539	FEMKX	Dec 29, 2017	32.75	Sep 29, 2017	30.21	8.407822	32.34	1.2677765	*P*
540	FSVLX	Dec 29, 2017	16.21	Sep 29, 2017	14.94	8.500671	16.25	-0.24616241
541	RTM	Dec 29, 2017	112.74	Sep 29, 2017	103.9	8.508179	111.39	1.2119522
542	XTN	Dec 29, 2017	65.14	Sep 29, 2017	60.03	8.512413	65.16	-0.030700684	*P*
543	FEMFX	Sep 06, 2017	20.73	Jun 07, 2017	19.09	8.590874	20.73	0.0
544	FBSOX	Dec 29, 2017	54.48	Sep 29, 2017	50.16	8.612442	54.54	-0.11001587
545	FXZ	Dec 29, 2017	43.84	Sep 29, 2017	40.35	8.6493225	43.61	0.5274048
546	VGT	Dec 29, 2017	164.73	Sep 29, 2017	151.59	8.668114	166.54	-1.0868225
547	FIDSX	Dec 29, 2017	114.22	Sep 29, 2017	105.06	8.718834	114.93	-0.61776733
548	FDCPX	Dec 29, 2017	88.87	Sep 29, 2017	81.73	8.736084	89.46	-0.65950775
549	JHMA	Dec 29, 2017	35.93	Sep 29, 2017	33.04	8.746971	35.77	0.44729614
550	JHMC	Dec 29, 2017	30.58	Sep 29, 2017	28.11	8.786903	30.78	-0.64977264
551	FLGEX	Dec 29, 2017	18.93	Sep 29, 2017	17.4	8.793106	19.05	-0.62991333
552	FJPNX	Dec 29, 2017	15.45	Sep 29, 2017	14.18	8.956276	15.43	0.12961578
553	BOTZ	Dec 29, 2017	23.7	Sep 29, 2017	21.75	8.965515	23.68	0.0844574	*P*
554	FSLBX	Dec 29, 2017	81.76	Sep 29, 2017	74.85	9.231804	82.04	-0.34129333	*P*
555	FJSCX	Dec 29, 2017	18.96	Sep 29, 2017	17.35	9.279526	18.83	0.69039154
556	FSCSX	Dec 29, 2017	165.7	Sep 29, 2017	151.61	9.293579	166.68	-0.58795166	*P*
557	SCHD	Dec 29, 2017	51.17	Sep 29, 2017	46.8	9.337601	51.11	0.117385864
558	FDLSX	Dec 29, 2017	166.01	Sep 29, 2017	151.15	9.831299	166.11	-0.060203552
559	FSENX	Dec 29, 2017	44.69	Sep 29, 2017	40.64	9.965553	43.99	1.5912628
560	FNARX	Dec 29, 2017	30.1	Sep 29, 2017	27.37	9.974419	29.58	1.7579422
561	FHKCX	Dec 29, 2017	35.98	Sep 29, 2017	32.71	9.996941	35.67	0.8690796	*P*
562	FPBFX	Dec 29, 2017	35.48	Sep 29, 2017	32.23	10.083771	35.08	1.1402512	*P*
563	FSEAX	Dec 29, 2017	45.04	Sep 29, 2017	40.83	10.311043	44.43	1.3729477	*P*
564	PKB	Dec 29, 2017	34.68	Sep 29, 2017	31.33	10.692635	34.55	0.3762741
565	FSHOX	Dec 29, 2017	64.87	Sep 29, 2017	58.57	10.756363	64.18	1.0751038
566	DIA	Dec 29, 2017	247.38	Sep 29, 2017	223.11	10.8780365	247.66	-0.11306
567	FSCPX	Dec 29, 2017	41.45	Sep 29, 2017	37.33	11.036697	41.58	-0.3126526
568	POAGX	Dec 29, 2017	44.33	Sep 29, 2017	39.9	11.10276	44.58	-0.560791
569	QQQX	Dec 29, 2017	24.21	Sep 29, 2017	21.79	11.106003	24.48	-1.1029434
570	XHB	Dec 29, 2017	44.26	Sep 29, 2017	39.82	11.150169	44.24	0.045204163
571	FSELX	Dec 29, 2017	111.73	Sep 29, 2017	100.34	11.351418	113.45	-1.5160828
572	DIAX	Dec 29, 2017	18.84	Sep 29, 2017	16.71	12.746872	18.61	1.2358932
573	FSRPX	Dec 29, 2017	133.17	Sep 29, 2017	117.72	13.124359	133.13	0.030044556
574	UGA	Dec 29, 2017	31.85	Sep 29, 2017	28.15	13.143875	31.21	2.0506287
575	FEMEX	Dec 29, 2017	10.35	Sep 29, 2017	9.14	13.23851	10.03	3.1904373
576	CSCO	Dec 29, 2017	38.3	Sep 29, 2017	33.34	14.877022	38.53	-0.59693146
577	USO	Dec 29, 2017	12.01	Sep 29, 2017	10.43	15.148605	11.64	3.1786957
578	ITB	Dec 29, 2017	43.72	Sep 29, 2017	36.54	19.649696	43.55	0.3903656	*P*
579	OIL	Dec 29, 2017	6.54	Sep 29, 2017	5.38	21.56134	6.27	4.306221	*P*
580	AIEQ	Dec 29, 2017	25.89	null	1.0	2489.0	26.12	-0.8805542
581	JHSC	Dec 29, 2017	26.11	null	1.0	2511.0	26.14	-0.11476135
